Hourly Dst obtained from minute resolution SYMH and corresponding simulation time
year mo dy hr dst_sm hours_sim dy_sim hr_sim mn_sim sc_sim
2011 08 05 04   -13.00     5.18 05 05 11 00
2011 08 05 05   -15.82     6.17 05 06 10 00
2011 08 05 06   -13.00     7.10 05 07 06 00
2011 08 05 07   -12.18     8.10 05 08 06 00
2011 08 05 08   -11.03     9.12 05 09 07 00
2011 08 05 09   -10.03    10.08 05 10 05 00
2011 08 05 10    -9.13    11.08 05 11 05 00
2011 08 05 11    -7.42    12.12 05 12 07 00
2011 08 05 12    -5.87    13.10 05 13 06 00
2011 08 05 13    -2.78    14.10 05 14 06 00
2011 08 05 14     0.63    15.12 05 15 07 00
2011 08 05 15     3.58    16.20 05 16 12 00
2011 08 05 16     4.67    17.20 05 17 12 00
2011 08 05 17     4.72    18.13 05 18 08 00
2011 08 05 18     7.48    19.00 05 19 00 00
2011 08 05 19    25.97    19.78 05 19 47 00
2011 08 05 20    29.87    20.82 05 20 49 00
2011 08 05 21    15.90    21.75 05 21 45 00
2011 08 05 22    -5.48    22.85 05 22 51 00
2011 08 05 23   -43.40    23.87 05 23 52 00
2011 08 06 00   -86.80    24.80 06 00 48 00
2011 08 06 01   -69.97    25.85 06 01 51 00
2011 08 06 02   -89.82    26.80 06 02 48 00
2011 08 06 03  -111.63    27.85 06 03 51 00
2011 08 06 04  -117.18    28.88 06 04 53 00
2011 08 06 05   -92.80    29.82 06 05 49 00
2011 08 06 06   -84.12    30.87 06 06 52 00
2011 08 06 07   -74.38    31.95 06 07 57 00
2011 08 06 08   -76.47    32.92 06 08 55 00
