Hourly Dst obtained from minute resolution SYMH and corresponding simulation time
year mo dy hr dst_sm hours_sim dy_sim hr_sim mn_sim sc_sim
2003 10 29 01   -44.73     1.76 29 01 45 45
2003 10 29 02   -45.03     2.76 29 02 45 41
2003 10 29 03   -33.85     3.79 29 03 47 39
2003 10 29 04   -32.02     4.70 29 04 41 47
2003 10 29 05   -35.97     5.71 29 05 42 38
2003 10 29 06   -39.48     6.32 29 06 19 11
2003 10 29 07     0.05     7.28 29 07 16 37
2003 10 29 08   -96.88     8.26 29 08 15 20
2003 10 29 09  -161.93     9.29 29 09 17 06
2003 10 29 10  -183.95    10.31 29 10 18 25
2003 10 29 11  -172.40    11.31 29 11 18 26
2003 10 29 12  -167.53    12.31 29 12 18 46
2003 10 29 13  -118.93    13.31 29 13 18 39
2003 10 29 14   -85.10    14.33 29 14 19 38
2003 10 29 15  -104.27    15.33 29 15 19 31
2003 10 29 16  -112.05    16.35 29 16 20 47
2003 10 29 17  -124.15    17.36 29 17 21 38
2003 10 29 18  -134.57    18.41 29 18 24 29
2003 10 29 19  -194.07    19.41 29 19 24 25
2003 10 29 20  -193.78    20.41 29 20 24 43
2003 10 29 21  -187.42    21.43 29 21 26 02
2003 10 29 22  -221.47    22.44 29 22 26 34
2003 10 29 23  -281.47    23.47 29 23 27 58
2003 10 30 00  -345.95    24.45 30 00 26 52
2003 10 30 01  -361.42    25.45 30 01 26 44
2003 10 30 02  -356.85    26.46 30 02 27 43
2003 10 30 03  -358.45    27.46 30 03 27 45
2003 10 30 04  -310.68    28.46 30 04 27 43
2003 10 30 05  -266.63    29.46 30 05 27 44
2003 10 30 06  -240.88    30.45 30 06 27 02
2003 10 30 07  -217.78    31.45 30 07 27 10
2003 10 30 08  -202.67    32.52 30 08 31 28
2003 10 30 09  -193.95    33.58 30 09 34 54
2003 10 30 10  -178.88    34.51 30 10 30 46
2003 10 30 11  -164.07    35.50 30 11 29 52
2003 10 30 12  -151.53    36.50 30 12 30 10
2003 10 30 13  -150.55    37.50 30 13 30 12
2003 10 30 14  -141.73    38.50 30 14 29 49
2003 10 30 15  -135.08    39.50 30 15 29 56
2003 10 30 16  -128.98    40.45 30 16 26 58
2003 10 30 17  -115.98    41.29 30 17 17 16
2003 10 30 18  -128.37    42.29 30 18 17 19
2003 10 30 19  -133.32    43.32 30 19 19 15
2003 10 30 20  -141.42    44.37 30 20 22 04
2003 10 30 21  -230.87    45.36 30 21 21 27
2003 10 30 22  -264.98    46.41 30 22 24 34
2003 10 30 23  -368.25    47.38 30 23 23 05
2003 10 31 00  -372.80    48.28 31 00 17 02
