Sym-H and AL obtained from OMNI 1 min data. Units in nT.
year mo dy hr mn sc msc dst_sm AL 
2006 12 14 12 00 00 000     -8.00   -215.00
2006 12 14 12 01 00 000     -9.00   -228.00
2006 12 14 12 02 00 000     -9.00   -203.00
2006 12 14 12 03 00 000     -9.00   -204.00
2006 12 14 12 04 00 000    -10.00   -207.00
2006 12 14 12 05 00 000     -9.00   -203.00
2006 12 14 12 06 00 000     -9.00   -187.00
2006 12 14 12 07 00 000     -9.00   -196.00
2006 12 14 12 08 00 000     -9.00   -187.00
2006 12 14 12 09 00 000     -9.00   -185.00
2006 12 14 12 10 00 000     -9.00   -191.00
2006 12 14 12 11 00 000    -10.00   -205.00
2006 12 14 12 12 00 000    -10.00   -196.00
2006 12 14 12 13 00 000    -10.00   -206.00
2006 12 14 12 14 00 000    -10.00   -228.00
2006 12 14 12 15 00 000    -10.00   -256.00
2006 12 14 12 16 00 000    -11.00   -268.00
2006 12 14 12 17 00 000    -10.00   -285.00
2006 12 14 12 18 00 000    -10.00   -291.00
2006 12 14 12 19 00 000    -10.00   -281.00
2006 12 14 12 20 00 000     -9.00   -298.00
2006 12 14 12 21 00 000     -9.00   -289.00
2006 12 14 12 22 00 000     -9.00   -284.00
2006 12 14 12 23 00 000     -9.00   -287.00
2006 12 14 12 24 00 000     -9.00   -264.00
2006 12 14 12 25 00 000     -9.00   -255.00
2006 12 14 12 26 00 000     -9.00   -255.00
2006 12 14 12 27 00 000     -9.00   -266.00
2006 12 14 12 28 00 000    -10.00   -260.00
2006 12 14 12 29 00 000     -9.00   -248.00
2006 12 14 12 30 00 000    -10.00   -247.00
2006 12 14 12 31 00 000    -10.00   -242.00
2006 12 14 12 32 00 000    -10.00   -221.00
2006 12 14 12 33 00 000     -9.00   -206.00
2006 12 14 12 34 00 000     -9.00   -206.00
2006 12 14 12 35 00 000    -10.00   -193.00
2006 12 14 12 36 00 000    -10.00   -176.00
2006 12 14 12 37 00 000    -10.00   -158.00
2006 12 14 12 38 00 000    -10.00   -141.00
2006 12 14 12 39 00 000     -9.00   -126.00
2006 12 14 12 40 00 000    -10.00   -117.00
2006 12 14 12 41 00 000    -10.00   -143.00
2006 12 14 12 42 00 000    -10.00   -133.00
2006 12 14 12 43 00 000    -10.00   -141.00
2006 12 14 12 44 00 000    -11.00   -115.00
2006 12 14 12 45 00 000    -11.00    -78.00
2006 12 14 12 46 00 000    -11.00    -60.00
2006 12 14 12 47 00 000    -11.00    -53.00
2006 12 14 12 48 00 000    -11.00    -68.00
2006 12 14 12 49 00 000    -11.00    -70.00
2006 12 14 12 50 00 000    -11.00    -66.00
2006 12 14 12 51 00 000    -11.00    -58.00
2006 12 14 12 52 00 000    -11.00    -53.00
2006 12 14 12 53 00 000    -11.00    -43.00
2006 12 14 12 54 00 000    -11.00    -32.00
2006 12 14 12 55 00 000    -11.00    -24.00
2006 12 14 12 56 00 000    -11.00    -25.00
2006 12 14 12 57 00 000    -11.00    -34.00
2006 12 14 12 58 00 000    -12.00    -64.00
2006 12 14 12 59 00 000    -11.00    -95.00
2006 12 14 13 00 00 000    -11.00    -68.00
2006 12 14 13 01 00 000    -11.00    -45.00
2006 12 14 13 02 00 000    -11.00    -47.00
2006 12 14 13 03 00 000    -11.00    -59.00
2006 12 14 13 04 00 000    -11.00    -75.00
2006 12 14 13 05 00 000    -11.00    -76.00
2006 12 14 13 06 00 000    -12.00    -81.00
2006 12 14 13 07 00 000    -12.00    -91.00
2006 12 14 13 08 00 000    -12.00   -116.00
2006 12 14 13 09 00 000    -12.00   -121.00
2006 12 14 13 10 00 000    -12.00   -129.00
2006 12 14 13 11 00 000    -12.00   -139.00
2006 12 14 13 12 00 000    -12.00   -136.00
2006 12 14 13 13 00 000    -12.00   -139.00
2006 12 14 13 14 00 000    -11.00   -128.00
2006 12 14 13 15 00 000    -12.00   -113.00
2006 12 14 13 16 00 000    -12.00   -113.00
2006 12 14 13 17 00 000    -13.00   -124.00
2006 12 14 13 18 00 000    -13.00   -133.00
2006 12 14 13 19 00 000    -12.00   -120.00
2006 12 14 13 20 00 000    -11.00   -131.00
2006 12 14 13 21 00 000    -11.00   -141.00
2006 12 14 13 22 00 000    -11.00   -149.00
2006 12 14 13 23 00 000    -11.00   -151.00
2006 12 14 13 24 00 000    -11.00   -163.00
2006 12 14 13 25 00 000    -11.00   -190.00
2006 12 14 13 26 00 000    -12.00   -202.00
2006 12 14 13 27 00 000    -12.00   -187.00
2006 12 14 13 28 00 000    -11.00   -158.00
2006 12 14 13 29 00 000    -11.00   -139.00
2006 12 14 13 30 00 000    -11.00   -131.00
2006 12 14 13 31 00 000    -10.00   -122.00
2006 12 14 13 32 00 000    -10.00   -119.00
2006 12 14 13 33 00 000    -10.00   -134.00
2006 12 14 13 34 00 000     -9.00   -159.00
2006 12 14 13 35 00 000     -9.00   -180.00
2006 12 14 13 36 00 000    -10.00   -203.00
2006 12 14 13 37 00 000    -10.00   -225.00
2006 12 14 13 38 00 000    -10.00   -246.00
2006 12 14 13 39 00 000    -10.00   -248.00
2006 12 14 13 40 00 000    -10.00   -249.00
2006 12 14 13 41 00 000    -10.00   -258.00
2006 12 14 13 42 00 000    -10.00   -268.00
2006 12 14 13 43 00 000    -10.00   -261.00
2006 12 14 13 44 00 000    -10.00   -249.00
2006 12 14 13 45 00 000    -11.00   -240.00
2006 12 14 13 46 00 000    -11.00   -235.00
2006 12 14 13 47 00 000    -11.00   -229.00
2006 12 14 13 48 00 000    -11.00   -231.00
2006 12 14 13 49 00 000    -12.00   -223.00
2006 12 14 13 50 00 000    -12.00   -214.00
2006 12 14 13 51 00 000    -12.00   -211.00
2006 12 14 13 52 00 000    -10.00   -209.00
2006 12 14 13 53 00 000    -11.00   -216.00
2006 12 14 13 54 00 000    -11.00   -236.00
2006 12 14 13 55 00 000    -11.00   -274.00
2006 12 14 13 56 00 000    -12.00   -284.00
2006 12 14 13 57 00 000    -12.00   -253.00
2006 12 14 13 58 00 000    -13.00   -222.00
2006 12 14 13 59 00 000    -12.00   -193.00
2006 12 14 14 00 00 000    -12.00   -182.00
2006 12 14 14 01 00 000    -11.00   -188.00
2006 12 14 14 02 00 000    -11.00   -209.00
2006 12 14 14 03 00 000    -11.00   -226.00
2006 12 14 14 04 00 000    -11.00   -222.00
2006 12 14 14 05 00 000    -11.00   -221.00
2006 12 14 14 06 00 000    -10.00   -208.00
2006 12 14 14 07 00 000    -10.00   -232.00
2006 12 14 14 08 00 000    -10.00   -243.00
2006 12 14 14 09 00 000    -10.00   -247.00
2006 12 14 14 10 00 000    -10.00   -253.00
2006 12 14 14 11 00 000    -12.00   -305.00
2006 12 14 14 12 00 000    -13.00   -339.00
2006 12 14 14 13 00 000    -14.00   -316.00
2006 12 14 14 14 00 000    -14.00   -274.00
2006 12 14 14 15 00 000     -1.00   -126.00
2006 12 14 14 16 00 000      5.00   -112.00
2006 12 14 14 17 00 000      9.00   -277.00
2006 12 14 14 18 00 000      6.00   -384.00
2006 12 14 14 19 00 000      7.00   -510.00
2006 12 14 14 20 00 000      8.00   -658.00
2006 12 14 14 21 00 000      2.00   -752.00
2006 12 14 14 22 00 000      4.00   -635.00
2006 12 14 14 23 00 000      6.00   -667.00
2006 12 14 14 24 00 000      9.00   -586.00
2006 12 14 14 25 00 000      8.00   -875.00
2006 12 14 14 26 00 000      9.00  -1265.00
2006 12 14 14 27 00 000      9.00  -1095.00
2006 12 14 14 28 00 000      6.00   -864.00
2006 12 14 14 29 00 000      8.00   -620.00
2006 12 14 14 30 00 000      6.00   -689.00
2006 12 14 14 31 00 000      7.00   -647.00
2006 12 14 14 32 00 000     12.00   -701.00
2006 12 14 14 33 00 000     14.00   -724.00
2006 12 14 14 34 00 000     15.00   -972.00
2006 12 14 14 35 00 000     17.00  -1173.00
2006 12 14 14 36 00 000     16.00  -1138.00
2006 12 14 14 37 00 000     15.00  -1224.00
2006 12 14 14 38 00 000     16.00  -1159.00
2006 12 14 14 39 00 000     15.00  -1177.00
2006 12 14 14 40 00 000     13.00  -1183.00
2006 12 14 14 41 00 000     13.00  -1109.00
2006 12 14 14 42 00 000     11.00  -1142.00
2006 12 14 14 43 00 000     10.00  -1107.00
2006 12 14 14 44 00 000      9.00  -1184.00
2006 12 14 14 45 00 000      5.00  -1421.00
2006 12 14 14 46 00 000      3.00  -1372.00
2006 12 14 14 47 00 000      4.00  -1379.00
2006 12 14 14 48 00 000      3.00  -1460.00
2006 12 14 14 49 00 000      2.00  -1467.00
2006 12 14 14 50 00 000      0.00  -1571.00
2006 12 14 14 51 00 000     -6.00  -1690.00
2006 12 14 14 52 00 000     -6.00  -1488.00
2006 12 14 14 53 00 000     -8.00  -1394.00
2006 12 14 14 54 00 000     -5.00  -1354.00
2006 12 14 14 55 00 000     -2.00  -1283.00
2006 12 14 14 56 00 000     -4.00  -1279.00
2006 12 14 14 57 00 000     -4.00  -1262.00
2006 12 14 14 58 00 000     -4.00  -1293.00
2006 12 14 14 59 00 000     -4.00  -1226.00
2006 12 14 15 00 00 000     -3.00  -1112.00
2006 12 14 15 01 00 000     -3.00  -1095.00
2006 12 14 15 02 00 000     -5.00  -1121.00
2006 12 14 15 03 00 000     -5.00  -1131.00
2006 12 14 15 04 00 000      0.00  -1037.00
2006 12 14 15 05 00 000      0.00   -992.00
2006 12 14 15 06 00 000      3.00  -1091.00
2006 12 14 15 07 00 000      1.00  -1013.00
2006 12 14 15 08 00 000      1.00  -1118.00
2006 12 14 15 09 00 000      2.00   -972.00
2006 12 14 15 10 00 000      1.00  -1063.00
2006 12 14 15 11 00 000     -1.00  -1059.00
2006 12 14 15 12 00 000      1.00  -1144.00
2006 12 14 15 13 00 000      6.00  -1213.00
2006 12 14 15 14 00 000      4.00  -1429.00
2006 12 14 15 15 00 000      5.00  -1448.00
2006 12 14 15 16 00 000      6.00  -1488.00
2006 12 14 15 17 00 000      1.00  -1372.00
2006 12 14 15 18 00 000      4.00  -1487.00
2006 12 14 15 19 00 000      3.00  -1265.00
2006 12 14 15 20 00 000      1.00  -1422.00
2006 12 14 15 21 00 000      4.00  -1398.00
2006 12 14 15 22 00 000      2.00  -1472.00
2006 12 14 15 23 00 000      2.00  -1632.00
2006 12 14 15 24 00 000      3.00  -1642.00
2006 12 14 15 25 00 000      2.00  -1607.00
2006 12 14 15 26 00 000      1.00  -1628.00
2006 12 14 15 27 00 000      5.00  -1447.00
2006 12 14 15 28 00 000      5.00  -1250.00
2006 12 14 15 29 00 000      3.00  -1328.00
2006 12 14 15 30 00 000      5.00  -1322.00
2006 12 14 15 31 00 000      7.00  -1217.00
2006 12 14 15 32 00 000      5.00  -1110.00
2006 12 14 15 33 00 000      5.00  -1187.00
2006 12 14 15 34 00 000      5.00  -1218.00
2006 12 14 15 35 00 000      3.00  -1308.00
2006 12 14 15 36 00 000      3.00  -1447.00
2006 12 14 15 37 00 000      2.00  -1551.00
2006 12 14 15 38 00 000      4.00  -1593.00
2006 12 14 15 39 00 000      4.00  -1446.00
2006 12 14 15 40 00 000      3.00  -1385.00
2006 12 14 15 41 00 000      3.00  -1348.00
2006 12 14 15 42 00 000      2.00  -1433.00
2006 12 14 15 43 00 000      3.00  -1457.00
2006 12 14 15 44 00 000      3.00  -1386.00
2006 12 14 15 45 00 000      2.00  -1343.00
2006 12 14 15 46 00 000      3.00  -1585.00
2006 12 14 15 47 00 000      1.00  -1632.00
2006 12 14 15 48 00 000      1.00  -1680.00
2006 12 14 15 49 00 000      1.00  -1732.00
2006 12 14 15 50 00 000      0.00  -1676.00
2006 12 14 15 51 00 000      1.00  -1562.00
2006 12 14 15 52 00 000      0.00  -1378.00
2006 12 14 15 53 00 000      0.00  -1238.00
2006 12 14 15 54 00 000     -1.00   -995.00
2006 12 14 15 55 00 000     -1.00   -781.00
2006 12 14 15 56 00 000      0.00   -668.00
2006 12 14 15 57 00 000     -2.00   -614.00
2006 12 14 15 58 00 000     -4.00   -578.00
2006 12 14 15 59 00 000     -4.00   -612.00
2006 12 14 16 00 00 000     -6.00   -594.00
2006 12 14 16 01 00 000     -6.00   -623.00
2006 12 14 16 02 00 000     -6.00   -615.00
2006 12 14 16 03 00 000     -6.00   -619.00
2006 12 14 16 04 00 000     -7.00   -580.00
2006 12 14 16 05 00 000     -6.00   -544.00
2006 12 14 16 06 00 000     -8.00   -566.00
2006 12 14 16 07 00 000    -10.00   -633.00
2006 12 14 16 08 00 000    -11.00   -682.00
2006 12 14 16 09 00 000    -13.00   -712.00
2006 12 14 16 10 00 000    -15.00   -751.00
2006 12 14 16 11 00 000    -15.00   -768.00
2006 12 14 16 12 00 000    -14.00   -797.00
2006 12 14 16 13 00 000    -14.00   -831.00
2006 12 14 16 14 00 000    -15.00   -981.00
2006 12 14 16 15 00 000    -18.00  -1173.00
2006 12 14 16 16 00 000    -18.00  -1268.00
2006 12 14 16 17 00 000    -16.00  -1182.00
2006 12 14 16 18 00 000    -15.00  -1078.00
2006 12 14 16 19 00 000    -14.00   -907.00
2006 12 14 16 20 00 000    -14.00   -784.00
2006 12 14 16 21 00 000    -12.00   -607.00
2006 12 14 16 22 00 000    -12.00   -489.00
2006 12 14 16 23 00 000    -13.00   -520.00
2006 12 14 16 24 00 000    -10.00   -410.00
2006 12 14 16 25 00 000    -10.00   -444.00
2006 12 14 16 26 00 000    -10.00   -380.00
2006 12 14 16 27 00 000    -10.00   -410.00
2006 12 14 16 28 00 000     -9.00   -388.00
2006 12 14 16 29 00 000    -10.00   -354.00
2006 12 14 16 30 00 000     -9.00   -300.00
2006 12 14 16 31 00 000     -9.00   -412.00
2006 12 14 16 32 00 000    -12.00   -466.00
2006 12 14 16 33 00 000    -14.00   -471.00
2006 12 14 16 34 00 000    -15.00   -655.00
2006 12 14 16 35 00 000    -18.00   -784.00
2006 12 14 16 36 00 000    -20.00   -844.00
2006 12 14 16 37 00 000    -22.00   -889.00
2006 12 14 16 38 00 000    -23.00   -912.00
2006 12 14 16 39 00 000    -24.00   -898.00
2006 12 14 16 40 00 000    -23.00   -779.00
2006 12 14 16 41 00 000    -22.00   -731.00
2006 12 14 16 42 00 000    -21.00   -683.00
2006 12 14 16 43 00 000    -21.00   -689.00
2006 12 14 16 44 00 000    -20.00   -645.00
2006 12 14 16 45 00 000    -19.00   -648.00
2006 12 14 16 46 00 000    -19.00   -693.00
2006 12 14 16 47 00 000    -18.00   -688.00
2006 12 14 16 48 00 000    -18.00   -674.00
2006 12 14 16 49 00 000    -17.00   -665.00
2006 12 14 16 50 00 000    -14.00   -634.00
2006 12 14 16 51 00 000    -14.00   -644.00
2006 12 14 16 52 00 000    -12.00   -615.00
2006 12 14 16 53 00 000    -10.00   -545.00
2006 12 14 16 54 00 000    -11.00   -547.00
2006 12 14 16 55 00 000    -10.00   -560.00
2006 12 14 16 56 00 000     -9.00   -558.00
2006 12 14 16 57 00 000    -11.00   -558.00
2006 12 14 16 58 00 000    -11.00   -560.00
2006 12 14 16 59 00 000    -11.00   -551.00
2006 12 14 17 00 00 000    -11.00   -546.00
2006 12 14 17 01 00 000    -11.00   -553.00
2006 12 14 17 02 00 000    -12.00   -551.00
2006 12 14 17 03 00 000    -11.00   -567.00
2006 12 14 17 04 00 000    -13.00   -625.00
2006 12 14 17 05 00 000    -12.00   -684.00
2006 12 14 17 06 00 000    -11.00   -749.00
2006 12 14 17 07 00 000    -11.00   -794.00
2006 12 14 17 08 00 000    -11.00   -808.00
2006 12 14 17 09 00 000     -8.00   -799.00
2006 12 14 17 10 00 000     -9.00   -805.00
2006 12 14 17 11 00 000     -9.00   -830.00
2006 12 14 17 12 00 000     -8.00   -820.00
2006 12 14 17 13 00 000     -8.00   -724.00
2006 12 14 17 14 00 000     -7.00   -686.00
2006 12 14 17 15 00 000     -8.00   -646.00
2006 12 14 17 16 00 000     -7.00   -615.00
2006 12 14 17 17 00 000     -8.00   -641.00
2006 12 14 17 18 00 000     -7.00   -702.00
2006 12 14 17 19 00 000     -6.00   -681.00
2006 12 14 17 20 00 000     -6.00   -646.00
2006 12 14 17 21 00 000     -5.00   -653.00
2006 12 14 17 22 00 000     -7.00   -781.00
2006 12 14 17 23 00 000     -1.00   -768.00
2006 12 14 17 24 00 000     -4.00   -711.00
2006 12 14 17 25 00 000     -6.00   -662.00
2006 12 14 17 26 00 000     -8.00   -710.00
2006 12 14 17 27 00 000     -9.00   -825.00
2006 12 14 17 28 00 000     -6.00   -751.00
2006 12 14 17 29 00 000     -9.00  -1019.00
2006 12 14 17 30 00 000    -14.00  -1215.00
2006 12 14 17 31 00 000    -14.00  -1245.00
2006 12 14 17 32 00 000    -16.00  -1276.00
2006 12 14 17 33 00 000    -18.00  -1456.00
2006 12 14 17 34 00 000    -20.00  -1450.00
2006 12 14 17 35 00 000    -20.00  -1427.00
2006 12 14 17 36 00 000    -21.00  -1363.00
2006 12 14 17 37 00 000    -22.00  -1453.00
2006 12 14 17 38 00 000    -21.00  -1489.00
2006 12 14 17 39 00 000    -21.00  -1507.00
2006 12 14 17 40 00 000    -19.00  -1329.00
2006 12 14 17 41 00 000    -18.00  -1168.00
2006 12 14 17 42 00 000    -16.00  -1210.00
2006 12 14 17 43 00 000    -14.00  -1227.00
2006 12 14 17 44 00 000    -14.00  -1060.00
2006 12 14 17 45 00 000    -14.00   -864.00
2006 12 14 17 46 00 000    -13.00   -780.00
2006 12 14 17 47 00 000    -12.00   -827.00
2006 12 14 17 48 00 000    -11.00   -872.00
2006 12 14 17 49 00 000    -12.00   -800.00
2006 12 14 17 50 00 000    -14.00   -752.00
2006 12 14 17 51 00 000    -10.00   -625.00
2006 12 14 17 52 00 000    -13.00   -632.00
2006 12 14 17 53 00 000    -14.00   -698.00
2006 12 14 17 54 00 000    -15.00   -767.00
2006 12 14 17 55 00 000    -18.00  -1031.00
2006 12 14 17 56 00 000    -20.00  -1029.00
2006 12 14 17 57 00 000    -21.00  -1088.00
2006 12 14 17 58 00 000    -22.00   -942.00
2006 12 14 17 59 00 000    -24.00  -1020.00
2006 12 14 18 00 00 000    -24.00  -1247.00
2006 12 14 18 01 00 000    -24.00  -1348.00
2006 12 14 18 02 00 000    -24.00  -1555.00
2006 12 14 18 03 00 000    -26.00  -1513.00
2006 12 14 18 04 00 000    -28.00  -1477.00
2006 12 14 18 05 00 000    -25.00  -1418.00
2006 12 14 18 06 00 000    -21.00  -1126.00
2006 12 14 18 07 00 000    -19.00   -924.00
2006 12 14 18 08 00 000    -23.00   -796.00
2006 12 14 18 09 00 000    -20.00   -943.00
2006 12 14 18 10 00 000    -19.00   -827.00
2006 12 14 18 11 00 000    -22.00   -835.00
2006 12 14 18 12 00 000    -22.00   -819.00
2006 12 14 18 13 00 000    -24.00   -844.00
2006 12 14 18 14 00 000    -22.00   -878.00
2006 12 14 18 15 00 000    -24.00   -879.00
2006 12 14 18 16 00 000    -23.00   -858.00
2006 12 14 18 17 00 000    -21.00   -864.00
2006 12 14 18 18 00 000    -21.00   -836.00
2006 12 14 18 19 00 000    -21.00   -791.00
2006 12 14 18 20 00 000    -21.00   -745.00
2006 12 14 18 21 00 000    -20.00   -718.00
2006 12 14 18 22 00 000    -22.00   -679.00
2006 12 14 18 23 00 000    -21.00   -664.00
2006 12 14 18 24 00 000    -22.00   -675.00
2006 12 14 18 25 00 000    -22.00   -659.00
2006 12 14 18 26 00 000    -21.00   -661.00
2006 12 14 18 27 00 000    -18.00   -621.00
2006 12 14 18 28 00 000    -20.00   -564.00
2006 12 14 18 29 00 000    -21.00   -536.00
2006 12 14 18 30 00 000    -18.00   -524.00
2006 12 14 18 31 00 000    -19.00   -525.00
2006 12 14 18 32 00 000    -21.00   -488.00
2006 12 14 18 33 00 000    -18.00   -493.00
2006 12 14 18 34 00 000    -20.00   -484.00
2006 12 14 18 35 00 000    -22.00   -415.00
2006 12 14 18 36 00 000    -17.00   -444.00
2006 12 14 18 37 00 000    -18.00   -432.00
2006 12 14 18 38 00 000    -19.00   -390.00
2006 12 14 18 39 00 000    -20.00   -347.00
2006 12 14 18 40 00 000    -19.00   -415.00
2006 12 14 18 41 00 000    -17.00   -435.00
2006 12 14 18 42 00 000    -17.00   -406.00
2006 12 14 18 43 00 000    -16.00   -391.00
2006 12 14 18 44 00 000    -16.00   -354.00
2006 12 14 18 45 00 000    -16.00   -370.00
2006 12 14 18 46 00 000    -17.00   -354.00
2006 12 14 18 47 00 000    -18.00   -317.00
2006 12 14 18 48 00 000    -16.00   -321.00
2006 12 14 18 49 00 000    -16.00   -280.00
2006 12 14 18 50 00 000    -20.00   -247.00
2006 12 14 18 51 00 000    -20.00   -221.00
2006 12 14 18 52 00 000    -19.00   -310.00
2006 12 14 18 53 00 000    -20.00   -295.00
2006 12 14 18 54 00 000    -18.00   -299.00
2006 12 14 18 55 00 000    -20.00   -316.00
2006 12 14 18 56 00 000    -18.00   -319.00
2006 12 14 18 57 00 000    -17.00   -303.00
2006 12 14 18 58 00 000    -17.00   -289.00
2006 12 14 18 59 00 000    -16.00   -282.00
2006 12 14 19 00 00 000    -19.00   -245.00
2006 12 14 19 01 00 000    -22.00   -192.00
2006 12 14 19 02 00 000    -15.00   -185.00
2006 12 14 19 03 00 000    -12.00   -135.00
2006 12 14 19 04 00 000    -16.00   -122.00
2006 12 14 19 05 00 000    -17.00   -128.00
2006 12 14 19 06 00 000    -17.00   -173.00
2006 12 14 19 07 00 000    -15.00   -139.00
2006 12 14 19 08 00 000    -16.00   -132.00
2006 12 14 19 09 00 000    -17.00   -140.00
2006 12 14 19 10 00 000    -15.00   -139.00
2006 12 14 19 11 00 000    -12.00   -131.00
2006 12 14 19 12 00 000    -14.00   -137.00
2006 12 14 19 13 00 000    -14.00   -131.00
2006 12 14 19 14 00 000    -13.00   -122.00
2006 12 14 19 15 00 000    -11.00   -132.00
2006 12 14 19 16 00 000    -13.00   -147.00
2006 12 14 19 17 00 000    -13.00   -153.00
2006 12 14 19 18 00 000    -13.00   -129.00
2006 12 14 19 19 00 000     -8.00   -123.00
2006 12 14 19 20 00 000    -15.00   -137.00
2006 12 14 19 21 00 000    -11.00   -113.00
2006 12 14 19 22 00 000    -12.00   -168.00
2006 12 14 19 23 00 000    -11.00   -262.00
2006 12 14 19 24 00 000    -11.00   -201.00
2006 12 14 19 25 00 000    -11.00   -239.00
2006 12 14 19 26 00 000     -8.00   -155.00
2006 12 14 19 27 00 000    -11.00   -150.00
2006 12 14 19 28 00 000    -10.00   -157.00
2006 12 14 19 29 00 000    -11.00   -102.00
2006 12 14 19 30 00 000    -13.00    -83.00
2006 12 14 19 31 00 000    -13.00   -108.00
2006 12 14 19 32 00 000    -14.00   -104.00
2006 12 14 19 33 00 000    -14.00    -39.00
2006 12 14 19 34 00 000    -11.00    -32.00
2006 12 14 19 35 00 000    -12.00    -59.00
2006 12 14 19 36 00 000    -10.00   -131.00
2006 12 14 19 37 00 000     -9.00   -166.00
2006 12 14 19 38 00 000     -9.00   -180.00
2006 12 14 19 39 00 000     -8.00   -205.00
2006 12 14 19 40 00 000     -8.00   -224.00
2006 12 14 19 41 00 000     -7.00   -221.00
2006 12 14 19 42 00 000      1.00   -217.00
2006 12 14 19 43 00 000     -3.00   -258.00
2006 12 14 19 44 00 000     -1.00   -275.00
2006 12 14 19 45 00 000      0.00   -220.00
2006 12 14 19 46 00 000     -1.00   -174.00
2006 12 14 19 47 00 000     -2.00   -159.00
2006 12 14 19 48 00 000      1.00   -168.00
2006 12 14 19 49 00 000     -2.00   -199.00
2006 12 14 19 50 00 000     -1.00   -195.00
2006 12 14 19 51 00 000     -4.00   -211.00
2006 12 14 19 52 00 000     -3.00   -157.00
2006 12 14 19 53 00 000      0.00   -122.00
2006 12 14 19 54 00 000     -2.00   -147.00
2006 12 14 19 55 00 000     -5.00   -206.00
2006 12 14 19 56 00 000     -3.00   -209.00
2006 12 14 19 57 00 000     -1.00   -197.00
2006 12 14 19 58 00 000     -5.00   -180.00
2006 12 14 19 59 00 000     -6.00   -167.00
2006 12 14 20 00 00 000     -3.00   -242.00
2006 12 14 20 01 00 000     -5.00   -234.00
2006 12 14 20 02 00 000     -5.00   -175.00
2006 12 14 20 03 00 000     -4.00   -200.00
2006 12 14 20 04 00 000     -1.00   -168.00
2006 12 14 20 05 00 000      2.00   -188.00
2006 12 14 20 06 00 000     -4.00   -225.00
2006 12 14 20 07 00 000     -1.00   -159.00
2006 12 14 20 08 00 000     -2.00   -150.00
2006 12 14 20 09 00 000     -2.00   -184.00
2006 12 14 20 10 00 000     -3.00   -219.00
2006 12 14 20 11 00 000     -5.00   -248.00
2006 12 14 20 12 00 000     -4.00   -237.00
2006 12 14 20 13 00 000     -5.00   -236.00
2006 12 14 20 14 00 000     -5.00   -216.00
2006 12 14 20 15 00 000     -4.00   -189.00
2006 12 14 20 16 00 000     -6.00   -169.00
2006 12 14 20 17 00 000     -5.00   -131.00
2006 12 14 20 18 00 000     -6.00   -156.00
2006 12 14 20 19 00 000    -12.00   -181.00
2006 12 14 20 20 00 000     -6.00   -263.00
2006 12 14 20 21 00 000      3.00   -239.00
2006 12 14 20 22 00 000     -3.00   -278.00
2006 12 14 20 23 00 000     -2.00   -282.00
2006 12 14 20 24 00 000     -1.00   -261.00
2006 12 14 20 25 00 000     -4.00   -134.00
2006 12 14 20 26 00 000     -6.00   -109.00
2006 12 14 20 27 00 000     -1.00    -95.00
2006 12 14 20 28 00 000      3.00    -75.00
2006 12 14 20 29 00 000      0.00    -65.00
2006 12 14 20 30 00 000      4.00    -67.00
2006 12 14 20 31 00 000      7.00    -62.00
2006 12 14 20 32 00 000      6.00    -70.00
2006 12 14 20 33 00 000      0.00   -104.00
2006 12 14 20 34 00 000     -1.00   -105.00
2006 12 14 20 35 00 000      0.00   -119.00
2006 12 14 20 36 00 000     -2.00   -102.00
2006 12 14 20 37 00 000      3.00    -40.00
2006 12 14 20 38 00 000      8.00    -52.00
2006 12 14 20 39 00 000      3.00    -91.00
2006 12 14 20 40 00 000      2.00    -92.00
2006 12 14 20 41 00 000     10.00    -39.00
2006 12 14 20 42 00 000      8.00    -37.00
2006 12 14 20 43 00 000     12.00    -61.00
2006 12 14 20 44 00 000     11.00    -56.00
2006 12 14 20 45 00 000     -1.00   -100.00
2006 12 14 20 46 00 000     -1.00   -113.00
2006 12 14 20 47 00 000      5.00    -68.00
2006 12 14 20 48 00 000     -1.00    -75.00
2006 12 14 20 49 00 000     -5.00    -99.00
2006 12 14 20 50 00 000     -2.00    -74.00
2006 12 14 20 51 00 000     -4.00    -40.00
2006 12 14 20 52 00 000     -4.00    -73.00
2006 12 14 20 53 00 000     -1.00    -56.00
2006 12 14 20 54 00 000     -4.00    -49.00
2006 12 14 20 55 00 000     -4.00    -53.00
2006 12 14 20 56 00 000     -4.00    -63.00
2006 12 14 20 57 00 000     -4.00    -68.00
2006 12 14 20 58 00 000     -3.00    -49.00
2006 12 14 20 59 00 000     -7.00    -62.00
2006 12 14 21 00 00 000     -6.00    -78.00
2006 12 14 21 01 00 000      3.00    -54.00
2006 12 14 21 02 00 000     -1.00    -80.00
2006 12 14 21 03 00 000     -2.00   -113.00
2006 12 14 21 04 00 000     -4.00   -113.00
2006 12 14 21 05 00 000     -3.00    -86.00
2006 12 14 21 06 00 000     -3.00    -57.00
2006 12 14 21 07 00 000      0.00    -61.00
2006 12 14 21 08 00 000      7.00    -82.00
2006 12 14 21 09 00 000     13.00   -133.00
2006 12 14 21 10 00 000     15.00   -153.00
2006 12 14 21 11 00 000     12.00   -142.00
2006 12 14 21 12 00 000     10.00   -127.00
2006 12 14 21 13 00 000     11.00    -85.00
2006 12 14 21 14 00 000     10.00    -43.00
2006 12 14 21 15 00 000     13.00    -31.00
2006 12 14 21 16 00 000     10.00    -32.00
2006 12 14 21 17 00 000      8.00    -38.00
2006 12 14 21 18 00 000     10.00    -43.00
2006 12 14 21 19 00 000      9.00    -64.00
2006 12 14 21 20 00 000      5.00    -69.00
2006 12 14 21 21 00 000     13.00    -72.00
2006 12 14 21 22 00 000      9.00    -97.00
2006 12 14 21 23 00 000      6.00   -112.00
2006 12 14 21 24 00 000     -1.00    -95.00
2006 12 14 21 25 00 000     11.00   -176.00
2006 12 14 21 26 00 000      3.00    -89.00
2006 12 14 21 27 00 000     -7.00    -68.00
2006 12 14 21 28 00 000     10.00    -94.00
2006 12 14 21 29 00 000     19.00    -72.00
2006 12 14 21 30 00 000     12.00   -107.00
2006 12 14 21 31 00 000     17.00    -68.00
2006 12 14 21 32 00 000     17.00   -102.00
2006 12 14 21 33 00 000     15.00   -128.00
2006 12 14 21 34 00 000     11.00   -159.00
2006 12 14 21 35 00 000     17.00   -134.00
2006 12 14 21 36 00 000     13.00   -114.00
2006 12 14 21 37 00 000      9.00   -194.00
2006 12 14 21 38 00 000      8.00   -167.00
2006 12 14 21 39 00 000      8.00    -45.00
2006 12 14 21 40 00 000      3.00    -89.00
2006 12 14 21 41 00 000     10.00    -36.00
2006 12 14 21 42 00 000      8.00      2.00
2006 12 14 21 43 00 000      5.00    -88.00
2006 12 14 21 44 00 000      1.00   -117.00
2006 12 14 21 45 00 000      5.00    -55.00
2006 12 14 21 46 00 000      1.00    -23.00
2006 12 14 21 47 00 000      1.00    -57.00
2006 12 14 21 48 00 000      0.00   -155.00
2006 12 14 21 49 00 000     -3.00    -91.00
2006 12 14 21 50 00 000     -1.00   -137.00
2006 12 14 21 51 00 000     -2.00   -228.00
2006 12 14 21 52 00 000     -4.00   -133.00
2006 12 14 21 53 00 000     -7.00   -218.00
2006 12 14 21 54 00 000     -6.00   -100.00
2006 12 14 21 55 00 000     -2.00   -259.00
2006 12 14 21 56 00 000     -7.00   -394.00
2006 12 14 21 57 00 000     -1.00   -158.00
2006 12 14 21 58 00 000     -4.00   -320.00
2006 12 14 21 59 00 000     -7.00   -434.00
2006 12 14 22 00 00 000     -8.00   -519.00
2006 12 14 22 01 00 000     -9.00   -622.00
2006 12 14 22 02 00 000     -2.00   -423.00
2006 12 14 22 03 00 000     -5.00   -522.00
2006 12 14 22 04 00 000     -2.00   -575.00
2006 12 14 22 05 00 000     -1.00   -737.00
2006 12 14 22 06 00 000      2.00   -506.00
2006 12 14 22 07 00 000     -1.00   -753.00
2006 12 14 22 08 00 000      1.00   -774.00
2006 12 14 22 09 00 000      3.00   -581.00
2006 12 14 22 10 00 000      0.00   -489.00
2006 12 14 22 11 00 000      0.00   -538.00
2006 12 14 22 12 00 000      0.00   -403.00
2006 12 14 22 13 00 000     -2.00   -271.00
2006 12 14 22 14 00 000     -1.00   -267.00
2006 12 14 22 15 00 000     -2.00   -260.00
2006 12 14 22 16 00 000     -4.00   -229.00
2006 12 14 22 17 00 000     -5.00   -236.00
2006 12 14 22 18 00 000     -3.00   -201.00
2006 12 14 22 19 00 000      1.00   -241.00
2006 12 14 22 20 00 000      3.00   -227.00
2006 12 14 22 21 00 000      1.00   -251.00
2006 12 14 22 22 00 000      5.00   -265.00
2006 12 14 22 23 00 000      4.00   -219.00
2006 12 14 22 24 00 000     -5.00   -300.00
2006 12 14 22 25 00 000     -1.00   -299.00
2006 12 14 22 26 00 000     -5.00   -337.00
2006 12 14 22 27 00 000      1.00   -316.00
2006 12 14 22 28 00 000     11.00   -445.00
2006 12 14 22 29 00 000      5.00   -585.00
2006 12 14 22 30 00 000      4.00   -561.00
2006 12 14 22 31 00 000      9.00   -667.00
2006 12 14 22 32 00 000      5.00   -715.00
2006 12 14 22 33 00 000      5.00   -690.00
2006 12 14 22 34 00 000      4.00   -610.00
2006 12 14 22 35 00 000      1.00   -618.00
2006 12 14 22 36 00 000      0.00   -726.00
2006 12 14 22 37 00 000     -1.00   -708.00
2006 12 14 22 38 00 000     -1.00   -656.00
2006 12 14 22 39 00 000     -2.00   -661.00
2006 12 14 22 40 00 000     -8.00   -714.00
2006 12 14 22 41 00 000    -21.00   -736.00
2006 12 14 22 42 00 000    -17.00   -593.00
2006 12 14 22 43 00 000    -47.00   -548.00
2006 12 14 22 44 00 000    -53.00   -549.00
2006 12 14 22 45 00 000    -58.00   -511.00
2006 12 14 22 46 00 000    -58.00   -486.00
2006 12 14 22 47 00 000    -57.00   -440.00
2006 12 14 22 48 00 000    -50.00   -389.00
2006 12 14 22 49 00 000    -66.00   -453.00
2006 12 14 22 50 00 000    -69.00   -451.00
2006 12 14 22 51 00 000    -69.00   -381.00
2006 12 14 22 52 00 000    -68.00   -328.00
2006 12 14 22 53 00 000    -65.00   -275.00
2006 12 14 22 54 00 000    -62.00   -257.00
2006 12 14 22 55 00 000    -59.00   -243.00
2006 12 14 22 56 00 000    -52.00   -231.00
2006 12 14 22 57 00 000    -54.00   -232.00
2006 12 14 22 58 00 000    -42.00   -210.00
2006 12 14 22 59 00 000    -36.00   -266.00
2006 12 14 23 00 00 000    -31.00   -307.00
2006 12 14 23 01 00 000    -31.00   -332.00
2006 12 14 23 02 00 000    -34.00   -329.00
2006 12 14 23 03 00 000    -31.00   -292.00
2006 12 14 23 04 00 000    -29.00   -327.00
2006 12 14 23 05 00 000    -31.00   -334.00
2006 12 14 23 06 00 000    -30.00   -396.00
2006 12 14 23 07 00 000    -29.00   -520.00
2006 12 14 23 08 00 000    -29.00   -560.00
2006 12 14 23 09 00 000    -32.00   -590.00
2006 12 14 23 10 00 000    -35.00   -573.00
2006 12 14 23 11 00 000    -36.00   -518.00
2006 12 14 23 12 00 000    -38.00   -549.00
2006 12 14 23 13 00 000    -42.00   -600.00
2006 12 14 23 14 00 000    -40.00   -632.00
2006 12 14 23 15 00 000    -38.00   -633.00
2006 12 14 23 16 00 000    -34.00   -642.00
2006 12 14 23 17 00 000    -37.00   -623.00
2006 12 14 23 18 00 000    -38.00   -598.00
2006 12 14 23 19 00 000    -39.00   -543.00
2006 12 14 23 20 00 000    -41.00   -746.00
2006 12 14 23 21 00 000    -43.00   -940.00
2006 12 14 23 22 00 000    -47.00   -963.00
2006 12 14 23 23 00 000    -55.00   -885.00
2006 12 14 23 24 00 000    -55.00   -994.00
2006 12 14 23 25 00 000    -58.00  -1201.00
2006 12 14 23 26 00 000    -62.00  -1216.00
2006 12 14 23 27 00 000    -67.00  -1206.00
2006 12 14 23 28 00 000    -71.00  -1217.00
2006 12 14 23 29 00 000    -76.00  -1168.00
2006 12 14 23 30 00 000    -78.00  -1197.00
2006 12 14 23 31 00 000    -83.00  -1294.00
2006 12 14 23 32 00 000    -90.00  -1315.00
2006 12 14 23 33 00 000    -89.00  -1321.00
2006 12 14 23 34 00 000    -94.00  -1340.00
2006 12 14 23 35 00 000   -101.00  -1278.00
2006 12 14 23 36 00 000   -104.00  -1387.00
2006 12 14 23 37 00 000   -107.00  -1295.00
2006 12 14 23 38 00 000   -109.00  -1125.00
2006 12 14 23 39 00 000   -112.00  -1079.00
2006 12 14 23 40 00 000   -113.00   -998.00
2006 12 14 23 41 00 000   -114.00  -1000.00
2006 12 14 23 42 00 000   -117.00   -956.00
2006 12 14 23 43 00 000   -120.00   -821.00
2006 12 14 23 44 00 000   -121.00   -684.00
2006 12 14 23 45 00 000   -126.00   -652.00
2006 12 14 23 46 00 000   -126.00   -690.00
2006 12 14 23 47 00 000   -127.00   -646.00
2006 12 14 23 48 00 000   -129.00   -644.00
2006 12 14 23 49 00 000   -130.00   -698.00
2006 12 14 23 50 00 000   -132.00   -847.00
2006 12 14 23 51 00 000   -135.00   -971.00
2006 12 14 23 52 00 000   -138.00  -1042.00
2006 12 14 23 53 00 000   -141.00  -1038.00
2006 12 14 23 54 00 000   -142.00  -1018.00
2006 12 14 23 55 00 000   -147.00  -1137.00
2006 12 14 23 56 00 000   -155.00  -1238.00
2006 12 14 23 57 00 000   -165.00  -1217.00
2006 12 14 23 58 00 000   -169.00  -1168.00
2006 12 14 23 59 00 000   -170.00  -1085.00
2006 12 15 00 00 00 000   -172.00   -989.00
2006 12 15 00 01 00 000   -173.00  -1185.00
2006 12 15 00 02 00 000   -173.00  -1339.00
2006 12 15 00 03 00 000   -172.00  -1180.00
2006 12 15 00 04 00 000   -172.00  -1155.00
2006 12 15 00 05 00 000   -174.00  -1167.00
2006 12 15 00 06 00 000   -176.00  -1245.00
2006 12 15 00 07 00 000   -176.00  -1239.00
2006 12 15 00 08 00 000   -176.00  -1170.00
2006 12 15 00 09 00 000   -177.00  -1126.00
2006 12 15 00 10 00 000   -177.00  -1082.00
2006 12 15 00 11 00 000   -180.00  -1019.00
2006 12 15 00 12 00 000   -180.00   -991.00
2006 12 15 00 13 00 000   -182.00   -968.00
2006 12 15 00 14 00 000   -183.00   -947.00
2006 12 15 00 15 00 000   -184.00   -959.00
2006 12 15 00 16 00 000   -184.00   -960.00
2006 12 15 00 17 00 000   -184.00   -933.00
2006 12 15 00 18 00 000   -184.00   -895.00
2006 12 15 00 19 00 000   -184.00   -840.00
2006 12 15 00 20 00 000   -184.00   -797.00
2006 12 15 00 21 00 000   -186.00   -897.00
2006 12 15 00 22 00 000   -185.00  -1045.00
2006 12 15 00 23 00 000   -185.00  -1148.00
2006 12 15 00 24 00 000   -184.00  -1222.00
2006 12 15 00 25 00 000   -184.00  -1364.00
2006 12 15 00 26 00 000   -185.00  -1471.00
2006 12 15 00 27 00 000   -187.00  -1290.00
2006 12 15 00 28 00 000   -188.00  -1209.00
2006 12 15 00 29 00 000   -190.00  -1182.00
2006 12 15 00 30 00 000   -191.00  -1063.00
2006 12 15 00 31 00 000   -192.00   -991.00
2006 12 15 00 32 00 000   -193.00   -972.00
2006 12 15 00 33 00 000   -195.00  -1062.00
2006 12 15 00 34 00 000   -197.00  -1168.00
2006 12 15 00 35 00 000   -197.00  -1280.00
2006 12 15 00 36 00 000   -197.00  -1356.00
2006 12 15 00 37 00 000   -197.00  -1382.00
2006 12 15 00 38 00 000   -199.00  -1331.00
2006 12 15 00 39 00 000   -200.00  -1231.00
2006 12 15 00 40 00 000   -201.00  -1220.00
2006 12 15 00 41 00 000   -203.00  -1221.00
2006 12 15 00 42 00 000   -204.00  -1233.00
2006 12 15 00 43 00 000   -205.00  -1220.00
2006 12 15 00 44 00 000   -205.00  -1241.00
2006 12 15 00 45 00 000   -203.00  -1282.00
2006 12 15 00 46 00 000   -205.00  -1247.00
2006 12 15 00 47 00 000   -205.00  -1170.00
2006 12 15 00 48 00 000   -206.00  -1142.00
2006 12 15 00 49 00 000   -206.00  -1190.00
2006 12 15 00 50 00 000   -206.00  -1187.00
2006 12 15 00 51 00 000   -206.00  -1131.00
2006 12 15 00 52 00 000   -206.00  -1156.00
2006 12 15 00 53 00 000   -206.00  -1164.00
2006 12 15 00 54 00 000   -207.00  -1157.00
2006 12 15 00 55 00 000   -211.00  -1061.00
2006 12 15 00 56 00 000   -210.00   -908.00
2006 12 15 00 57 00 000   -206.00   -857.00
2006 12 15 00 58 00 000   -202.00   -765.00
2006 12 15 00 59 00 000   -200.00   -764.00
2006 12 15 01 00 00 000   -196.00   -704.00
2006 12 15 01 01 00 000   -193.00   -725.00
2006 12 15 01 02 00 000   -191.00   -826.00
2006 12 15 01 03 00 000   -189.00   -814.00
2006 12 15 01 04 00 000   -188.00   -767.00
2006 12 15 01 05 00 000   -187.00   -740.00
2006 12 15 01 06 00 000   -185.00   -724.00
2006 12 15 01 07 00 000   -185.00   -765.00
2006 12 15 01 08 00 000   -185.00   -788.00
2006 12 15 01 09 00 000   -186.00   -784.00
2006 12 15 01 10 00 000   -185.00   -758.00
2006 12 15 01 11 00 000   -183.00   -737.00
2006 12 15 01 12 00 000   -183.00   -711.00
2006 12 15 01 13 00 000   -182.00   -643.00
2006 12 15 01 14 00 000   -182.00   -614.00
2006 12 15 01 15 00 000   -181.00   -576.00
2006 12 15 01 16 00 000   -180.00   -567.00
2006 12 15 01 17 00 000   -182.00   -579.00
2006 12 15 01 18 00 000   -183.00   -587.00
2006 12 15 01 19 00 000   -183.00   -566.00
2006 12 15 01 20 00 000   -183.00   -535.00
2006 12 15 01 21 00 000   -181.00   -503.00
2006 12 15 01 22 00 000   -181.00   -478.00
2006 12 15 01 23 00 000   -182.00   -459.00
2006 12 15 01 24 00 000   -182.00   -430.00
2006 12 15 01 25 00 000   -182.00   -404.00
2006 12 15 01 26 00 000   -182.00   -394.00
2006 12 15 01 27 00 000   -182.00   -396.00
2006 12 15 01 28 00 000   -181.00   -403.00
2006 12 15 01 29 00 000   -180.00   -431.00
2006 12 15 01 30 00 000   -178.00   -424.00
2006 12 15 01 31 00 000   -173.00   -414.00
2006 12 15 01 32 00 000   -171.00   -436.00
2006 12 15 01 33 00 000   -170.00   -427.00
2006 12 15 01 34 00 000   -170.00   -437.00
2006 12 15 01 35 00 000   -168.00   -442.00
2006 12 15 01 36 00 000   -165.00   -441.00
2006 12 15 01 37 00 000   -165.00   -416.00
2006 12 15 01 38 00 000   -163.00   -411.00
2006 12 15 01 39 00 000   -162.00   -440.00
2006 12 15 01 40 00 000   -161.00   -427.00
2006 12 15 01 41 00 000   -160.00   -473.00
2006 12 15 01 42 00 000   -161.00   -594.00
2006 12 15 01 43 00 000   -163.00   -624.00
2006 12 15 01 44 00 000   -165.00   -663.00
2006 12 15 01 45 00 000   -163.00   -602.00
2006 12 15 01 46 00 000   -162.00   -548.00
2006 12 15 01 47 00 000   -161.00   -653.00
2006 12 15 01 48 00 000   -162.00   -696.00
2006 12 15 01 49 00 000   -163.00   -692.00
2006 12 15 01 50 00 000   -161.00   -752.00
2006 12 15 01 51 00 000   -161.00   -814.00
2006 12 15 01 52 00 000   -162.00   -783.00
2006 12 15 01 53 00 000   -164.00   -724.00
2006 12 15 01 54 00 000   -164.00   -690.00
2006 12 15 01 55 00 000   -165.00   -690.00
2006 12 15 01 56 00 000   -165.00   -698.00
2006 12 15 01 57 00 000   -164.00   -660.00
2006 12 15 01 58 00 000   -164.00   -561.00
2006 12 15 01 59 00 000   -166.00   -478.00
2006 12 15 02 00 00 000   -167.00   -454.00
2006 12 15 02 01 00 000   -166.00   -478.00
2006 12 15 02 02 00 000   -165.00   -549.00
2006 12 15 02 03 00 000   -166.00   -721.00
2006 12 15 02 04 00 000   -167.00  -1013.00
2006 12 15 02 05 00 000   -169.00  -1427.00
2006 12 15 02 06 00 000   -173.00  -1751.00
2006 12 15 02 07 00 000   -174.00  -1492.00
2006 12 15 02 08 00 000   -176.00   -675.00
2006 12 15 02 09 00 000   -176.00   -464.00
2006 12 15 02 10 00 000   -176.00   -878.00
2006 12 15 02 11 00 000   -178.00  -1095.00
2006 12 15 02 12 00 000   -179.00  -1163.00
2006 12 15 02 13 00 000   -180.00  -1194.00
2006 12 15 02 14 00 000   -178.00  -1211.00
2006 12 15 02 15 00 000   -176.00  -1285.00
2006 12 15 02 16 00 000   -172.00  -1291.00
2006 12 15 02 17 00 000   -169.00  -1002.00
2006 12 15 02 18 00 000   -169.00  -1025.00
2006 12 15 02 19 00 000   -169.00   -942.00
2006 12 15 02 20 00 000   -170.00   -681.00
2006 12 15 02 21 00 000   -170.00   -698.00
2006 12 15 02 22 00 000   -170.00   -615.00
2006 12 15 02 23 00 000   -172.00   -498.00
2006 12 15 02 24 00 000   -171.00   -540.00
2006 12 15 02 25 00 000   -169.00   -562.00
2006 12 15 02 26 00 000   -167.00   -648.00
2006 12 15 02 27 00 000   -164.00   -737.00
2006 12 15 02 28 00 000   -162.00   -909.00
2006 12 15 02 29 00 000   -162.00  -1190.00
2006 12 15 02 30 00 000   -165.00  -1114.00
2006 12 15 02 31 00 000   -168.00   -973.00
2006 12 15 02 32 00 000   -171.00  -1082.00
2006 12 15 02 33 00 000   -173.00  -1380.00
2006 12 15 02 34 00 000   -175.00  -1262.00
2006 12 15 02 35 00 000   -174.00  -1177.00
2006 12 15 02 36 00 000   -173.00  -1328.00
2006 12 15 02 37 00 000   -171.00  -1453.00
2006 12 15 02 38 00 000   -168.00  -1463.00
2006 12 15 02 39 00 000   -165.00  -1462.00
2006 12 15 02 40 00 000   -164.00  -1350.00
2006 12 15 02 41 00 000   -164.00  -1373.00
2006 12 15 02 42 00 000   -165.00  -1412.00
2006 12 15 02 43 00 000   -165.00  -1576.00
2006 12 15 02 44 00 000   -165.00  -1832.00
2006 12 15 02 45 00 000   -166.00  -2094.00
2006 12 15 02 46 00 000   -167.00  -2191.00
2006 12 15 02 47 00 000   -169.00  -1941.00
2006 12 15 02 48 00 000   -170.00  -1608.00
2006 12 15 02 49 00 000   -171.00  -1663.00
2006 12 15 02 50 00 000   -171.00  -1786.00
2006 12 15 02 51 00 000   -171.00  -1731.00
2006 12 15 02 52 00 000   -169.00  -1668.00
2006 12 15 02 53 00 000   -168.00  -1626.00
2006 12 15 02 54 00 000   -167.00  -1675.00
2006 12 15 02 55 00 000   -168.00  -1771.00
2006 12 15 02 56 00 000   -169.00  -1812.00
2006 12 15 02 57 00 000   -168.00  -1701.00
2006 12 15 02 58 00 000   -168.00  -1695.00
2006 12 15 02 59 00 000   -169.00  -1683.00
2006 12 15 03 00 00 000   -170.00  -1615.00
2006 12 15 03 01 00 000   -171.00  -1435.00
2006 12 15 03 02 00 000   -172.00  -1357.00
2006 12 15 03 03 00 000   -172.00  -1485.00
2006 12 15 03 04 00 000   -174.00  -1491.00
2006 12 15 03 05 00 000   -175.00  -1519.00
2006 12 15 03 06 00 000   -176.00  -1463.00
2006 12 15 03 07 00 000   -177.00  -1312.00
2006 12 15 03 08 00 000   -178.00  -1252.00
2006 12 15 03 09 00 000   -180.00  -1311.00
2006 12 15 03 10 00 000   -180.00  -1330.00
2006 12 15 03 11 00 000   -181.00  -1368.00
2006 12 15 03 12 00 000   -183.00  -1484.00
2006 12 15 03 13 00 000   -184.00  -1419.00
2006 12 15 03 14 00 000   -183.00  -1367.00
2006 12 15 03 15 00 000   -183.00  -1407.00
2006 12 15 03 16 00 000   -183.00  -1299.00
2006 12 15 03 17 00 000   -182.00  -1382.00
2006 12 15 03 18 00 000   -183.00  -1268.00
2006 12 15 03 19 00 000   -182.00  -1398.00
2006 12 15 03 20 00 000   -182.00  -1305.00
2006 12 15 03 21 00 000   -182.00  -1306.00
2006 12 15 03 22 00 000   -182.00  -1539.00
2006 12 15 03 23 00 000   -181.00  -1912.00
2006 12 15 03 24 00 000   -180.00  -2349.00
2006 12 15 03 25 00 000   -181.00  -2218.00
2006 12 15 03 26 00 000   -181.00  -1960.00
2006 12 15 03 27 00 000   -181.00  -1932.00
2006 12 15 03 28 00 000   -183.00  -1736.00
2006 12 15 03 29 00 000   -185.00  -1747.00
2006 12 15 03 30 00 000   -186.00  -1655.00
2006 12 15 03 31 00 000   -189.00  -1468.00
2006 12 15 03 32 00 000   -190.00  -1293.00
2006 12 15 03 33 00 000   -191.00  -1274.00
2006 12 15 03 34 00 000   -191.00  -1249.00
2006 12 15 03 35 00 000   -190.00  -1202.00
2006 12 15 03 36 00 000   -189.00  -1167.00
2006 12 15 03 37 00 000   -189.00  -1146.00
2006 12 15 03 38 00 000   -188.00  -1140.00
2006 12 15 03 39 00 000   -188.00  -1236.00
2006 12 15 03 40 00 000   -187.00  -1196.00
2006 12 15 03 41 00 000   -187.00  -1234.00
2006 12 15 03 42 00 000   -187.00  -1252.00
2006 12 15 03 43 00 000   -186.00  -1404.00
2006 12 15 03 44 00 000   -185.00  -1215.00
2006 12 15 03 45 00 000   -184.00  -1087.00
2006 12 15 03 46 00 000   -184.00  -1228.00
2006 12 15 03 47 00 000   -184.00  -1250.00
2006 12 15 03 48 00 000   -184.00  -1121.00
2006 12 15 03 49 00 000   -184.00  -1098.00
2006 12 15 03 50 00 000   -184.00  -1260.00
2006 12 15 03 51 00 000   -184.00  -1285.00
2006 12 15 03 52 00 000   -184.00  -1306.00
2006 12 15 03 53 00 000   -183.00  -1301.00
2006 12 15 03 54 00 000   -183.00  -1085.00
2006 12 15 03 55 00 000   -182.00   -979.00
2006 12 15 03 56 00 000   -182.00   -985.00
2006 12 15 03 57 00 000   -182.00  -1262.00
2006 12 15 03 58 00 000   -182.00  -1256.00
2006 12 15 03 59 00 000   -181.00  -1175.00
2006 12 15 04 00 00 000   -180.00  -1051.00
2006 12 15 04 01 00 000   -179.00   -941.00
2006 12 15 04 02 00 000   -178.00   -996.00
2006 12 15 04 03 00 000   -178.00  -1106.00
2006 12 15 04 04 00 000   -178.00  -1119.00
2006 12 15 04 05 00 000   -178.00  -1108.00
2006 12 15 04 06 00 000   -179.00  -1011.00
2006 12 15 04 07 00 000   -180.00  -1115.00
2006 12 15 04 08 00 000   -180.00  -1079.00
2006 12 15 04 09 00 000   -180.00  -1072.00
2006 12 15 04 10 00 000   -179.00  -1095.00
2006 12 15 04 11 00 000   -179.00  -1076.00
2006 12 15 04 12 00 000   -179.00  -1047.00
2006 12 15 04 13 00 000   -177.00   -978.00
2006 12 15 04 14 00 000   -175.00   -999.00
2006 12 15 04 15 00 000   -173.00  -1001.00
2006 12 15 04 16 00 000   -173.00   -958.00
2006 12 15 04 17 00 000   -173.00   -968.00
2006 12 15 04 18 00 000   -173.00   -977.00
2006 12 15 04 19 00 000   -171.00   -966.00
2006 12 15 04 20 00 000   -170.00   -968.00
2006 12 15 04 21 00 000   -170.00   -975.00
2006 12 15 04 22 00 000   -169.00   -852.00
2006 12 15 04 23 00 000   -166.00   -688.00
2006 12 15 04 24 00 000   -164.00   -647.00
2006 12 15 04 25 00 000   -162.00   -730.00
2006 12 15 04 26 00 000   -160.00   -744.00
2006 12 15 04 27 00 000   -157.00   -763.00
2006 12 15 04 28 00 000   -156.00   -810.00
2006 12 15 04 29 00 000   -154.00   -969.00
2006 12 15 04 30 00 000   -154.00   -951.00
2006 12 15 04 31 00 000   -154.00   -968.00
2006 12 15 04 32 00 000   -154.00  -1045.00
2006 12 15 04 33 00 000   -156.00  -1027.00
2006 12 15 04 34 00 000   -157.00  -1037.00
2006 12 15 04 35 00 000   -158.00  -1041.00
2006 12 15 04 36 00 000   -159.00   -959.00
2006 12 15 04 37 00 000   -159.00   -733.00
2006 12 15 04 38 00 000   -159.00   -733.00
2006 12 15 04 39 00 000   -159.00   -806.00
2006 12 15 04 40 00 000   -160.00   -756.00
2006 12 15 04 41 00 000   -158.00   -802.00
2006 12 15 04 42 00 000   -156.00   -891.00
2006 12 15 04 43 00 000   -155.00   -950.00
2006 12 15 04 44 00 000   -156.00   -912.00
2006 12 15 04 45 00 000   -156.00   -809.00
2006 12 15 04 46 00 000   -158.00   -759.00
2006 12 15 04 47 00 000   -158.00   -733.00
2006 12 15 04 48 00 000   -160.00   -719.00
2006 12 15 04 49 00 000   -160.00   -647.00
2006 12 15 04 50 00 000   -160.00   -554.00
2006 12 15 04 51 00 000   -160.00   -452.00
2006 12 15 04 52 00 000   -160.00   -438.00
2006 12 15 04 53 00 000   -161.00   -488.00
2006 12 15 04 54 00 000   -161.00   -507.00
2006 12 15 04 55 00 000   -162.00   -425.00
2006 12 15 04 56 00 000   -163.00   -404.00
2006 12 15 04 57 00 000   -163.00   -432.00
2006 12 15 04 58 00 000   -163.00   -461.00
2006 12 15 04 59 00 000   -162.00   -510.00
2006 12 15 05 00 00 000   -161.00   -611.00
2006 12 15 05 01 00 000   -162.00   -655.00
2006 12 15 05 02 00 000   -161.00   -618.00
2006 12 15 05 03 00 000   -162.00   -565.00
2006 12 15 05 04 00 000   -162.00   -761.00
2006 12 15 05 05 00 000   -162.00   -704.00
2006 12 15 05 06 00 000   -161.00   -669.00
2006 12 15 05 07 00 000   -161.00   -632.00
2006 12 15 05 08 00 000   -162.00   -776.00
2006 12 15 05 09 00 000   -162.00   -692.00
2006 12 15 05 10 00 000   -162.00   -559.00
2006 12 15 05 11 00 000   -161.00   -592.00
2006 12 15 05 12 00 000   -161.00   -588.00
2006 12 15 05 13 00 000   -161.00   -614.00
2006 12 15 05 14 00 000   -161.00   -596.00
2006 12 15 05 15 00 000   -162.00   -583.00
2006 12 15 05 16 00 000   -163.00   -570.00
2006 12 15 05 17 00 000   -165.00   -514.00
2006 12 15 05 18 00 000   -164.00   -447.00
2006 12 15 05 19 00 000   -156.00   -411.00
2006 12 15 05 20 00 000   -155.00   -506.00
2006 12 15 05 21 00 000   -155.00   -581.00
2006 12 15 05 22 00 000   -157.00   -539.00
2006 12 15 05 23 00 000   -158.00   -425.00
2006 12 15 05 24 00 000   -159.00   -397.00
2006 12 15 05 25 00 000   -160.00   -557.00
2006 12 15 05 26 00 000   -162.00   -471.00
2006 12 15 05 27 00 000   -164.00   -434.00
2006 12 15 05 28 00 000   -164.00   -414.00
2006 12 15 05 29 00 000   -163.00   -430.00
2006 12 15 05 30 00 000   -160.00   -453.00
2006 12 15 05 31 00 000   -158.00   -357.00
2006 12 15 05 32 00 000   -157.00   -374.00
2006 12 15 05 33 00 000   -157.00   -374.00
2006 12 15 05 34 00 000   -157.00   -395.00
2006 12 15 05 35 00 000   -157.00   -355.00
2006 12 15 05 36 00 000   -157.00   -323.00
2006 12 15 05 37 00 000   -153.00   -295.00
2006 12 15 05 38 00 000   -152.00   -334.00
2006 12 15 05 39 00 000   -150.00   -371.00
2006 12 15 05 40 00 000   -147.00   -345.00
2006 12 15 05 41 00 000   -144.00   -372.00
2006 12 15 05 42 00 000   -143.00   -442.00
2006 12 15 05 43 00 000   -142.00   -430.00
2006 12 15 05 44 00 000   -140.00   -456.00
2006 12 15 05 45 00 000   -137.00   -487.00
2006 12 15 05 46 00 000   -137.00   -473.00
2006 12 15 05 47 00 000   -138.00   -466.00
2006 12 15 05 48 00 000   -140.00   -502.00
2006 12 15 05 49 00 000   -143.00   -457.00
2006 12 15 05 50 00 000   -144.00   -476.00
2006 12 15 05 51 00 000   -144.00   -457.00
2006 12 15 05 52 00 000   -143.00   -447.00
2006 12 15 05 53 00 000   -142.00   -427.00
2006 12 15 05 54 00 000   -142.00   -427.00
2006 12 15 05 55 00 000   -142.00   -448.00
2006 12 15 05 56 00 000   -142.00   -456.00
2006 12 15 05 57 00 000   -142.00   -454.00
2006 12 15 05 58 00 000   -143.00   -493.00
2006 12 15 05 59 00 000   -143.00   -542.00
2006 12 15 06 00 00 000   -144.00   -561.00
2006 12 15 06 01 00 000   -145.00   -491.00
2006 12 15 06 02 00 000   -145.00   -500.00
2006 12 15 06 03 00 000   -145.00   -569.00
2006 12 15 06 04 00 000   -145.00   -562.00
2006 12 15 06 05 00 000   -146.00   -505.00
2006 12 15 06 06 00 000   -145.00   -443.00
2006 12 15 06 07 00 000   -145.00   -409.00
2006 12 15 06 08 00 000   -141.00   -386.00
2006 12 15 06 09 00 000   -139.00   -397.00
2006 12 15 06 10 00 000   -140.00   -435.00
2006 12 15 06 11 00 000   -142.00   -337.00
2006 12 15 06 12 00 000   -143.00   -318.00
2006 12 15 06 13 00 000   -144.00   -296.00
2006 12 15 06 14 00 000   -144.00   -303.00
2006 12 15 06 15 00 000   -143.00   -339.00
2006 12 15 06 16 00 000   -143.00   -374.00
2006 12 15 06 17 00 000   -143.00   -403.00
2006 12 15 06 18 00 000   -143.00   -463.00
2006 12 15 06 19 00 000   -140.00   -591.00
2006 12 15 06 20 00 000   -138.00   -562.00
2006 12 15 06 21 00 000   -141.00   -520.00
2006 12 15 06 22 00 000   -140.00   -525.00
2006 12 15 06 23 00 000   -140.00   -576.00
2006 12 15 06 24 00 000   -142.00   -764.00
2006 12 15 06 25 00 000   -141.00  -1093.00
2006 12 15 06 26 00 000   -142.00  -1137.00
2006 12 15 06 27 00 000   -142.00  -1082.00
2006 12 15 06 28 00 000   -142.00  -1049.00
2006 12 15 06 29 00 000   -144.00  -1492.00
2006 12 15 06 30 00 000   -151.00  -1344.00
2006 12 15 06 31 00 000   -154.00  -1218.00
2006 12 15 06 32 00 000   -153.00  -1061.00
2006 12 15 06 33 00 000   -151.00   -647.00
2006 12 15 06 34 00 000   -150.00  -1056.00
2006 12 15 06 35 00 000   -152.00   -815.00
2006 12 15 06 36 00 000   -153.00   -648.00
2006 12 15 06 37 00 000   -152.00   -591.00
2006 12 15 06 38 00 000   -153.00   -675.00
2006 12 15 06 39 00 000   -154.00   -773.00
2006 12 15 06 40 00 000   -155.00   -774.00
2006 12 15 06 41 00 000   -156.00   -680.00
2006 12 15 06 42 00 000   -156.00   -630.00
2006 12 15 06 43 00 000   -156.00   -613.00
2006 12 15 06 44 00 000   -156.00   -576.00
2006 12 15 06 45 00 000   -156.00   -588.00
2006 12 15 06 46 00 000   -156.00   -617.00
2006 12 15 06 47 00 000   -156.00   -604.00
2006 12 15 06 48 00 000   -157.00   -590.00
2006 12 15 06 49 00 000   -156.00   -539.00
2006 12 15 06 50 00 000   -156.00   -527.00
2006 12 15 06 51 00 000   -154.00   -730.00
2006 12 15 06 52 00 000   -154.00   -703.00
2006 12 15 06 53 00 000   -155.00   -646.00
2006 12 15 06 54 00 000   -154.00   -694.00
2006 12 15 06 55 00 000   -153.00   -618.00
2006 12 15 06 56 00 000   -151.00   -625.00
2006 12 15 06 57 00 000   -151.00   -649.00
2006 12 15 06 58 00 000   -151.00   -729.00
2006 12 15 06 59 00 000   -151.00   -736.00
2006 12 15 07 00 00 000   -151.00   -600.00
2006 12 15 07 01 00 000   -151.00   -643.00
2006 12 15 07 02 00 000   -151.00   -672.00
2006 12 15 07 03 00 000   -151.00   -565.00
2006 12 15 07 04 00 000   -149.00   -594.00
2006 12 15 07 05 00 000   -147.00   -603.00
2006 12 15 07 06 00 000   -146.00   -702.00
2006 12 15 07 07 00 000   -146.00   -649.00
2006 12 15 07 08 00 000   -146.00   -719.00
2006 12 15 07 09 00 000   -146.00   -747.00
2006 12 15 07 10 00 000   -146.00   -786.00
2006 12 15 07 11 00 000   -146.00   -767.00
2006 12 15 07 12 00 000   -145.00   -701.00
2006 12 15 07 13 00 000   -144.00   -724.00
2006 12 15 07 14 00 000   -145.00   -785.00
2006 12 15 07 15 00 000   -144.00   -936.00
2006 12 15 07 16 00 000   -145.00  -1193.00
2006 12 15 07 17 00 000   -146.00  -1253.00
2006 12 15 07 18 00 000   -146.00  -1340.00
2006 12 15 07 19 00 000   -146.00  -1379.00
2006 12 15 07 20 00 000   -146.00  -1349.00
2006 12 15 07 21 00 000   -146.00  -1254.00
2006 12 15 07 22 00 000   -146.00  -1090.00
2006 12 15 07 23 00 000   -146.00  -1107.00
2006 12 15 07 24 00 000   -145.00  -1137.00
2006 12 15 07 25 00 000   -145.00  -1157.00
2006 12 15 07 26 00 000   -144.00  -1202.00
2006 12 15 07 27 00 000   -144.00  -1121.00
2006 12 15 07 28 00 000   -144.00  -1047.00
2006 12 15 07 29 00 000   -144.00  -1073.00
2006 12 15 07 30 00 000   -144.00  -1005.00
2006 12 15 07 31 00 000   -143.00   -960.00
2006 12 15 07 32 00 000   -143.00   -880.00
2006 12 15 07 33 00 000   -143.00   -830.00
2006 12 15 07 34 00 000   -142.00   -812.00
2006 12 15 07 35 00 000   -140.00   -812.00
2006 12 15 07 36 00 000   -139.00   -820.00
2006 12 15 07 37 00 000   -137.00   -879.00
2006 12 15 07 38 00 000   -136.00   -994.00
2006 12 15 07 39 00 000   -136.00  -1062.00
2006 12 15 07 40 00 000   -136.00  -1400.00
2006 12 15 07 41 00 000   -135.00  -1853.00
2006 12 15 07 42 00 000   -136.00  -2062.00
2006 12 15 07 43 00 000   -136.00  -2034.00
2006 12 15 07 44 00 000   -137.00  -1860.00
2006 12 15 07 45 00 000   -136.00  -1493.00
2006 12 15 07 46 00 000   -136.00  -1453.00
2006 12 15 07 47 00 000   -135.00  -1647.00
2006 12 15 07 48 00 000   -135.00  -1801.00
2006 12 15 07 49 00 000   -134.00  -1911.00
2006 12 15 07 50 00 000   -134.00  -1833.00
2006 12 15 07 51 00 000   -133.00  -1520.00
2006 12 15 07 52 00 000   -133.00  -1285.00
2006 12 15 07 53 00 000   -133.00  -1062.00
2006 12 15 07 54 00 000   -132.00   -875.00
2006 12 15 07 55 00 000   -131.00   -807.00
2006 12 15 07 56 00 000   -130.00   -782.00
2006 12 15 07 57 00 000   -129.00   -706.00
2006 12 15 07 58 00 000   -128.00   -706.00
2006 12 15 07 59 00 000   -127.00  -1024.00
2006 12 15 08 00 00 000   -127.00  -1340.00
2006 12 15 08 01 00 000   -126.00  -1435.00
2006 12 15 08 02 00 000   -125.00  -1412.00
2006 12 15 08 03 00 000   -123.00  -1255.00
2006 12 15 08 04 00 000   -123.00  -1162.00
2006 12 15 08 05 00 000   -123.00  -1104.00
2006 12 15 08 06 00 000   -123.00   -970.00
2006 12 15 08 07 00 000   -124.00   -891.00
2006 12 15 08 08 00 000   -124.00   -985.00
2006 12 15 08 09 00 000   -125.00  -1067.00
2006 12 15 08 10 00 000   -126.00  -1059.00
2006 12 15 08 11 00 000   -127.00  -1013.00
2006 12 15 08 12 00 000   -128.00   -899.00
2006 12 15 08 13 00 000   -127.00   -871.00
2006 12 15 08 14 00 000   -128.00   -865.00
2006 12 15 08 15 00 000   -129.00   -895.00
2006 12 15 08 16 00 000   -129.00   -882.00
2006 12 15 08 17 00 000   -129.00   -814.00
2006 12 15 08 18 00 000   -129.00   -797.00
2006 12 15 08 19 00 000   -129.00   -749.00
2006 12 15 08 20 00 000   -130.00   -737.00
2006 12 15 08 21 00 000   -130.00   -785.00
2006 12 15 08 22 00 000   -130.00   -755.00
2006 12 15 08 23 00 000   -131.00   -755.00
2006 12 15 08 24 00 000   -131.00   -779.00
2006 12 15 08 25 00 000   -131.00   -820.00
2006 12 15 08 26 00 000   -131.00   -902.00
2006 12 15 08 27 00 000   -132.00   -937.00
2006 12 15 08 28 00 000   -132.00  -1058.00
2006 12 15 08 29 00 000   -132.00  -1152.00
2006 12 15 08 30 00 000   -130.00  -1235.00
2006 12 15 08 31 00 000   -130.00  -1364.00
2006 12 15 08 32 00 000   -130.00  -1494.00
2006 12 15 08 33 00 000   -129.00  -1567.00
2006 12 15 08 34 00 000   -130.00  -1579.00
2006 12 15 08 35 00 000   -129.00  -1499.00
2006 12 15 08 36 00 000   -129.00  -1436.00
2006 12 15 08 37 00 000   -129.00  -1440.00
2006 12 15 08 38 00 000   -129.00  -1350.00
2006 12 15 08 39 00 000   -128.00  -1212.00
2006 12 15 08 40 00 000   -127.00  -1013.00
2006 12 15 08 41 00 000   -128.00   -982.00
2006 12 15 08 42 00 000   -130.00   -931.00
2006 12 15 08 43 00 000   -130.00   -972.00
2006 12 15 08 44 00 000   -130.00   -859.00
2006 12 15 08 45 00 000   -128.00  -1529.00
2006 12 15 08 46 00 000   -126.00  -1718.00
2006 12 15 08 47 00 000   -126.00  -1622.00
2006 12 15 08 48 00 000   -125.00  -1582.00
2006 12 15 08 49 00 000   -122.00  -1585.00
2006 12 15 08 50 00 000   -119.00  -1945.00
2006 12 15 08 51 00 000   -119.00  -2074.00
2006 12 15 08 52 00 000   -121.00  -2237.00
2006 12 15 08 53 00 000   -122.00  -2236.00
2006 12 15 08 54 00 000   -124.00  -2119.00
2006 12 15 08 55 00 000   -124.00  -2122.00
2006 12 15 08 56 00 000   -122.00  -1998.00
2006 12 15 08 57 00 000   -120.00  -1818.00
2006 12 15 08 58 00 000   -117.00  -1497.00
2006 12 15 08 59 00 000   -114.00  -1391.00
2006 12 15 09 00 00 000   -112.00  -1321.00
2006 12 15 09 01 00 000   -109.00  -1453.00
2006 12 15 09 02 00 000   -106.00  -1392.00
2006 12 15 09 03 00 000   -103.00  -1378.00
2006 12 15 09 04 00 000   -100.00  -1380.00
2006 12 15 09 05 00 000    -96.00  -1386.00
2006 12 15 09 06 00 000    -92.00  -1204.00
2006 12 15 09 07 00 000    -89.00   -959.00
2006 12 15 09 08 00 000    -88.00  -1384.00
2006 12 15 09 09 00 000    -87.00  -1392.00
2006 12 15 09 10 00 000    -86.00  -1185.00
2006 12 15 09 11 00 000    -85.00  -1149.00
2006 12 15 09 12 00 000    -86.00  -1307.00
2006 12 15 09 13 00 000    -86.00  -1366.00
2006 12 15 09 14 00 000    -88.00  -1600.00
2006 12 15 09 15 00 000    -91.00  -1507.00
2006 12 15 09 16 00 000    -91.00  -1564.00
2006 12 15 09 17 00 000    -91.00  -1539.00
2006 12 15 09 18 00 000    -90.00  -1389.00
2006 12 15 09 19 00 000    -87.00  -1327.00
2006 12 15 09 20 00 000    -85.00  -1362.00
2006 12 15 09 21 00 000    -84.00  -1480.00
2006 12 15 09 22 00 000    -83.00  -1575.00
2006 12 15 09 23 00 000    -83.00  -1720.00
2006 12 15 09 24 00 000    -82.00  -1941.00
2006 12 15 09 25 00 000    -82.00  -1953.00
2006 12 15 09 26 00 000    -82.00  -1742.00
2006 12 15 09 27 00 000    -84.00  -1145.00
2006 12 15 09 28 00 000    -87.00  -1222.00
2006 12 15 09 29 00 000    -89.00  -1085.00
2006 12 15 09 30 00 000    -91.00  -1028.00
2006 12 15 09 31 00 000    -92.00  -1083.00
2006 12 15 09 32 00 000    -94.00  -1019.00
2006 12 15 09 33 00 000    -95.00   -921.00
2006 12 15 09 34 00 000    -94.00   -855.00
2006 12 15 09 35 00 000    -94.00   -825.00
2006 12 15 09 36 00 000    -95.00   -792.00
2006 12 15 09 37 00 000    -93.00   -762.00
2006 12 15 09 38 00 000    -91.00   -797.00
2006 12 15 09 39 00 000    -89.00   -724.00
2006 12 15 09 40 00 000    -88.00   -811.00
2006 12 15 09 41 00 000    -87.00   -847.00
2006 12 15 09 42 00 000    -88.00   -833.00
2006 12 15 09 43 00 000    -89.00   -737.00
2006 12 15 09 44 00 000    -89.00   -678.00
2006 12 15 09 45 00 000    -89.00   -765.00
2006 12 15 09 46 00 000    -89.00   -886.00
2006 12 15 09 47 00 000    -89.00  -1069.00
2006 12 15 09 48 00 000    -90.00  -1166.00
2006 12 15 09 49 00 000    -91.00  -1441.00
2006 12 15 09 50 00 000    -91.00  -1297.00
2006 12 15 09 51 00 000    -91.00   -831.00
2006 12 15 09 52 00 000    -91.00   -775.00
2006 12 15 09 53 00 000    -92.00   -829.00
2006 12 15 09 54 00 000    -92.00   -651.00
2006 12 15 09 55 00 000    -92.00   -677.00
2006 12 15 09 56 00 000    -91.00   -736.00
2006 12 15 09 57 00 000    -90.00   -822.00
2006 12 15 09 58 00 000    -90.00   -939.00
2006 12 15 09 59 00 000    -90.00  -1019.00
2006 12 15 10 00 00 000    -90.00  -1037.00
2006 12 15 10 01 00 000    -90.00   -999.00
2006 12 15 10 02 00 000    -91.00   -879.00
2006 12 15 10 03 00 000    -91.00   -791.00
2006 12 15 10 04 00 000    -91.00   -776.00
2006 12 15 10 05 00 000    -91.00   -784.00
2006 12 15 10 06 00 000    -92.00   -791.00
2006 12 15 10 07 00 000    -91.00   -783.00
2006 12 15 10 08 00 000    -92.00   -585.00
2006 12 15 10 09 00 000    -91.00   -710.00
2006 12 15 10 10 00 000    -92.00   -856.00
2006 12 15 10 11 00 000    -92.00   -904.00
2006 12 15 10 12 00 000    -92.00   -760.00
2006 12 15 10 13 00 000    -92.00   -874.00
2006 12 15 10 14 00 000    -92.00   -931.00
2006 12 15 10 15 00 000    -92.00   -886.00
2006 12 15 10 16 00 000    -92.00   -990.00
2006 12 15 10 17 00 000    -92.00  -1025.00
2006 12 15 10 18 00 000    -91.00  -1075.00
2006 12 15 10 19 00 000    -91.00  -1103.00
2006 12 15 10 20 00 000    -90.00  -1070.00
2006 12 15 10 21 00 000    -90.00   -991.00
2006 12 15 10 22 00 000    -90.00   -978.00
2006 12 15 10 23 00 000    -91.00   -992.00
2006 12 15 10 24 00 000    -91.00  -1005.00
2006 12 15 10 25 00 000    -91.00   -986.00
2006 12 15 10 26 00 000    -91.00   -932.00
2006 12 15 10 27 00 000    -91.00   -942.00
2006 12 15 10 28 00 000    -91.00   -950.00
2006 12 15 10 29 00 000    -90.00   -926.00
2006 12 15 10 30 00 000    -90.00   -925.00
2006 12 15 10 31 00 000    -89.00   -892.00
2006 12 15 10 32 00 000    -88.00   -887.00
2006 12 15 10 33 00 000    -88.00   -935.00
2006 12 15 10 34 00 000    -88.00   -970.00
2006 12 15 10 35 00 000    -87.00   -967.00
2006 12 15 10 36 00 000    -87.00   -944.00
2006 12 15 10 37 00 000    -87.00   -947.00
2006 12 15 10 38 00 000    -86.00   -939.00
2006 12 15 10 39 00 000    -85.00   -949.00
2006 12 15 10 40 00 000    -85.00   -963.00
2006 12 15 10 41 00 000    -85.00  -1047.00
2006 12 15 10 42 00 000    -85.00  -1171.00
2006 12 15 10 43 00 000    -85.00  -1157.00
2006 12 15 10 44 00 000    -85.00  -1030.00
2006 12 15 10 45 00 000    -86.00  -1107.00
2006 12 15 10 46 00 000    -86.00  -1142.00
2006 12 15 10 47 00 000    -86.00  -1210.00
2006 12 15 10 48 00 000    -87.00  -1279.00
2006 12 15 10 49 00 000    -87.00  -1264.00
2006 12 15 10 50 00 000    -88.00  -1270.00
2006 12 15 10 51 00 000    -88.00  -1304.00
2006 12 15 10 52 00 000    -88.00  -1267.00
2006 12 15 10 53 00 000    -89.00  -1183.00
2006 12 15 10 54 00 000    -89.00  -1212.00
2006 12 15 10 55 00 000    -89.00  -1221.00
2006 12 15 10 56 00 000    -88.00  -1188.00
2006 12 15 10 57 00 000    -88.00  -1062.00
2006 12 15 10 58 00 000    -87.00  -1068.00
2006 12 15 10 59 00 000    -86.00   -950.00
2006 12 15 11 00 00 000    -86.00   -912.00
2006 12 15 11 01 00 000    -86.00   -862.00
2006 12 15 11 02 00 000    -86.00   -760.00
2006 12 15 11 03 00 000    -87.00   -702.00
2006 12 15 11 04 00 000    -87.00   -682.00
2006 12 15 11 05 00 000    -88.00   -677.00
2006 12 15 11 06 00 000    -89.00   -761.00
2006 12 15 11 07 00 000    -89.00   -813.00
2006 12 15 11 08 00 000    -89.00   -877.00
2006 12 15 11 09 00 000    -87.00   -862.00
2006 12 15 11 10 00 000    -87.00   -874.00
2006 12 15 11 11 00 000    -87.00   -724.00
2006 12 15 11 12 00 000    -86.00   -684.00
2006 12 15 11 13 00 000    -85.00   -878.00
2006 12 15 11 14 00 000    -84.00  -1016.00
2006 12 15 11 15 00 000    -84.00  -1049.00
2006 12 15 11 16 00 000    -83.00   -984.00
2006 12 15 11 17 00 000    -83.00  -1030.00
2006 12 15 11 18 00 000    -83.00  -1073.00
2006 12 15 11 19 00 000    -84.00  -1075.00
2006 12 15 11 20 00 000    -84.00  -1062.00
2006 12 15 11 21 00 000    -85.00  -1071.00
2006 12 15 11 22 00 000    -84.00  -1081.00
2006 12 15 11 23 00 000    -84.00  -1094.00
2006 12 15 11 24 00 000    -83.00  -1079.00
2006 12 15 11 25 00 000    -83.00  -1080.00
2006 12 15 11 26 00 000    -83.00  -1130.00
2006 12 15 11 27 00 000    -83.00  -1235.00
2006 12 15 11 28 00 000    -83.00  -1300.00
2006 12 15 11 29 00 000    -83.00  -1420.00
2006 12 15 11 30 00 000    -84.00  -1460.00
2006 12 15 11 31 00 000    -84.00  -1690.00
2006 12 15 11 32 00 000    -84.00  -1930.00
2006 12 15 11 33 00 000    -83.00  -2108.00
2006 12 15 11 34 00 000    -82.00  -2174.00
2006 12 15 11 35 00 000    -81.00  -2183.00
2006 12 15 11 36 00 000    -80.00  -2159.00
2006 12 15 11 37 00 000    -79.00  -2098.00
2006 12 15 11 38 00 000    -77.00  -1971.00
2006 12 15 11 39 00 000    -76.00  -1909.00
2006 12 15 11 40 00 000    -76.00  -1781.00
2006 12 15 11 41 00 000    -75.00  -1599.00
2006 12 15 11 42 00 000    -76.00  -1478.00
2006 12 15 11 43 00 000    -75.00  -1314.00
2006 12 15 11 44 00 000    -75.00  -1156.00
2006 12 15 11 45 00 000    -73.00  -1137.00
2006 12 15 11 46 00 000    -72.00  -1210.00
2006 12 15 11 47 00 000    -72.00  -1211.00
2006 12 15 11 48 00 000    -73.00  -1181.00
2006 12 15 11 49 00 000    -74.00  -1187.00
2006 12 15 11 50 00 000    -76.00  -1207.00
2006 12 15 11 51 00 000    -76.00  -1122.00
2006 12 15 11 52 00 000    -76.00  -1052.00
2006 12 15 11 53 00 000    -75.00  -1131.00
2006 12 15 11 54 00 000    -75.00  -1189.00
2006 12 15 11 55 00 000    -75.00  -1213.00
2006 12 15 11 56 00 000    -74.00  -1174.00
2006 12 15 11 57 00 000    -74.00  -1187.00
2006 12 15 11 58 00 000    -72.00  -1331.00
2006 12 15 11 59 00 000    -72.00  -1440.00
2006 12 15 12 00 00 000    -71.00  -1500.00
2006 12 15 12 01 00 000    -68.00  -1477.00
2006 12 15 12 02 00 000    -67.00  -1354.00
2006 12 15 12 03 00 000    -66.00  -1451.00
2006 12 15 12 04 00 000    -65.00  -1494.00
2006 12 15 12 05 00 000    -65.00  -1538.00
2006 12 15 12 06 00 000    -65.00  -1466.00
2006 12 15 12 07 00 000    -63.00  -1246.00
2006 12 15 12 08 00 000    -61.00  -1201.00
2006 12 15 12 09 00 000    -60.00  -1166.00
2006 12 15 12 10 00 000    -58.00  -1167.00
2006 12 15 12 11 00 000    -55.00  -1141.00
2006 12 15 12 12 00 000    -54.00  -1232.00
2006 12 15 12 13 00 000    -53.00  -1073.00
2006 12 15 12 14 00 000    -51.00   -968.00
2006 12 15 12 15 00 000    -52.00   -987.00
2006 12 15 12 16 00 000    -53.00   -836.00
2006 12 15 12 17 00 000    -55.00   -743.00
2006 12 15 12 18 00 000    -56.00   -692.00
2006 12 15 12 19 00 000    -56.00   -655.00
2006 12 15 12 20 00 000    -55.00   -674.00
2006 12 15 12 21 00 000    -55.00   -656.00
2006 12 15 12 22 00 000    -54.00   -589.00
2006 12 15 12 23 00 000    -53.00   -665.00
2006 12 15 12 24 00 000    -52.00   -760.00
2006 12 15 12 25 00 000    -51.00   -836.00
2006 12 15 12 26 00 000    -51.00   -877.00
2006 12 15 12 27 00 000    -48.00   -877.00
2006 12 15 12 28 00 000    -45.00   -923.00
2006 12 15 12 29 00 000    -44.00  -1075.00
2006 12 15 12 30 00 000    -44.00  -1203.00
2006 12 15 12 31 00 000    -45.00  -1454.00
2006 12 15 12 32 00 000    -46.00  -1613.00
2006 12 15 12 33 00 000    -47.00  -1562.00
2006 12 15 12 34 00 000    -47.00  -1481.00
2006 12 15 12 35 00 000    -46.00  -1446.00
2006 12 15 12 36 00 000    -46.00  -1482.00
2006 12 15 12 37 00 000    -46.00  -1464.00
2006 12 15 12 38 00 000    -46.00  -1316.00
2006 12 15 12 39 00 000    -46.00  -1001.00
2006 12 15 12 40 00 000    -47.00   -827.00
2006 12 15 12 41 00 000    -47.00   -823.00
2006 12 15 12 42 00 000    -47.00   -798.00
2006 12 15 12 43 00 000    -47.00   -821.00
2006 12 15 12 44 00 000    -47.00   -741.00
2006 12 15 12 45 00 000    -47.00   -788.00
2006 12 15 12 46 00 000    -47.00   -931.00
2006 12 15 12 47 00 000    -47.00  -1080.00
2006 12 15 12 48 00 000    -48.00  -1249.00
2006 12 15 12 49 00 000    -48.00  -1358.00
2006 12 15 12 50 00 000    -49.00  -1427.00
2006 12 15 12 51 00 000    -49.00  -1503.00
2006 12 15 12 52 00 000    -49.00  -1470.00
2006 12 15 12 53 00 000    -49.00  -1331.00
2006 12 15 12 54 00 000    -49.00  -1126.00
2006 12 15 12 55 00 000    -48.00  -1033.00
2006 12 15 12 56 00 000    -48.00  -1077.00
2006 12 15 12 57 00 000    -47.00  -1118.00
2006 12 15 12 58 00 000    -48.00  -1120.00
2006 12 15 12 59 00 000    -48.00  -1118.00
2006 12 15 13 00 00 000    -49.00  -1101.00
2006 12 15 13 01 00 000    -50.00  -1114.00
2006 12 15 13 02 00 000    -52.00  -1076.00
2006 12 15 13 03 00 000    -54.00  -1077.00
2006 12 15 13 04 00 000    -55.00  -1074.00
2006 12 15 13 05 00 000    -56.00  -1029.00
2006 12 15 13 06 00 000    -58.00  -1059.00
2006 12 15 13 07 00 000    -58.00  -1047.00
2006 12 15 13 08 00 000    -59.00  -1034.00
2006 12 15 13 09 00 000    -59.00  -1008.00
2006 12 15 13 10 00 000    -60.00   -994.00
2006 12 15 13 11 00 000    -61.00  -1012.00
2006 12 15 13 12 00 000    -62.00  -1044.00
2006 12 15 13 13 00 000    -62.00  -1037.00
2006 12 15 13 14 00 000    -62.00  -1086.00
2006 12 15 13 15 00 000    -63.00  -1121.00
2006 12 15 13 16 00 000    -63.00  -1196.00
2006 12 15 13 17 00 000    -64.00  -1176.00
2006 12 15 13 18 00 000    -64.00  -1118.00
2006 12 15 13 19 00 000    -65.00  -1078.00
2006 12 15 13 20 00 000    -65.00  -1023.00
2006 12 15 13 21 00 000    -65.00  -1108.00
2006 12 15 13 22 00 000    -65.00  -1212.00
2006 12 15 13 23 00 000    -66.00  -1230.00
2006 12 15 13 24 00 000    -66.00  -1184.00
2006 12 15 13 25 00 000    -66.00  -1282.00
2006 12 15 13 26 00 000    -67.00  -1323.00
2006 12 15 13 27 00 000    -67.00  -1237.00
2006 12 15 13 28 00 000    -67.00  -1196.00
2006 12 15 13 29 00 000    -67.00  -1152.00
2006 12 15 13 30 00 000    -68.00  -1122.00
2006 12 15 13 31 00 000    -68.00  -1137.00
2006 12 15 13 32 00 000    -69.00  -1180.00
2006 12 15 13 33 00 000    -70.00  -1163.00
2006 12 15 13 34 00 000    -70.00  -1123.00
2006 12 15 13 35 00 000    -70.00  -1136.00
2006 12 15 13 36 00 000    -70.00  -1202.00
2006 12 15 13 37 00 000    -71.00  -1206.00
2006 12 15 13 38 00 000    -70.00  -1215.00
2006 12 15 13 39 00 000    -71.00  -1149.00
2006 12 15 13 40 00 000    -71.00  -1111.00
2006 12 15 13 41 00 000    -72.00  -1059.00
2006 12 15 13 42 00 000    -72.00   -932.00
2006 12 15 13 43 00 000    -71.00   -788.00
2006 12 15 13 44 00 000    -72.00   -788.00
2006 12 15 13 45 00 000    -71.00   -794.00
2006 12 15 13 46 00 000    -71.00   -839.00
2006 12 15 13 47 00 000    -72.00   -825.00
2006 12 15 13 48 00 000    -72.00   -847.00
2006 12 15 13 49 00 000    -72.00   -820.00
2006 12 15 13 50 00 000    -72.00   -769.00
2006 12 15 13 51 00 000    -72.00   -781.00
2006 12 15 13 52 00 000    -72.00   -840.00
2006 12 15 13 53 00 000    -73.00   -835.00
2006 12 15 13 54 00 000    -73.00   -790.00
2006 12 15 13 55 00 000    -73.00   -822.00
2006 12 15 13 56 00 000    -73.00   -888.00
2006 12 15 13 57 00 000    -72.00   -901.00
2006 12 15 13 58 00 000    -72.00   -906.00
2006 12 15 13 59 00 000    -72.00   -944.00
2006 12 15 14 00 00 000    -72.00   -965.00
2006 12 15 14 01 00 000    -72.00   -907.00
2006 12 15 14 02 00 000    -72.00   -875.00
2006 12 15 14 03 00 000    -71.00   -890.00
2006 12 15 14 04 00 000    -71.00   -918.00
2006 12 15 14 05 00 000    -71.00   -977.00
2006 12 15 14 06 00 000    -71.00  -1012.00
2006 12 15 14 07 00 000    -71.00  -1048.00
2006 12 15 14 08 00 000    -71.00  -1046.00
2006 12 15 14 09 00 000    -71.00  -1001.00
2006 12 15 14 10 00 000    -71.00   -996.00
2006 12 15 14 11 00 000    -70.00   -982.00
2006 12 15 14 12 00 000    -70.00   -994.00
2006 12 15 14 13 00 000    -69.00   -901.00
2006 12 15 14 14 00 000    -69.00   -795.00
2006 12 15 14 15 00 000    -69.00   -696.00
2006 12 15 14 16 00 000    -68.00   -735.00
2006 12 15 14 17 00 000    -69.00   -650.00
2006 12 15 14 18 00 000    -69.00   -652.00
2006 12 15 14 19 00 000    -68.00   -677.00
2006 12 15 14 20 00 000    -68.00   -685.00
2006 12 15 14 21 00 000    -67.00   -625.00
2006 12 15 14 22 00 000    -67.00   -632.00
2006 12 15 14 23 00 000    -67.00   -701.00
2006 12 15 14 24 00 000    -67.00   -726.00
2006 12 15 14 25 00 000    -68.00   -724.00
2006 12 15 14 26 00 000    -67.00   -766.00
2006 12 15 14 27 00 000    -68.00   -887.00
2006 12 15 14 28 00 000    -68.00   -902.00
2006 12 15 14 29 00 000    -68.00   -825.00
2006 12 15 14 30 00 000    -68.00   -758.00
2006 12 15 14 31 00 000    -69.00   -712.00
2006 12 15 14 32 00 000    -68.00   -678.00
2006 12 15 14 33 00 000    -68.00   -668.00
2006 12 15 14 34 00 000    -68.00   -589.00
2006 12 15 14 35 00 000    -69.00   -565.00
2006 12 15 14 36 00 000    -69.00   -521.00
2006 12 15 14 37 00 000    -69.00   -495.00
2006 12 15 14 38 00 000    -70.00   -514.00
2006 12 15 14 39 00 000    -69.00   -567.00
2006 12 15 14 40 00 000    -69.00   -592.00
2006 12 15 14 41 00 000    -69.00   -605.00
2006 12 15 14 42 00 000    -70.00   -600.00
2006 12 15 14 43 00 000    -70.00   -665.00
2006 12 15 14 44 00 000    -70.00   -674.00
2006 12 15 14 45 00 000    -70.00   -644.00
2006 12 15 14 46 00 000    -70.00   -601.00
2006 12 15 14 47 00 000    -69.00   -579.00
2006 12 15 14 48 00 000    -69.00   -564.00
2006 12 15 14 49 00 000    -69.00   -573.00
2006 12 15 14 50 00 000    -69.00   -571.00
2006 12 15 14 51 00 000    -69.00   -541.00
2006 12 15 14 52 00 000    -69.00   -564.00
2006 12 15 14 53 00 000    -69.00   -526.00
2006 12 15 14 54 00 000    -69.00   -457.00
2006 12 15 14 55 00 000    -69.00   -433.00
2006 12 15 14 56 00 000    -68.00   -398.00
2006 12 15 14 57 00 000    -69.00   -410.00
2006 12 15 14 58 00 000    -69.00   -432.00
2006 12 15 14 59 00 000    -68.00   -419.00
2006 12 15 15 00 00 000    -68.00   -463.00
2006 12 15 15 01 00 000    -68.00   -503.00
2006 12 15 15 02 00 000    -68.00   -552.00
2006 12 15 15 03 00 000    -67.00   -557.00
2006 12 15 15 04 00 000    -68.00   -535.00
2006 12 15 15 05 00 000    -68.00   -480.00
2006 12 15 15 06 00 000    -68.00   -471.00
2006 12 15 15 07 00 000    -68.00   -455.00
2006 12 15 15 08 00 000    -68.00   -480.00
2006 12 15 15 09 00 000    -68.00   -471.00
2006 12 15 15 10 00 000    -68.00   -452.00
2006 12 15 15 11 00 000    -68.00   -471.00
2006 12 15 15 12 00 000    -68.00   -451.00
2006 12 15 15 13 00 000    -68.00   -439.00
2006 12 15 15 14 00 000    -68.00   -387.00
2006 12 15 15 15 00 000    -68.00   -320.00
2006 12 15 15 16 00 000    -68.00   -329.00
2006 12 15 15 17 00 000    -69.00   -376.00
2006 12 15 15 18 00 000    -69.00   -380.00
2006 12 15 15 19 00 000    -69.00   -360.00
2006 12 15 15 20 00 000    -69.00   -410.00
2006 12 15 15 21 00 000    -68.00   -395.00
2006 12 15 15 22 00 000    -68.00   -386.00
2006 12 15 15 23 00 000    -69.00   -399.00
2006 12 15 15 24 00 000    -68.00   -438.00
2006 12 15 15 25 00 000    -68.00   -462.00
2006 12 15 15 26 00 000    -68.00   -463.00
2006 12 15 15 27 00 000    -68.00   -438.00
2006 12 15 15 28 00 000    -68.00   -434.00
2006 12 15 15 29 00 000    -69.00   -441.00
2006 12 15 15 30 00 000    -68.00   -455.00
2006 12 15 15 31 00 000    -68.00   -476.00
2006 12 15 15 32 00 000    -68.00   -503.00
2006 12 15 15 33 00 000    -68.00   -484.00
2006 12 15 15 34 00 000    -68.00   -452.00
2006 12 15 15 35 00 000    -68.00   -470.00
2006 12 15 15 36 00 000    -69.00   -452.00
2006 12 15 15 37 00 000    -69.00   -415.00
2006 12 15 15 38 00 000    -69.00   -394.00
2006 12 15 15 39 00 000    -68.00   -455.00
2006 12 15 15 40 00 000    -68.00   -473.00
2006 12 15 15 41 00 000    -69.00   -455.00
2006 12 15 15 42 00 000    -69.00   -438.00
2006 12 15 15 43 00 000    -69.00   -375.00
2006 12 15 15 44 00 000    -69.00   -371.00
2006 12 15 15 45 00 000    -69.00   -428.00
2006 12 15 15 46 00 000    -68.00   -481.00
2006 12 15 15 47 00 000    -68.00   -481.00
2006 12 15 15 48 00 000    -69.00   -565.00
2006 12 15 15 49 00 000    -69.00   -594.00
2006 12 15 15 50 00 000    -68.00   -592.00
2006 12 15 15 51 00 000    -69.00   -565.00
2006 12 15 15 52 00 000    -69.00   -496.00
2006 12 15 15 53 00 000    -69.00   -470.00
2006 12 15 15 54 00 000    -69.00   -458.00
2006 12 15 15 55 00 000    -69.00   -466.00
2006 12 15 15 56 00 000    -69.00   -454.00
2006 12 15 15 57 00 000    -69.00   -453.00
2006 12 15 15 58 00 000    -68.00   -431.00
2006 12 15 15 59 00 000    -69.00   -401.00
2006 12 15 16 00 00 000    -69.00   -392.00
2006 12 15 16 01 00 000    -69.00   -384.00
2006 12 15 16 02 00 000    -69.00   -380.00
2006 12 15 16 03 00 000    -68.00   -371.00
2006 12 15 16 04 00 000    -69.00   -350.00
2006 12 15 16 05 00 000    -69.00   -327.00
2006 12 15 16 06 00 000    -69.00   -313.00
2006 12 15 16 07 00 000    -69.00   -326.00
2006 12 15 16 08 00 000    -69.00   -312.00
2006 12 15 16 09 00 000    -69.00   -294.00
2006 12 15 16 10 00 000    -69.00   -258.00
2006 12 15 16 11 00 000    -68.00   -266.00
2006 12 15 16 12 00 000    -67.00   -330.00
2006 12 15 16 13 00 000    -66.00   -337.00
2006 12 15 16 14 00 000    -67.00   -329.00
2006 12 15 16 15 00 000    -67.00   -335.00
2006 12 15 16 16 00 000    -67.00   -361.00
2006 12 15 16 17 00 000    -66.00   -300.00
2006 12 15 16 18 00 000    -65.00   -363.00
2006 12 15 16 19 00 000    -66.00   -462.00
2006 12 15 16 20 00 000    -65.00   -490.00
2006 12 15 16 21 00 000    -66.00   -523.00
2006 12 15 16 22 00 000    -66.00   -543.00
2006 12 15 16 23 00 000    -66.00   -567.00
2006 12 15 16 24 00 000    -66.00   -580.00
2006 12 15 16 25 00 000    -67.00   -587.00
2006 12 15 16 26 00 000    -67.00   -528.00
2006 12 15 16 27 00 000    -68.00   -470.00
2006 12 15 16 28 00 000    -69.00   -441.00
2006 12 15 16 29 00 000    -68.00   -424.00
2006 12 15 16 30 00 000    -68.00   -391.00
2006 12 15 16 31 00 000    -68.00   -396.00
2006 12 15 16 32 00 000    -68.00   -456.00
2006 12 15 16 33 00 000    -69.00   -537.00
2006 12 15 16 34 00 000    -69.00   -500.00
2006 12 15 16 35 00 000    -69.00   -423.00
2006 12 15 16 36 00 000    -68.00   -396.00
2006 12 15 16 37 00 000    -69.00   -384.00
2006 12 15 16 38 00 000    -69.00   -422.00
2006 12 15 16 39 00 000    -70.00   -431.00
2006 12 15 16 40 00 000    -69.00   -391.00
2006 12 15 16 41 00 000    -70.00   -363.00
2006 12 15 16 42 00 000    -69.00   -351.00
2006 12 15 16 43 00 000    -70.00   -297.00
2006 12 15 16 44 00 000    -70.00   -293.00
2006 12 15 16 45 00 000    -70.00   -300.00
2006 12 15 16 46 00 000    -70.00   -249.00
2006 12 15 16 47 00 000    -70.00   -206.00
2006 12 15 16 48 00 000    -70.00   -183.00
2006 12 15 16 49 00 000    -70.00   -201.00
2006 12 15 16 50 00 000    -71.00   -265.00
2006 12 15 16 51 00 000    -72.00   -410.00
2006 12 15 16 52 00 000    -72.00   -279.00
2006 12 15 16 53 00 000    -72.00   -280.00
2006 12 15 16 54 00 000    -72.00   -284.00
2006 12 15 16 55 00 000    -72.00   -301.00
2006 12 15 16 56 00 000    -71.00   -323.00
2006 12 15 16 57 00 000    -71.00   -372.00
2006 12 15 16 58 00 000    -71.00   -425.00
2006 12 15 16 59 00 000    -71.00   -406.00
2006 12 15 17 00 00 000    -72.00   -415.00
2006 12 15 17 01 00 000    -72.00   -437.00
2006 12 15 17 02 00 000    -72.00   -440.00
2006 12 15 17 03 00 000    -72.00   -439.00
2006 12 15 17 04 00 000    -72.00   -435.00
2006 12 15 17 05 00 000    -72.00   -430.00
2006 12 15 17 06 00 000    -72.00   -448.00
2006 12 15 17 07 00 000    -71.00   -439.00
2006 12 15 17 08 00 000    -72.00   -438.00
2006 12 15 17 09 00 000    -72.00   -433.00
2006 12 15 17 10 00 000    -73.00   -434.00
2006 12 15 17 11 00 000    -73.00   -443.00
2006 12 15 17 12 00 000    -73.00   -476.00
2006 12 15 17 13 00 000    -73.00   -493.00
2006 12 15 17 14 00 000    -73.00   -463.00
2006 12 15 17 15 00 000    -73.00   -473.00
2006 12 15 17 16 00 000    -72.00   -493.00
2006 12 15 17 17 00 000    -72.00   -517.00
2006 12 15 17 18 00 000    -72.00   -494.00
2006 12 15 17 19 00 000    -73.00   -473.00
2006 12 15 17 20 00 000    -73.00   -468.00
2006 12 15 17 21 00 000    -73.00   -464.00
2006 12 15 17 22 00 000    -73.00   -454.00
2006 12 15 17 23 00 000    -73.00   -396.00
2006 12 15 17 24 00 000    -73.00   -381.00
2006 12 15 17 25 00 000    -73.00   -367.00
2006 12 15 17 26 00 000    -74.00   -357.00
2006 12 15 17 27 00 000    -74.00   -352.00
2006 12 15 17 28 00 000    -74.00   -363.00
2006 12 15 17 29 00 000    -74.00   -348.00
2006 12 15 17 30 00 000    -74.00   -350.00
2006 12 15 17 31 00 000    -74.00   -347.00
2006 12 15 17 32 00 000    -75.00   -341.00
2006 12 15 17 33 00 000    -75.00   -345.00
2006 12 15 17 34 00 000    -75.00   -343.00
2006 12 15 17 35 00 000    -75.00   -345.00
2006 12 15 17 36 00 000    -75.00   -344.00
2006 12 15 17 37 00 000    -75.00   -352.00
2006 12 15 17 38 00 000    -75.00   -366.00
2006 12 15 17 39 00 000    -74.00   -380.00
2006 12 15 17 40 00 000    -74.00   -390.00
2006 12 15 17 41 00 000    -74.00   -400.00
2006 12 15 17 42 00 000    -74.00   -402.00
2006 12 15 17 43 00 000    -74.00   -397.00
2006 12 15 17 44 00 000    -74.00   -391.00
2006 12 15 17 45 00 000    -74.00   -380.00
2006 12 15 17 46 00 000    -74.00   -374.00
2006 12 15 17 47 00 000    -74.00   -423.00
2006 12 15 17 48 00 000    -75.00   -454.00
2006 12 15 17 49 00 000    -74.00   -440.00
2006 12 15 17 50 00 000    -74.00   -422.00
2006 12 15 17 51 00 000    -74.00   -419.00
2006 12 15 17 52 00 000    -74.00   -451.00
2006 12 15 17 53 00 000    -74.00   -437.00
2006 12 15 17 54 00 000    -74.00   -400.00
2006 12 15 17 55 00 000    -74.00   -433.00
2006 12 15 17 56 00 000    -74.00   -441.00
2006 12 15 17 57 00 000    -74.00   -481.00
2006 12 15 17 58 00 000    -75.00   -511.00
2006 12 15 17 59 00 000    -75.00   -469.00
2006 12 15 18 00 00 000    -75.00   -458.00
2006 12 15 18 01 00 000    -76.00   -472.00
2006 12 15 18 02 00 000    -76.00   -473.00
2006 12 15 18 03 00 000    -76.00   -510.00
2006 12 15 18 04 00 000    -76.00   -556.00
2006 12 15 18 05 00 000    -76.00   -592.00
2006 12 15 18 06 00 000    -77.00   -639.00
2006 12 15 18 07 00 000    -77.00   -663.00
2006 12 15 18 08 00 000    -79.00   -665.00
2006 12 15 18 09 00 000    -78.00   -625.00
2006 12 15 18 10 00 000    -78.00   -591.00
2006 12 15 18 11 00 000    -78.00   -559.00
2006 12 15 18 12 00 000    -79.00   -602.00
2006 12 15 18 13 00 000    -80.00   -564.00
2006 12 15 18 14 00 000    -80.00   -537.00
2006 12 15 18 15 00 000    -79.00   -599.00
2006 12 15 18 16 00 000    -79.00   -813.00
2006 12 15 18 17 00 000    -79.00   -869.00
2006 12 15 18 18 00 000    -80.00   -797.00
2006 12 15 18 19 00 000    -79.00   -712.00
2006 12 15 18 20 00 000    -79.00   -676.00
2006 12 15 18 21 00 000    -78.00   -672.00
2006 12 15 18 22 00 000    -77.00   -544.00
2006 12 15 18 23 00 000    -77.00   -495.00
2006 12 15 18 24 00 000    -77.00   -499.00
2006 12 15 18 25 00 000    -77.00   -497.00
2006 12 15 18 26 00 000    -76.00   -474.00
2006 12 15 18 27 00 000    -75.00   -457.00
2006 12 15 18 28 00 000    -74.00   -452.00
2006 12 15 18 29 00 000    -73.00   -430.00
2006 12 15 18 30 00 000    -72.00   -398.00
2006 12 15 18 31 00 000    -72.00   -402.00
2006 12 15 18 32 00 000    -71.00   -460.00
2006 12 15 18 33 00 000    -71.00   -472.00
2006 12 15 18 34 00 000    -70.00   -433.00
2006 12 15 18 35 00 000    -70.00   -447.00
2006 12 15 18 36 00 000    -70.00   -440.00
2006 12 15 18 37 00 000    -70.00   -492.00
2006 12 15 18 38 00 000    -70.00   -543.00
2006 12 15 18 39 00 000    -70.00   -541.00
2006 12 15 18 40 00 000    -71.00   -498.00
2006 12 15 18 41 00 000    -70.00   -467.00
2006 12 15 18 42 00 000    -70.00   -430.00
2006 12 15 18 43 00 000    -70.00   -418.00
2006 12 15 18 44 00 000    -69.00   -360.00
2006 12 15 18 45 00 000    -69.00   -363.00
2006 12 15 18 46 00 000    -68.00   -376.00
2006 12 15 18 47 00 000    -68.00   -375.00
2006 12 15 18 48 00 000    -67.00   -361.00
2006 12 15 18 49 00 000    -67.00   -337.00
2006 12 15 18 50 00 000    -68.00   -344.00
2006 12 15 18 51 00 000    -69.00   -366.00
2006 12 15 18 52 00 000    -69.00   -389.00
2006 12 15 18 53 00 000    -69.00   -391.00
2006 12 15 18 54 00 000    -68.00   -412.00
2006 12 15 18 55 00 000    -68.00   -433.00
2006 12 15 18 56 00 000    -68.00   -410.00
2006 12 15 18 57 00 000    -68.00   -426.00
2006 12 15 18 58 00 000    -68.00   -412.00
2006 12 15 18 59 00 000    -67.00   -401.00
2006 12 15 19 00 00 000    -68.00   -393.00
2006 12 15 19 01 00 000    -69.00   -363.00
2006 12 15 19 02 00 000    -69.00   -351.00
2006 12 15 19 03 00 000    -68.00   -320.00
2006 12 15 19 04 00 000    -68.00   -338.00
2006 12 15 19 05 00 000    -68.00   -334.00
2006 12 15 19 06 00 000    -68.00   -331.00
2006 12 15 19 07 00 000    -68.00   -334.00
2006 12 15 19 08 00 000    -67.00   -344.00
2006 12 15 19 09 00 000    -67.00   -329.00
2006 12 15 19 10 00 000    -67.00   -320.00
2006 12 15 19 11 00 000    -67.00   -341.00
2006 12 15 19 12 00 000    -67.00   -337.00
2006 12 15 19 13 00 000    -67.00   -326.00
2006 12 15 19 14 00 000    -67.00   -313.00
2006 12 15 19 15 00 000    -67.00   -272.00
2006 12 15 19 16 00 000    -67.00   -255.00
2006 12 15 19 17 00 000    -66.00   -254.00
2006 12 15 19 18 00 000    -66.00   -260.00
2006 12 15 19 19 00 000    -66.00   -269.00
2006 12 15 19 20 00 000    -66.00   -270.00
2006 12 15 19 21 00 000    -66.00   -273.00
2006 12 15 19 22 00 000    -66.00   -285.00
2006 12 15 19 23 00 000    -67.00   -299.00
2006 12 15 19 24 00 000    -68.00   -299.00
2006 12 15 19 25 00 000    -68.00   -299.00
2006 12 15 19 26 00 000    -68.00   -315.00
2006 12 15 19 27 00 000    -69.00   -308.00
2006 12 15 19 28 00 000    -69.00   -284.00
2006 12 15 19 29 00 000    -69.00   -276.00
2006 12 15 19 30 00 000    -68.00   -276.00
2006 12 15 19 31 00 000    -68.00   -291.00
2006 12 15 19 32 00 000    -68.00   -292.00
2006 12 15 19 33 00 000    -68.00   -300.00
2006 12 15 19 34 00 000    -68.00   -321.00
2006 12 15 19 35 00 000    -68.00   -330.00
2006 12 15 19 36 00 000    -68.00   -346.00
2006 12 15 19 37 00 000    -69.00   -333.00
2006 12 15 19 38 00 000    -68.00   -314.00
2006 12 15 19 39 00 000    -68.00   -306.00
2006 12 15 19 40 00 000    -68.00   -370.00
2006 12 15 19 41 00 000    -68.00   -326.00
2006 12 15 19 42 00 000    -68.00   -293.00
2006 12 15 19 43 00 000    -68.00   -290.00
2006 12 15 19 44 00 000    -68.00   -299.00
2006 12 15 19 45 00 000    -68.00   -293.00
2006 12 15 19 46 00 000    -68.00   -318.00
2006 12 15 19 47 00 000    -69.00   -319.00
2006 12 15 19 48 00 000    -68.00   -295.00
2006 12 15 19 49 00 000    -68.00   -288.00
2006 12 15 19 50 00 000    -69.00   -310.00
2006 12 15 19 51 00 000    -69.00   -299.00
2006 12 15 19 52 00 000    -69.00   -307.00
2006 12 15 19 53 00 000    -69.00   -322.00
2006 12 15 19 54 00 000    -68.00   -318.00
2006 12 15 19 55 00 000    -68.00   -339.00
2006 12 15 19 56 00 000    -68.00   -361.00
2006 12 15 19 57 00 000    -68.00   -385.00
2006 12 15 19 58 00 000    -68.00   -526.00
2006 12 15 19 59 00 000    -68.00   -493.00
2006 12 15 20 00 00 000    -67.00   -426.00
2006 12 15 20 01 00 000    -67.00   -397.00
2006 12 15 20 02 00 000    -66.00   -491.00
2006 12 15 20 03 00 000    -65.00   -448.00
2006 12 15 20 04 00 000    -65.00   -412.00
2006 12 15 20 05 00 000    -65.00   -438.00
2006 12 15 20 06 00 000    -65.00   -427.00
2006 12 15 20 07 00 000    -65.00   -469.00
2006 12 15 20 08 00 000    -65.00   -487.00
2006 12 15 20 09 00 000    -66.00   -461.00
2006 12 15 20 10 00 000    -66.00   -452.00
2006 12 15 20 11 00 000    -65.00   -444.00
2006 12 15 20 12 00 000    -65.00   -447.00
2006 12 15 20 13 00 000    -65.00   -473.00
2006 12 15 20 14 00 000    -65.00   -240.00
2006 12 15 20 15 00 000    -66.00   -264.00
2006 12 15 20 16 00 000    -66.00   -453.00
2006 12 15 20 17 00 000    -66.00   -478.00
2006 12 15 20 18 00 000    -67.00   -470.00
2006 12 15 20 19 00 000    -67.00   -493.00
2006 12 15 20 20 00 000    -68.00   -477.00
2006 12 15 20 21 00 000    -68.00   -450.00
2006 12 15 20 22 00 000    -69.00   -416.00
2006 12 15 20 23 00 000    -70.00   -417.00
2006 12 15 20 24 00 000    -70.00   -380.00
2006 12 15 20 25 00 000    -70.00   -346.00
2006 12 15 20 26 00 000    -70.00   -335.00
2006 12 15 20 27 00 000    -70.00   -293.00
2006 12 15 20 28 00 000    -69.00   -313.00
2006 12 15 20 29 00 000    -69.00   -330.00
2006 12 15 20 30 00 000    -69.00   -347.00
2006 12 15 20 31 00 000    -69.00   -285.00
2006 12 15 20 32 00 000    -69.00   -310.00
2006 12 15 20 33 00 000    -69.00   -353.00
2006 12 15 20 34 00 000    -69.00   -335.00
2006 12 15 20 35 00 000    -68.00   -344.00
2006 12 15 20 36 00 000    -68.00   -342.00
2006 12 15 20 37 00 000    -67.00   -334.00
2006 12 15 20 38 00 000    -67.00   -315.00
2006 12 15 20 39 00 000    -66.00   -294.00
2006 12 15 20 40 00 000    -65.00   -264.00
2006 12 15 20 41 00 000    -65.00   -252.00
2006 12 15 20 42 00 000    -64.00   -243.00
2006 12 15 20 43 00 000    -63.00   -267.00
2006 12 15 20 44 00 000    -63.00   -249.00
2006 12 15 20 45 00 000    -64.00   -251.00
2006 12 15 20 46 00 000    -64.00   -321.00
2006 12 15 20 47 00 000    -64.00   -309.00
2006 12 15 20 48 00 000    -65.00   -338.00
2006 12 15 20 49 00 000    -65.00   -350.00
2006 12 15 20 50 00 000    -65.00   -362.00
2006 12 15 20 51 00 000    -66.00   -372.00
2006 12 15 20 52 00 000    -66.00   -375.00
2006 12 15 20 53 00 000    -65.00   -349.00
2006 12 15 20 54 00 000    -64.00   -318.00
2006 12 15 20 55 00 000    -64.00   -313.00
2006 12 15 20 56 00 000    -64.00   -372.00
2006 12 15 20 57 00 000    -63.00   -431.00
2006 12 15 20 58 00 000    -63.00   -475.00
2006 12 15 20 59 00 000    -62.00   -500.00
2006 12 15 21 00 00 000    -62.00   -503.00
2006 12 15 21 01 00 000    -62.00   -498.00
2006 12 15 21 02 00 000    -62.00   -474.00
2006 12 15 21 03 00 000    -62.00   -453.00
2006 12 15 21 04 00 000    -62.00   -444.00
2006 12 15 21 05 00 000    -62.00   -429.00
2006 12 15 21 06 00 000    -61.00   -386.00
2006 12 15 21 07 00 000    -61.00   -345.00
2006 12 15 21 08 00 000    -61.00   -318.00
2006 12 15 21 09 00 000    -60.00   -301.00
2006 12 15 21 10 00 000    -60.00   -290.00
2006 12 15 21 11 00 000    -58.00   -271.00
2006 12 15 21 12 00 000    -57.00   -229.00
2006 12 15 21 13 00 000    -56.00   -210.00
2006 12 15 21 14 00 000    -56.00   -212.00
2006 12 15 21 15 00 000    -55.00   -204.00
2006 12 15 21 16 00 000    -55.00   -195.00
2006 12 15 21 17 00 000    -54.00   -206.00
2006 12 15 21 18 00 000    -54.00   -220.00
2006 12 15 21 19 00 000    -54.00   -222.00
2006 12 15 21 20 00 000    -55.00   -241.00
2006 12 15 21 21 00 000    -55.00   -251.00
2006 12 15 21 22 00 000    -57.00   -240.00
2006 12 15 21 23 00 000    -57.00   -215.00
2006 12 15 21 24 00 000    -57.00   -180.00
2006 12 15 21 25 00 000    -56.00   -159.00
2006 12 15 21 26 00 000    -56.00   -154.00
2006 12 15 21 27 00 000    -56.00   -147.00
2006 12 15 21 28 00 000    -55.00   -138.00
2006 12 15 21 29 00 000    -55.00   -179.00
2006 12 15 21 30 00 000    -54.00   -207.00
2006 12 15 21 31 00 000    -55.00   -217.00
2006 12 15 21 32 00 000    -56.00   -183.00
2006 12 15 21 33 00 000    -55.00   -176.00
2006 12 15 21 34 00 000    -55.00   -204.00
2006 12 15 21 35 00 000    -55.00   -213.00
2006 12 15 21 36 00 000    -55.00   -200.00
2006 12 15 21 37 00 000    -56.00   -190.00
2006 12 15 21 38 00 000    -58.00   -184.00
2006 12 15 21 39 00 000    -58.00   -174.00
2006 12 15 21 40 00 000    -58.00   -188.00
2006 12 15 21 41 00 000    -58.00   -197.00
2006 12 15 21 42 00 000    -58.00   -218.00
2006 12 15 21 43 00 000    -58.00   -233.00
2006 12 15 21 44 00 000    -58.00   -241.00
2006 12 15 21 45 00 000    -57.00   -260.00
2006 12 15 21 46 00 000    -57.00   -277.00
2006 12 15 21 47 00 000    -57.00   -267.00
2006 12 15 21 48 00 000    -57.00   -268.00
2006 12 15 21 49 00 000    -58.00   -276.00
2006 12 15 21 50 00 000    -57.00   -273.00
2006 12 15 21 51 00 000    -57.00   -255.00
2006 12 15 21 52 00 000    -57.00   -258.00
2006 12 15 21 53 00 000    -57.00   -263.00
2006 12 15 21 54 00 000    -57.00   -263.00
2006 12 15 21 55 00 000    -57.00   -250.00
2006 12 15 21 56 00 000    -58.00   -246.00
2006 12 15 21 57 00 000    -58.00   -241.00
2006 12 15 21 58 00 000    -58.00   -218.00
2006 12 15 21 59 00 000    -57.00   -195.00
2006 12 15 22 00 00 000    -56.00   -201.00
2006 12 15 22 01 00 000    -56.00   -219.00
2006 12 15 22 02 00 000    -56.00   -232.00
2006 12 15 22 03 00 000    -55.00   -238.00
2006 12 15 22 04 00 000    -55.00   -259.00
2006 12 15 22 05 00 000    -55.00   -275.00
2006 12 15 22 06 00 000    -55.00   -273.00
2006 12 15 22 07 00 000    -55.00   -248.00
2006 12 15 22 08 00 000    -54.00   -258.00
2006 12 15 22 09 00 000    -54.00   -244.00
2006 12 15 22 10 00 000    -53.00   -249.00
2006 12 15 22 11 00 000    -53.00   -259.00
2006 12 15 22 12 00 000    -52.00   -280.00
2006 12 15 22 13 00 000    -53.00   -286.00
2006 12 15 22 14 00 000    -53.00   -294.00
2006 12 15 22 15 00 000    -54.00   -296.00
2006 12 15 22 16 00 000    -55.00   -297.00
2006 12 15 22 17 00 000    -55.00   -312.00
2006 12 15 22 18 00 000    -55.00   -303.00
2006 12 15 22 19 00 000    -55.00   -292.00
2006 12 15 22 20 00 000    -55.00   -264.00
2006 12 15 22 21 00 000    -55.00   -228.00
2006 12 15 22 22 00 000    -55.00   -202.00
2006 12 15 22 23 00 000    -55.00   -193.00
2006 12 15 22 24 00 000    -55.00   -172.00
2006 12 15 22 25 00 000    -55.00   -180.00
2006 12 15 22 26 00 000    -55.00   -186.00
2006 12 15 22 27 00 000    -56.00   -215.00
2006 12 15 22 28 00 000    -56.00   -221.00
2006 12 15 22 29 00 000    -57.00   -230.00
2006 12 15 22 30 00 000    -57.00   -244.00
2006 12 15 22 31 00 000    -58.00   -240.00
2006 12 15 22 32 00 000    -58.00   -249.00
2006 12 15 22 33 00 000    -59.00   -224.00
2006 12 15 22 34 00 000    -60.00   -183.00
2006 12 15 22 35 00 000    -60.00   -207.00
2006 12 15 22 36 00 000    -61.00   -192.00
2006 12 15 22 37 00 000    -62.00   -182.00
2006 12 15 22 38 00 000    -63.00   -192.00
2006 12 15 22 39 00 000    -63.00   -201.00
2006 12 15 22 40 00 000    -64.00   -200.00
2006 12 15 22 41 00 000    -64.00   -183.00
2006 12 15 22 42 00 000    -63.00   -187.00
2006 12 15 22 43 00 000    -62.00   -192.00
2006 12 15 22 44 00 000    -62.00   -198.00
2006 12 15 22 45 00 000    -61.00   -210.00
2006 12 15 22 46 00 000    -60.00   -224.00
2006 12 15 22 47 00 000    -60.00   -240.00
2006 12 15 22 48 00 000    -61.00   -253.00
2006 12 15 22 49 00 000    -61.00   -252.00
2006 12 15 22 50 00 000    -61.00   -271.00
2006 12 15 22 51 00 000    -62.00   -274.00
2006 12 15 22 52 00 000    -62.00   -274.00
2006 12 15 22 53 00 000    -63.00   -269.00
2006 12 15 22 54 00 000    -63.00   -274.00
2006 12 15 22 55 00 000    -64.00   -254.00
2006 12 15 22 56 00 000    -64.00   -234.00
2006 12 15 22 57 00 000    -65.00   -265.00
2006 12 15 22 58 00 000    -65.00   -273.00
2006 12 15 22 59 00 000    -66.00   -275.00
2006 12 15 23 00 00 000    -67.00   -274.00
2006 12 15 23 01 00 000    -67.00   -251.00
2006 12 15 23 02 00 000    -68.00   -236.00
2006 12 15 23 03 00 000    -68.00   -241.00
2006 12 15 23 04 00 000    -68.00   -250.00
2006 12 15 23 05 00 000    -69.00   -240.00
2006 12 15 23 06 00 000    -70.00   -215.00
2006 12 15 23 07 00 000    -71.00   -194.00
2006 12 15 23 08 00 000    -71.00   -171.00
2006 12 15 23 09 00 000    -72.00   -166.00
2006 12 15 23 10 00 000    -73.00   -184.00
2006 12 15 23 11 00 000    -73.00   -206.00
2006 12 15 23 12 00 000    -73.00   -203.00
2006 12 15 23 13 00 000    -73.00   -187.00
2006 12 15 23 14 00 000    -72.00   -185.00
2006 12 15 23 15 00 000    -72.00   -169.00
2006 12 15 23 16 00 000    -72.00   -165.00
2006 12 15 23 17 00 000    -71.00   -146.00
2006 12 15 23 18 00 000    -71.00   -122.00
2006 12 15 23 19 00 000    -70.00    -87.00
2006 12 15 23 20 00 000    -69.00    -89.00
2006 12 15 23 21 00 000    -69.00    -99.00
2006 12 15 23 22 00 000    -69.00   -101.00
2006 12 15 23 23 00 000    -69.00   -138.00
2006 12 15 23 24 00 000    -69.00   -154.00
2006 12 15 23 25 00 000    -69.00   -151.00
2006 12 15 23 26 00 000    -69.00   -132.00
2006 12 15 23 27 00 000    -70.00   -131.00
2006 12 15 23 28 00 000    -69.00   -129.00
2006 12 15 23 29 00 000    -69.00   -129.00
2006 12 15 23 30 00 000    -69.00   -143.00
2006 12 15 23 31 00 000    -69.00   -147.00
2006 12 15 23 32 00 000    -69.00   -155.00
2006 12 15 23 33 00 000    -70.00   -162.00
2006 12 15 23 34 00 000    -71.00   -170.00
2006 12 15 23 35 00 000    -72.00   -173.00
2006 12 15 23 36 00 000    -72.00   -185.00
2006 12 15 23 37 00 000    -72.00   -193.00
2006 12 15 23 38 00 000    -72.00   -191.00
2006 12 15 23 39 00 000    -72.00   -181.00
2006 12 15 23 40 00 000    -71.00   -171.00
2006 12 15 23 41 00 000    -71.00   -163.00
2006 12 15 23 42 00 000    -70.00   -149.00
2006 12 15 23 43 00 000    -69.00   -166.00
2006 12 15 23 44 00 000    -67.00   -179.00
2006 12 15 23 45 00 000    -67.00   -184.00
2006 12 15 23 46 00 000    -67.00   -178.00
2006 12 15 23 47 00 000    -67.00   -179.00
2006 12 15 23 48 00 000    -66.00   -184.00
2006 12 15 23 49 00 000    -66.00   -195.00
2006 12 15 23 50 00 000    -66.00   -195.00
2006 12 15 23 51 00 000    -66.00   -195.00
2006 12 15 23 52 00 000    -65.00   -194.00
2006 12 15 23 53 00 000    -64.00   -201.00
2006 12 15 23 54 00 000    -63.00   -210.00
2006 12 15 23 55 00 000    -62.00   -215.00
2006 12 15 23 56 00 000    -61.00   -216.00
2006 12 15 23 57 00 000    -61.00   -211.00
2006 12 15 23 58 00 000    -62.00   -219.00
2006 12 15 23 59 00 000    -62.00   -231.00
2006 12 16 00 00 00 000    -62.00   -227.00
