Corrected IMF based on L1.dat
yr mo dy hr mn sc ms bx by bz ux uy uz rho T
 2005  9  1  0 44  7 256     -10.03       6.91      -3.66    -465.96      45.90     -43.86       9.99    101241.83
 2005  9  1  0 45  4 373      -9.88       7.69      -2.21    -466.46      44.74     -44.51      10.05    100848.58
 2005  9  1  0 46  1 497      -9.99       7.60      -2.26    -466.97      43.58     -45.16      10.12    100455.33
 2005  9  1  0 46 57 323      -9.80       7.92      -1.95    -467.71      40.48     -48.43      10.21    100225.33
 2005  9  1  0 47 57 678      -9.84       7.67      -2.52    -467.65      39.37     -48.45      10.02    101612.06
 2005  9  1  0 49  1 983      -9.74       8.28      -0.97    -466.89      40.19     -45.07       9.70    102066.07
 2005  9  1  0 50  2 379      -9.10       8.52      -1.78    -466.82      36.28     -48.56       9.85     99799.78
 2005  9  1  0 51  2 606      -9.55       8.01      -0.53    -466.78      35.27     -49.76      10.02    103087.67
 2005  9  1  0 51 44 830      -8.71       8.81      -3.00    -469.94      36.38     -47.02      10.24    105703.87
 2005  9  1  0 52 37 612      -8.32       8.88      -3.79    -471.23      32.73     -42.95       9.06     98228.21
 2005  9  1  0 54  4 986      -8.75       8.60      -3.72    -466.36      32.34     -46.97       9.08     99717.69
 2005  9  1  0 54 58 705      -8.40       8.81      -3.99    -467.47      38.01     -40.81       9.07    103353.39
 2005  9  1  0 55 58 745      -9.14       8.04      -2.22    -467.46      32.57     -42.00       9.65    111101.17
 2005  9  1  0 56 28 478      -7.84       8.52      -3.44    -472.88      40.60     -37.70      11.02    114903.86
 2005  9  1  0 57 35 835      -8.95       7.94      -0.14    -471.55      37.07     -55.69      11.17    119956.47
 2005  9  1  0 58 26 912      -8.54       8.53      -1.15    -473.17      36.33     -63.38      10.93    129017.28
 2005  9  1  0 59  1 370      -8.07       9.11      -1.59    -477.85      39.40     -54.78      10.79    115496.38
 2005  9  1  1  0  8 993      -8.79       8.73      -1.64    -476.44      40.02     -52.90      10.50    106364.69
 2005  9  1  1  1 17 268      -8.61       8.81      -1.39    -474.92      38.80     -51.60      10.18    106621.20
 2005  9  1  1  2 17 826      -9.02       8.54      -1.63    -474.82      39.35     -50.23      10.85    106189.63
 2005  9  1  1  3 30 709      -8.52       8.86      -1.94    -472.48      37.27     -52.19      11.20    107242.58
 2005  9  1  1  4 39 958      -8.33       8.00      -3.58    -470.81      36.42     -50.30      10.58    114658.63
 2005  9  1  1  5 38 890      -7.57       8.93      -3.63    -471.00      41.56     -46.04      10.70    115244.57
 2005  9  1  1  6 43 334      -8.24       7.85      -3.98    -470.20      37.50     -45.08      10.26    102442.98
 2005  9  1  1  7 27 364      -8.51       5.84      -5.38    -473.08      46.33     -47.10      11.28    124971.91
 2005  9  1  1  8 12 928      -8.98       7.97      -1.03    -475.72      41.47     -57.05      12.34    119633.18
 2005  9  1  1  8 46 161      -7.51       6.84       3.86    -480.68      39.96     -66.28      11.98    156327.06
 2005  9  1  1 10  3 121      -6.03       5.66       7.27    -477.52      40.75     -66.33      11.42    137275.34
 2005  9  1  1 11 36 956      -4.59       4.61       9.29    -471.35      30.02     -70.72       9.85    117252.09
 2005  9  1  1 12 43 234      -4.37       4.52       9.31    -470.22      27.12     -69.35       9.55    116886.97
 2005  9  1  1 13 15 661      -4.69       4.96       8.67    -475.22      30.95     -66.61       9.63    122178.86
 2005  9  1  1 13 54 345      -2.39       2.43      10.31    -479.15      34.37     -75.95      10.41    119392.88
 2005  9  1  1 14  6 851      -1.18       1.68      10.28    -488.16      46.65     -76.82      11.08    119844.02
 2005  9  1  1 14 16  67      -2.13       3.02       9.84    -498.17      49.31     -78.78      10.98    120520.01
 2005  9  1  1 14 31 294       1.10       1.70      10.47    -507.35      44.08     -84.40      10.53    119867.14
 2005  9  1  1 15 29 757       0.10       1.79      10.39    -507.67      42.59     -81.35      10.03    127059.92
 2005  9  1  1 17 28 124      -2.70       4.52       9.09    -495.76      40.36     -75.03       9.65    130780.07
 2005  9  1  1 18 55 647      -0.63       2.90       9.59    -490.33      38.84     -74.83       9.93    121730.43
 2005  9  1  1 19  2 558       0.78       2.29       9.81    -500.90      43.39     -76.48      10.48    114953.85
 2005  9  1  1 19 58 572      -0.08       3.24       9.84    -501.72      37.29     -82.07       9.89    109265.81
 2005  9  1  1 21 42 175      -1.95       4.03       9.46    -492.97      37.04     -73.73       9.50    117246.11
 2005  9  1  1 23 11 186      -3.53       4.89       8.60    -487.32      37.42     -67.54       9.58    128500.58
 2005  9  1  1 25 10  31      -4.70       5.29       7.39    -476.25      24.28     -68.15       9.81    139474.02
 2005  9  1  1 25 17 309      -1.74       4.42       8.91    -486.15      24.68     -72.28       9.12    136376.65
 2005  9  1  1 26  2 232      -3.73       5.36       7.98    -489.05      24.82     -73.12       9.44    154779.30
 2005  9  1  1 27 18 781      -2.84       5.29       7.89    -485.87      25.00     -63.92       9.59    156308.54
 2005  9  1  1 28 39 341      -5.29       5.86       5.75    -481.96      25.19     -53.40       9.70    155271.81
 2005  9  1  1 29 36 821      -0.61       4.05       8.80    -482.44      25.45     -58.02       8.71    134289.08
 2005  9  1  1 30 27 311      -2.97       3.39       7.19    -484.24      26.85     -56.41       8.59    146693.97
 2005  9  1  1 32 14 318      -8.26       5.49       1.77    -475.46      25.28     -41.79       9.29    176410.46
 2005  9  1  1 33 45 702      -9.16       4.55      -1.58    -469.78      22.38     -32.80       9.24    187299.54
 2005  9  1  1 34 39 613      -8.73       5.17      -0.79    -470.87      19.84     -32.89       8.95    170341.71
 2005  9  1  1 35 31  46      -7.22       5.03      -2.39    -472.42      17.74     -32.12       9.32    147908.03
 2005  9  1  1 36 14 755      -7.55       5.29      -0.54    -475.38      17.54     -32.54       9.47    159157.30
 2005  9  1  1 37  6 843      -6.87       4.85       0.69    -476.84      20.89     -33.62       9.11    196499.07
 2005  9  1  1 38 27 188      -7.89       3.78       2.79    -473.12      24.32     -24.60       9.02    199236.73
 2005  9  1  1 39 41 645      -6.73       3.58       3.26    -470.51      17.61     -25.16       7.90    201258.42
 2005  9  1  1 40 43 418      -6.23       3.92       1.95    -470.19      19.57     -20.60       8.82    215759.06
 2005  9  1  1 41 12 911      -7.35       0.68       2.63    -475.72       4.89     -19.91       8.78    243789.11
 2005  9  1  1 42 12 530      -5.63       4.06       2.27    -475.79       8.91     -21.21       8.42    215550.25
 2005  9  1  1 44 12 397      -5.48       5.61      -1.95    -465.05      17.99     -19.35       8.96    172383.17
 2005  9  1  1 44 57 874       1.23       2.75       7.63    -478.50      20.07     -39.33       7.70    164719.96
 2005  9  1  1 45 26  81      -0.30       4.10       6.83    -484.47      14.51     -38.41       7.33    150477.75
 2005  9  1  1 46 24  44      -0.35       3.90       7.00    -484.86      11.02     -42.35       7.04    145190.41
 2005  9  1  1 47 32 842      -1.13       3.22       7.45    -483.19      14.54     -45.42       6.64    148033.58
 2005  9  1  1 48 39 627      -0.15       2.66       7.99    -481.91      19.23     -43.50       6.62    152107.31
 2005  9  1  1 49 40 951      -0.10       2.24       7.50    -481.66      22.94     -40.84       6.91    155249.19
 2005  9  1  1 50 45 430      -1.69       4.21       5.47    -480.82      19.96     -35.95       7.60    166982.07
 2005  9  1  1 51 51  23      -0.81       0.62       8.14    -479.77      11.90     -37.31       7.86    169682.92
 2005  9  1  1 52 48 298      -0.63       1.32       8.68    -480.28      10.15     -46.98       6.93    147863.87
 2005  9  1  1 53 30 799       1.09      -1.16       8.23    -483.58      10.91     -38.80       7.07    160013.84
 2005  9  1  1 54  1 144      -0.61       1.98       5.93    -489.26      17.15     -28.72       7.14    193174.84
 2005  9  1  1 55 28 474      -3.64       7.88       0.61    -484.02      10.36     -16.25       7.75    171266.17
 2005  9  1  1 56 25 671      -4.21       8.40      -0.14    -484.55      21.16     -18.42       7.65    124980.81
 2005  9  1  1 57 17 810      -4.02       8.33      -0.59    -486.05      20.35     -20.07       7.33    134459.09
 2005  9  1  1 58 13  36      -4.12       7.42      -2.07    -486.97      25.88     -15.15       7.26    141806.65
 2005  9  1  1 59  6  75      -4.64       8.05      -1.03    -488.31      23.80     -22.17       7.36    133709.09
 2005  9  1  1 59 59 455      -4.21       7.80      -2.20    -489.59      24.96     -22.72       7.33    136518.14
 2005  9  1  2  1  6 789      -4.56       7.51      -2.46    -488.17      25.65     -19.26       7.50    136984.80
 2005  9  1  2  2  5  20      -4.26       3.86      -4.77    -488.51      26.13     -23.45       7.95    151836.67
 2005  9  1  2  3  2 484      -4.66       4.28      -3.99    -489.00      26.31     -19.67       8.50    163968.18
 2005  9  1  2  3 57 635      -4.00       4.62      -3.66    -489.95      23.15     -18.59       8.53    161591.47
 2005  9  1  2  4 58 802      -3.88       4.10      -4.64    -489.72      16.35     -24.46       8.45    159885.97
 2005  9  1  2  6  1 458      -4.60       3.42      -5.68    -489.20      14.54     -27.60       8.21    158925.70
 2005  9  1  2  6 50 328      -4.37       3.20      -6.08    -491.37      21.45     -28.36       7.97    153435.79
 2005  9  1  2  7 34 444      -4.05       3.67      -4.61    -494.50      25.29     -33.03       8.61    155366.65
 2005  9  1  2  8 23 160      -3.99       3.48      -4.65    -496.75      21.02     -40.75       8.83    156268.23
 2005  9  1  2  9 31 441      -3.56       1.37      -6.20    -495.10      19.13     -40.15       9.01    152780.03
 2005  9  1  2 10 50 369      -3.93       1.13      -6.55    -491.36      13.17     -39.19       7.80    142992.82
 2005  9  1  2 11 34 908      -3.43       1.20      -6.39    -494.41      21.55     -35.23       8.46    157047.32
 2005  9  1  2 12 15 536      -2.95      -0.47      -6.06    -498.28      25.61     -42.97       8.42    161758.44
 2005  9  1  2 13 18 540      -3.31       0.95      -6.33    -497.67      30.36     -32.20       7.36    157043.68
 2005  9  1  2 14 33 602      -3.34       0.94      -6.64    -494.67      27.29     -31.04       7.60    158047.70
 2005  9  1  2 15  0 598      -3.60       0.19      -5.85    -501.30      23.01     -35.66       8.27    173480.46
 2005  9  1  2 16 10 553      -3.12       0.56      -6.73    -499.28      23.34     -29.08       7.74    158994.35
 2005  9  1  2 17 14 572      -1.87       0.07      -6.59    -498.47      22.61     -30.63       7.79    152009.63
 2005  9  1  2 18 13 823      -2.06       0.10      -6.53    -498.62      25.16     -30.09       7.95    150528.86
 2005  9  1  2 19 22 616      -2.91       0.31      -6.63    -496.86      24.72     -27.02       8.13    140190.85
 2005  9  1  2 20 23 645      -3.12       0.68      -5.88    -496.65      24.31     -24.15       8.03    136582.76
 2005  9  1  2 21 11 691      -2.02      -0.53      -6.66    -499.05      28.12     -20.22       7.52    145607.09
 2005  9  1  2 21 57 651      -1.71      -0.15      -6.07    -501.90      28.62     -24.27       7.46    153389.71
 2005  9  1  2 22 56 574      -4.90       2.37      -1.70    -502.12      22.60     -41.36       8.10    164691.70
 2005  9  1  2 24 27 221      -5.01       2.49      -2.50    -495.94      17.35     -49.64       8.54    181896.66
 2005  9  1  2 25 31 929      -5.04       2.00      -2.79    -495.00      19.08     -38.33       8.81    175794.90
 2005  9  1  2 26 32 725      -4.80       1.43      -3.42    -494.84      14.71     -43.38       7.95    173371.41
 2005  9  1  2 27 35 589      -4.43       1.16      -3.37    -494.27      23.59     -34.30       8.27    172572.20
 2005  9  1  2 28 32 458      -4.57       1.75      -2.87    -494.89      21.95     -39.67       8.11    182367.90
 2005  9  1  2 29 37 484      -4.80       1.56      -3.48    -493.90      12.21     -41.73       8.03    169028.96
 2005  9  1  2 30 38 830      -4.75       1.46      -3.73    -493.63      17.53     -35.18       8.02    175962.53
 2005  9  1  2 31 29 324      -4.66       0.50      -4.07    -495.52      19.20     -38.17       8.24    178749.12
 2005  9  1  2 32 31 265      -5.35       0.94      -3.54    -495.13      21.43     -33.20       8.15    167670.17
 2005  9  1  2 33 34 580      -5.61       0.61      -3.01    -494.47      18.89     -35.14       8.45    163424.42
 2005  9  1  2 34 36 989      -4.69       3.91      -2.20    -494.00      16.12     -39.08       8.19    157233.38
 2005  9  1  2 35 39 488      -4.70       3.71      -2.11    -493.50      15.67     -37.47       7.96    155167.38
 2005  9  1  2 36 37 398      -4.08       4.70      -1.37    -493.92      18.57     -36.30       7.95    149973.34
 2005  9  1  2 37 35  80      -4.98       3.54      -1.18    -494.38      21.47     -34.24       7.91    151443.78
 2005  9  1  2 38 37 570      -4.87       3.60      -0.37    -493.88      19.96     -31.59       8.06    166268.07
 2005  9  1  2 39 32 216      -4.81       3.19       0.06    -494.94      16.98     -37.50       8.11    168568.60
 2005  9  1  2 40 20 254      -3.62       2.92       1.80    -497.33      17.06     -38.93       7.83    171455.01
 2005  9  1  2 41 34 852      -1.77       1.27       2.87    -494.42      21.23     -33.16       7.44    173659.97
 2005  9  1  2 42 44 884      -3.88       2.83      -0.34    -492.44      14.14     -33.00       7.55    170123.50
 2005  9  1  2 43 34 827      -3.30       2.46       1.85    -494.43      15.74     -31.13       7.42    176219.12
 2005  9  1  2 44 37 140      -2.66       2.25       3.15    -493.97      10.30     -33.17       7.21    162580.27
 2005  9  1  2 45 43   3      -2.64       1.92       3.27    -492.81      11.08     -33.18       7.49    176603.51
 2005  9  1  2 46 46 120      -2.65       2.16       3.38    -492.20      14.31     -31.90       7.73    168223.27
 2005  9  1  2 48  0 582      -2.81       1.57       4.32    -489.37      16.02     -38.00       7.12    147963.55
 2005  9  1  2 49  3  88      -2.15       1.64       4.33    -488.89      17.73     -32.15       6.97    154029.40
 2005  9  1  2 49 42 485      -3.50       1.79      -0.30    -492.91      10.29     -43.08       8.08    181318.24
 2005  9  1  2 50 22 336      -3.00       1.34      -2.89    -496.91      13.11     -42.34       8.58    176508.04
 2005  9  1  2 51 34 252      -3.96       1.78      -2.62    -494.54      18.96     -30.95       8.51    164065.33
 2005  9  1  2 52 44 635      -3.82       2.66      -2.26    -492.49      14.71     -28.15       8.47    162819.25
 2005  9  1  2 53 36 675      -4.09       2.44      -2.06    -494.06       9.60     -30.02       8.47    161289.28
 2005  9  1  2 54 34 530      -4.36       1.99      -1.69    -494.48      11.32     -28.03       8.49    158847.23
 2005  9  1  2 55 35 256      -4.27       2.86      -1.20    -494.34      13.17     -27.55       8.49    159348.59
 2005  9  1  2 56 39 205      -4.39       2.83      -0.69    -493.56      16.38     -28.93       8.41    164971.94
 2005  9  1  2 57 36 206      -4.92       2.19      -0.29    -494.15      21.61     -26.32       8.32    165109.64
 2005  9  1  2 58 51 519      -4.36       3.17      -0.53    -491.14      18.98     -31.09       8.55    164914.04
 2005  9  1  2 59 34 187      -3.57       3.21      -2.05    -494.55      10.52     -33.02       7.88    154692.06
 2005  9  1  3  0 26  38      -2.80       3.51      -2.57    -496.17      14.72     -26.79       8.28    161949.22
 2005  9  1  3  1 11 221      -2.27       3.48      -2.87    -499.15      16.77     -28.81       8.01    156901.37
 2005  9  1  3  1 59 896      -2.02       4.06      -2.27    -501.45      17.23     -22.84       8.40    159249.84
 2005  9  1  3  3  4 452      -1.98       4.02      -2.63    -500.52      17.99     -25.91       8.13    147106.01
 2005  9  1  3  4 18 575      -3.19       3.75      -2.81    -497.67      15.63     -29.77       7.96    151718.15
 2005  9  1  3  5 27  36      -3.05       3.48      -2.92    -495.97      19.57     -26.43       7.89    157861.64
 2005  9  1  3  6 26  28      -2.75       4.15      -2.31    -496.18      17.06     -26.96       8.02    153778.57
 2005  9  1  3  7 11  77      -1.04       5.12      -1.18    -499.18      11.09     -28.51       7.88    162488.07
 2005  9  1  3  7 55 699      -0.27       5.85      -0.90    -502.30       6.95     -28.24       7.79    163331.12
 2005  9  1  3  9  0 470      -0.97       5.28      -1.34    -501.33       3.90     -28.71       7.65    155471.57
 2005  9  1  3 10 10 271      -1.04       4.78      -1.70    -499.34       6.02     -26.94       7.56    162282.27
 2005  9  1  3 11  6 926      -1.59       3.73      -2.40    -500.02      12.80     -23.89       8.13    167010.85
 2005  9  1  3 12 13 515      -1.60       3.76      -3.59    -498.69      14.64     -25.94       8.21    175941.72
 2005  9  1  3 13  2 892      -1.57       4.42      -3.21    -500.84      17.21     -20.43       8.23    183083.34
 2005  9  1  3 14 19 681      -0.23       3.87      -3.78    -497.44      17.65     -23.92       7.70    156638.12
 2005  9  1  3 14 45  73      -0.47       4.14      -4.60    -504.49      16.88     -26.05       7.37    153568.37
 2005  9  1  3 15 46 110      -0.85       4.76      -3.96    -504.27      19.68     -19.28       7.37    147360.20
 2005  9  1  3 16 42 555       0.27       5.64      -3.35    -505.01      14.52     -24.68       7.39    150782.33
 2005  9  1  3 17 31 380       0.41       5.31      -2.77    -507.33      10.40     -28.00       7.22    163804.66
 2005  9  1  3 18 41 279       0.21       5.27      -2.99    -505.27      13.68     -24.76       7.86    160612.08
 2005  9  1  3 20  2 189      -0.49       6.00      -3.12    -500.98      12.80     -25.82       7.37    148787.51
 2005  9  1  3 21  1 201      -0.20       6.10      -2.17    -501.18      14.29     -22.37       7.25    139539.16
 2005  9  1  3 22  2 209       0.01       6.13      -1.55    -500.98      13.31     -23.13       7.38    143267.81
 2005  9  1  3 23  0 234       0.25       5.19      -3.13    -501.38      12.28     -25.85       7.57    155995.24
 2005  9  1  3 23 55 469       0.17       5.15      -2.65    -502.35      14.54     -24.27       7.64    164733.44
 2005  9  1  3 24 57 235       1.12       5.54      -2.56    -501.99      16.83     -22.35       7.61    157186.49
 2005  9  1  3 26  2 223       0.66       5.64      -3.77    -500.97      17.17     -22.93       7.69    146224.14
 2005  9  1  3 27  9  99       0.93       5.10      -3.41    -499.58      17.39     -22.34       7.77    152792.89
 2005  9  1  3 28 16  13      -2.41       5.06      -0.49    -498.18      17.61     -21.76       7.84    159361.64
 2005  9  1  3 29 25 432      -3.71       4.01       0.80    -496.29      19.32     -22.11       7.78    164258.53
 2005  9  1  3 30 45 438      -3.51       2.90       2.91    -492.33      26.36     -28.24       7.09    162158.71
 2005  9  1  3 31 52 230      -4.05       3.10       2.19    -491.00      18.59     -40.88       6.90    169238.67
 2005  9  1  3 33 11 482      -3.99       3.17       2.17    -487.27      24.26     -36.47       7.39    166574.92
 2005  9  1  3 34  5 914      -3.12       2.51       3.64    -488.34      17.65     -44.08       8.38    160821.89
 2005  9  1  3 34 55 391      -3.13       4.22       1.05    -490.38      11.84     -37.70       7.50    151978.17
 2005  9  1  3 35 47 827      -2.88       4.20       1.55    -491.86      14.43     -30.08       7.56    157189.73
 2005  9  1  3 36 36 579      -3.06       4.36      -1.30    -494.08      17.67     -31.28       7.34    157913.21
 2005  9  1  3 37 37 808      -3.10       3.95       1.49    -493.83      19.32     -32.24       7.17    159819.76
 2005  9  1  3 38 47 776      -2.88       3.83       1.08    -491.87      15.37     -37.07       7.52    163601.25
 2005  9  1  3 39 45 657      -2.90       4.43       0.50    -492.29      12.98     -38.23       7.61    165270.09
 2005  9  1  3 40 40  15      -3.21       3.66       0.38    -493.40      18.53     -31.84       7.37    169308.89
 2005  9  1  3 41 35  44      -3.07       2.65       2.23    -494.38      20.64     -34.06       7.46    172747.83
 2005  9  1  3 42 29  23      -3.73       0.71       3.33    -495.58      18.22     -45.03       7.79    168743.07
 2005  9  1  3 43 35 347      -3.29       2.16       2.72    -494.32      23.09     -45.85       8.01    167106.12
 2005  9  1  3 44 42 592      -2.86       2.21       2.70    -492.89      21.75     -46.10       8.30    173731.14
 2005  9  1  3 45 50 681      -3.02       2.32       2.24    -491.30      21.76     -45.10       7.87    172777.65
 2005  9  1  3 46 50 982      -3.77       1.55       1.99    -491.24      24.30     -39.26       7.79    168081.95
 2005  9  1  3 47 52 471      -3.13       1.84       1.73    -490.95      21.84     -42.62       7.65    157861.76
 2005  9  1  3 48 36  34      -4.38       2.10       1.25    -494.19      18.62     -42.59       8.01    179610.44
 2005  9  1  3 49 36 670      -4.81       1.68       0.59    -494.06      24.47     -34.93       7.76    193925.87
 2005  9  1  3 50 49 838      -4.17       1.78       0.41    -491.47      22.27     -35.89       8.09    179940.75
 2005  9  1  3 51 37 671      -3.85       2.29      -0.66    -493.86      24.49     -33.16       7.82    175762.11
 2005  9  1  3 52 28 681      -3.04       2.51      -1.84    -495.65      20.59     -36.02       8.37    171868.80
 2005  9  1  3 53 17 480      -2.70       2.91      -2.15    -497.89      16.83     -40.64       8.41    168629.28
 2005  9  1  3 54 22 341      -2.07       3.03      -1.81    -496.91      19.59     -38.94       8.48    165046.19
 2005  9  1  3 55 34 762      -3.19       2.89      -1.86    -494.44      19.36     -37.71       8.44    164639.67
 2005  9  1  3 56 41 496      -2.78       2.68      -2.12    -493.11      20.28     -35.92       8.57    164329.13
 2005  9  1  3 57 42  38      -1.95       2.86      -3.05    -493.00      21.46     -35.42       8.48    162680.69
 2005  9  1  3 58 49 623      -4.16       1.99      -0.41    -491.51      17.82     -41.72       7.99    166294.51
 2005  9  1  4  0  4 989      -3.76       2.15      -1.86    -488.52      18.84     -45.26       8.12    171253.48
 2005  9  1  4  0 55   6      -3.97       1.11      -2.53    -490.46      20.79     -41.20       7.93    165578.75
 2005  9  1  4  1 47 572      -4.36       0.70      -2.31    -491.91      23.13     -36.60       7.88    160690.60
 2005  9  1  4  2 52 552      -3.63       2.07      -2.68    -490.94      26.05     -30.68       8.44    159378.68
 2005  9  1  4  3 57 244      -4.03       1.45      -2.62    -490.02      19.77     -34.44       8.56    156548.56
 2005  9  1  4  4 56 746      -3.87       1.29      -1.91    -490.12      19.77     -38.71       8.16    164519.03
 2005  9  1  4  6  4 575      -2.78       2.53      -2.46    -488.60      24.67     -33.66       8.32    157453.51
 2005  9  1  4  7  0 206      -3.50       1.97      -2.34    -489.45      22.89     -36.60       8.26    158455.00
 2005  9  1  4  7 56 556      -3.65       1.89      -2.36    -490.16      20.12     -37.44       8.25    163618.37
 2005  9  1  4  8 54 550      -3.92       1.48      -2.34    -490.55      22.27     -33.51       8.42    159965.81
 2005  9  1  4  9 59 795      -3.57       0.86      -2.58    -489.53      29.99     -31.93       8.68    154848.13
 2005  9  1  4 10 54 929      -3.51       1.50      -2.80    -490.47      31.21     -29.02       8.72    156151.11
 2005  9  1  4 11 53 520      -4.00       1.44      -2.62    -490.75      27.27     -29.50       8.63    158419.00
 2005  9  1  4 12 58 699      -2.96       2.82      -3.06    -489.74      24.34     -32.55       8.41    156093.25
 2005  9  1  4 13 59 352      -3.39       2.26      -3.10    -489.61      24.32     -31.97       8.30    155086.83
 2005  9  1  4 14 55 735      -3.34       2.20      -3.36    -490.32      24.90     -30.88       8.32    156375.90
 2005  9  1  4 15 51 826      -3.57       1.74      -3.29    -491.08      24.27     -30.93       8.15    154448.73
 2005  9  1  4 16 51 176      -4.08       1.00      -3.10    -491.21      25.14     -26.29       8.29    156594.43
 2005  9  1  4 17 56 345      -3.93       0.58      -3.14    -490.20      21.35     -30.68       8.18    156405.44
 2005  9  1  4 19 11  51      -2.80       4.04      -2.38    -487.35      24.25     -31.03       8.02    155697.77
 2005  9  1  4 20  1 494      -3.53       2.35      -2.64    -489.20      26.46     -25.51       8.15    160356.58
 2005  9  1  4 20 56 130      -3.47       2.72      -2.00    -490.24      21.47     -29.56       8.22    164374.01
 2005  9  1  4 21 47 598      -3.83       2.21      -2.60    -491.91      25.53     -26.90       8.24    161162.76
 2005  9  1  4 22 55  52      -3.65       2.27      -2.72    -490.45      21.05     -31.57       8.41    154653.36
 2005  9  1  4 24  5 583      -2.73       0.67      -1.59    -488.40      18.60     -34.94       7.99    170964.04
 2005  9  1  4 25 11 752      -4.00       1.44      -2.38    -487.21      21.50     -31.17       7.93    169050.90
 2005  9  1  4 26  7 110      -4.33       0.21      -2.11    -488.11      21.52     -31.66       8.05    161025.12
 2005  9  1  4 27  8 545      -4.35       0.57      -0.55    -487.83      24.24     -27.79       8.30    161457.23
 2005  9  1  4 28  7 653      -4.62       0.36      -1.68    -488.00      23.98     -29.07       8.47    161793.11
 2005  9  1  4 28 59 573      -4.51       0.34      -1.67    -489.57      20.09     -34.46       8.43    162493.75
 2005  9  1  4 29 54  53      -4.65       0.16      -1.57    -490.64      20.20     -33.03       8.25    167441.40
 2005  9  1  4 30 53 254      -4.94      -0.83      -0.79    -490.80      22.41     -29.94       8.07    170665.79
 2005  9  1  4 31 54 140      -4.56      -0.94      -0.10    -490.63      22.42     -32.06       8.00    169575.57
 2005  9  1  4 32 47 496      -5.06      -0.65      -0.24    -491.93      23.32     -32.34       7.87    165756.12
 2005  9  1  4 33  6 413      -5.16       1.38      -1.36    -500.12      13.79     -32.02       7.23    159343.05
 2005  9  1  4 33 37 343      -2.73       4.48      -2.97    -506.09       6.44     -30.91       6.67    153258.26
 2005  9  1  4 35 26 404      -5.97       0.15      -0.58    -496.10      14.65     -25.33       6.72    153058.73
 2005  9  1  4 36 44 996      -4.55       2.47      -1.30    -492.42      15.55     -32.82       7.22    185858.93
 2005  9  1  4 37 38 374      -3.66       3.50      -1.82    -493.72      13.04     -28.04       6.83    170884.64
 2005  9  1  4 38 44  80      -4.77       2.65      -1.87    -492.60       9.75     -23.69       6.88    166795.44
 2005  9  1  4 39 26 449      -4.21       3.77      -1.92    -496.09       5.40     -28.19       6.46    164261.93
 2005  9  1  4 40  5 890      -3.15       4.71      -2.06    -500.23       1.57     -24.45       6.49    155184.22
 2005  9  1  4 40 40 149      -2.10       5.44      -1.76    -505.50      -3.62     -24.23       6.45    152018.24
 2005  9  1  4 42 35 953      -6.07       1.17      -0.62    -494.20       6.72     -29.09       7.01    164532.17
 2005  9  1  4 44 20 256      -6.54       0.57      -0.79    -485.58      16.64     -28.23       6.94    162925.11
 2005  9  1  4 45 17 486      -6.69       0.88      -0.85    -486.11      15.73     -25.63       6.35    154279.86
 2005  9  1  4 46 16 437      -6.51       0.93      -1.20    -486.31      13.63     -23.70       5.96    154846.58
 2005  9  1  4 47 17  69      -6.28       0.31      -1.62    -486.19      13.38     -21.67       5.95    155565.02
 2005  9  1  4 48 16 276      -6.34       0.77      -1.62    -486.35      12.59     -26.64       6.35    157174.30
 2005  9  1  4 48 59 434      -6.26       1.22      -1.93    -489.60      14.47     -30.51       6.07    165248.48
 2005  9  1  4 49 37 231      -5.25       2.04      -1.49    -493.95      13.60     -27.20       6.85    183623.09
 2005  9  1  4 50 14 597      -0.53       4.72      -1.94    -498.47      -1.84     -27.44       6.56    171841.49
 2005  9  1  4 50 40 303      -0.79       4.02      -1.38    -505.47       1.92     -26.25       6.03    162474.30
 2005  9  1  4 52  7 953       0.72       4.44      -1.25    -499.81       5.24     -28.30       6.30    163772.52
 2005  9  1  4 53  7 755       1.05       4.51      -1.38    -499.85      -0.60     -30.14       6.58    164089.87
 2005  9  1  4 54 38 592       1.52       5.41      -1.21    -493.68       9.10     -24.21       6.18    168230.25
 2005  9  1  4 55 57 372       1.40       5.45      -1.87    -490.00      11.03     -25.83       6.14    176173.53
 2005  9  1  4 56 43 709       2.08       5.45      -1.31    -492.67      11.32     -27.82       5.79    168332.39
 2005  9  1  4 57 41 409       2.08       5.18      -1.13    -493.12       8.13     -25.73       6.31    160165.93
 2005  9  1  4 58 23 930       3.28       4.37      -1.44    -496.59       5.13     -28.31       6.49    171469.39
 2005  9  1  4 59  6 201       4.69       2.99      -0.03    -500.16       2.49     -26.04       6.15    173518.78
 2005  9  1  5  0  9 979       4.24       4.26      -0.38    -499.40       3.77     -23.88       6.12    165259.22
 2005  9  1  5  1 16 455       3.94       3.79      -1.94    -498.09       7.26     -24.94       6.20    171796.14
 2005  9  1  5  2  9 796       4.10       3.87      -1.93    -499.44       8.75     -25.70       6.00    193502.74
 2005  9  1  5  2 58 959       5.21       2.71      -0.63    -501.64       9.50     -31.05       6.10    202057.51
 2005  9  1  5  3 47 222       5.23       2.80      -0.87    -504.04       7.27     -28.95       6.50    177406.32
 2005  9  1  5  4 45 174       5.23       2.56      -1.22    -504.46      11.04     -23.62       6.39    169933.07
 2005  9  1  5  5 48 363       4.91       2.60      -1.61    -503.81       6.57     -28.76       6.38    176828.05
 2005  9  1  5  6 53 608       5.26       2.37      -1.05    -502.73       2.42     -32.87       6.33    183179.98
 2005  9  1  5  8 17 813       4.37       3.90      -1.15    -497.82       1.77     -26.79       5.95    184775.46
 2005  9  1  5  8 58 724       5.00       2.52      -1.99    -501.69       4.40     -29.60       6.09    201068.41
 2005  9  1  5 10 14 602       4.22       3.85      -1.14    -498.47       5.69     -29.03       5.84    196725.61
 2005  9  1  5 11 19 213       4.26       3.63      -1.24    -497.54       6.20     -29.92       6.03    200942.77
 2005  9  1  5 12  0 215       4.84       2.77      -0.80    -501.38       2.93     -29.21       6.12    190797.95
 2005  9  1  5 12 54 438       4.72       3.06      -1.52    -502.56       4.56     -23.90       6.18    187251.98
 2005  9  1  5 13 59 224       4.40       3.56      -0.99    -501.58       1.78     -23.57       6.25    173705.22
 2005  9  1  5 14 52 857       4.57       3.32      -0.90    -502.88       3.82     -22.68       6.55    168571.86
 2005  9  1  5 15 44 690       4.72       3.27      -0.25    -504.56       5.07     -24.10       6.59    175376.28
 2005  9  1  5 16 42 565       4.46       3.61      -0.73    -505.00      -0.97     -31.29       6.33    170192.39
 2005  9  1  5 17 43 799       4.68       3.51      -1.51    -504.75      -0.44     -33.01       6.17    163529.77
 2005  9  1  5 18 49 550       4.12       3.19      -1.47    -503.56       7.87     -26.78       6.06    172613.50
 2005  9  1  5 19 43 566       4.22       3.63      -1.62    -504.80       9.37     -24.47       6.34    167214.48
 2005  9  1  5 20 41 970       4.98       2.77      -0.68    -505.13      11.12     -22.76       6.56    165878.05
 2005  9  1  5 22  1 953       3.91       3.35      -2.09    -501.03      12.70     -24.59       6.41    181954.97
 2005  9  1  5 23 18 495       3.50       4.04      -1.76    -497.68       4.46     -28.99       6.24    175544.93
 2005  9  1  5 24 28 912       3.90       3.54      -0.62    -495.60       3.89     -20.61       7.38    160976.33
 2005  9  1  5 25 34 641       4.24       0.86       2.35    -494.46      10.40     -34.48       5.63    182225.27
 2005  9  1  5 26 40 385       3.50       3.32       0.53    -493.33       8.80     -25.54       6.25    200696.61
 2005  9  1  5 27 47 980       3.46       3.10      -1.93    -491.83       7.03     -20.28       6.50    178352.15
 2005  9  1  5 28 48 929       2.65       3.50      -0.50    -491.65       3.99     -26.94       6.56    158557.08
 2005  9  1  5 30  3 697       2.22       3.82      -0.03    -488.77       4.12     -24.90       6.25    148460.55
 2005  9  1  5 31 15 739       2.56       3.66       0.44    -486.45      -0.11     -28.31       6.16    140860.80
 2005  9  1  5 32  3 356       2.89       3.18       0.07    -488.83      -0.67     -30.35       6.26    154009.69
 2005  9  1  5 32 50 619       3.35       2.98       0.62    -491.31       2.67     -25.83       6.45    165175.88
 2005  9  1  5 33 44 192       2.76       2.70       0.83    -492.58       1.09     -24.55       6.22    166143.17
 2005  9  1  5 34 32 533       2.92       3.37      -0.06    -494.88      -0.79     -25.72       5.60    174536.24
 2005  9  1  5 35 36 792       2.30       3.41      -0.80    -494.04       3.38     -25.30       5.76    179171.11
 2005  9  1  5 36 56 340      -0.88       4.39      -2.02    -490.20       4.39     -30.74       6.35    171321.26
 2005  9  1  5 37 58  82      -2.58       3.82      -2.69    -489.86       4.63     -29.73       6.14    125614.32
 2005  9  1  5 38 48 245      -2.82       4.37      -2.66    -491.78      10.62     -26.07       6.12    132029.70
 2005  9  1  5 39 46 620      -3.26       3.66      -3.02    -492.10      10.97     -23.65       6.10    128987.33
 2005  9  1  5 40 46 502      -3.65       3.37      -3.44    -492.12      10.73     -21.45       6.09    125757.06
 2005  9  1  5 42  9 177      -3.75       3.03      -3.43    -487.71       2.23     -22.56       6.41    122463.33
 2005  9  1  5 42 50 313      -4.25       2.81      -3.18    -491.38      -2.35     -24.35       5.74    121279.70
 2005  9  1  5 43 51 918      -4.22       2.80      -2.87    -491.06       3.78     -24.48       6.08    124602.03
 2005  9  1  5 44 56 643      -4.27       2.70      -2.93    -490.14       4.66     -27.59       6.22    140669.90
 2005  9  1  5 46 18 891       4.59       2.99       0.43    -485.84       7.97     -31.35       6.65    150517.82
 2005  9  1  5 47 49 529       4.95       2.37       1.21    -480.05      13.28     -34.95       7.26    156147.69
 2005  9  1  5 49 20 921       2.53       0.97       1.45    -474.26      18.58     -38.55       7.87    161777.56
 2005  9  1  5 50 32 882       3.35       0.96       0.55    -472.09      21.70     -38.19       7.54    179431.58
 2005  9  1  5 51 10 564       3.38       1.22       1.88    -476.15      15.70     -38.06       6.59    188965.87
 2005  9  1  5 51 27  59       4.07       1.98       1.22    -484.29       5.37     -40.57       6.21    171943.34
 2005  9  1  5 51 55 883       3.61       1.19       1.18    -490.29       4.29     -39.28       6.10    163393.73
 2005  9  1  5 53  0 139       3.70       2.06       0.49    -489.46       5.88     -39.20       6.04    170550.20
 2005  9  1  5 53 55 853       3.56       1.92      -0.26    -490.29       8.94     -33.64       6.19    160674.94
 2005  9  1  5 55 13 598       3.49       2.52      -1.04    -486.86      16.15     -25.34       6.46    148692.45
 2005  9  1  5 56 43 687       2.81       1.88       0.76    -481.14      16.39     -27.57       6.20    153452.64
 2005  9  1  5 58 13 996       0.98       1.96      -0.30    -475.52      15.82     -31.05       6.35    171430.67
 2005  9  1  5 59 57 735      -3.58       2.10      -1.94    -467.64      29.29     -21.98       6.99    153741.20
 2005  9  1  6  0 28 666      -2.93       3.20      -1.23    -472.85      25.52     -26.74       6.71    143215.33
 2005  9  1  6  1  0  47      -2.27       2.91      -1.83    -478.09      23.32     -24.49       6.29    140433.74
 2005  9  1  6  1 30 888      -2.23       2.48      -2.14    -483.56       9.63     -29.65       6.00    143465.15
 2005  9  1  6  2 13 733      -2.13       2.90      -2.19    -486.83       2.70     -33.90       6.01    146718.85
 2005  9  1  6  3  7 306      -2.19       3.04      -1.54    -488.07       0.57     -29.18       6.16    123577.43
 2005  9  1  6  4 18 457      -0.85       3.97      -0.07    -485.93       2.88     -27.14       6.24    118943.62
 2005  9  1  6  5 16 135      -2.37       4.54      -1.28    -486.37       7.68     -29.96       6.23    117375.47
 2005  9  1  6  6  4 415      -2.46       4.58      -0.99    -488.63       9.38     -31.67       6.35    104277.45
 2005  9  1  6  7  1 530      -3.12       4.27      -1.01    -489.19       6.92     -33.11       6.39    106244.89
 2005  9  1  6  7 44 482      -3.38       4.14      -1.01    -492.52       5.39     -33.30       6.14    110189.35
 2005  9  1  6  8 38 208      -3.19       4.28      -0.83    -493.76       9.02     -30.28       6.31    114340.75
 2005  9  1  6  9 35 493      -3.32       4.32      -0.89    -494.29       8.84     -32.71       6.21    113496.67
 2005  9  1  6 10 41 293      -3.79       3.35      -1.16    -493.15      15.17     -31.24       6.28    116986.30
 2005  9  1  6 11 26 369      -4.00       3.08      -1.28    -496.11       8.17     -32.45       6.97    120669.69
 2005  9  1  6 12 25 883      -3.98       3.32      -0.73    -496.20       7.26     -30.67       6.70    121678.77
 2005  9  1  6 13 26 304      -4.08       2.67      -1.17    -496.12       6.78     -28.78       6.37    122603.44
 2005  9  1  6 14 29 596      -4.11       2.52      -1.36    -495.46       9.66     -30.26       6.53    127187.23
 2005  9  1  6 15 22 271      -3.92       2.75      -1.19    -496.93       8.86     -30.39       6.69    129258.14
 2005  9  1  6 16 17 863      -4.10       2.53      -1.06    -497.81      11.42     -30.12       6.96    131714.94
 2005  9  1  6 17 18 431      -4.18       2.59      -1.06    -497.70      10.76     -31.33       6.84    132860.38
 2005  9  1  6 18 29 289      -4.72       2.64      -0.89    -495.52      13.43     -27.86       6.27    129986.27
 2005  9  1  6 19 44 345      -4.76       2.77      -0.59    -492.55      10.80     -28.73       5.92    127464.18
 2005  9  1  6 20 35 100      -3.41       3.33      -1.14    -494.37       6.53     -31.55       6.09    125930.76
 2005  9  1  6 21 15 998      -3.33       3.23      -0.90    -498.19       8.00     -29.80       6.55    125024.97
 2005  9  1  6 22 20  35      -3.34       3.27      -0.92    -497.37       9.88     -29.07       6.69    125472.32
 2005  9  1  6 23 26 775      -3.31       3.17      -0.68    -496.03      11.38     -29.77       6.45    124983.36
 2005  9  1  6 24 23 325      -3.20       3.73      -0.57    -496.71      13.90     -26.43       6.57    123922.98
 2005  9  1  6 25 40 583      -3.04       3.90      -0.49    -493.29      11.01     -27.64       6.06    122019.75
 2005  9  1  6 26 47 175      -3.04       3.97      -0.59    -491.99      10.66     -29.72       6.23    120413.62
 2005  9  1  6 27 39 853      -3.17       3.50      -0.78    -493.43      13.53     -26.10       6.12    125553.68
 2005  9  1  6 28 36   9      -2.74       3.29      -0.39    -494.19      10.38     -29.33       6.38    126885.69
 2005  9  1  6 29 52 158      -2.28       4.00      -0.50    -491.01      14.23     -26.65       6.33    127173.78
 2005  9  1  6 30 48 567      -2.38       3.23      -0.44    -491.72       9.47     -28.02       6.72    127107.53
 2005  9  1  6 31 30 551      -3.25       2.76      -0.25    -495.27       5.48     -30.43       6.48    125915.69
 2005  9  1  6 32 38 380      -2.81       2.89      -0.67    -493.72       9.15     -25.91       6.66    129624.59
 2005  9  1  6 33 44 594      -2.80       3.19      -0.28    -492.50       9.39     -26.99       6.53    133166.91
 2005  9  1  6 34 40 628      -2.68       3.02      -0.30    -493.28      10.27     -26.00       6.40    133607.88
 2005  9  1  6 35 39  83      -1.94       3.31      -0.47    -493.58       9.56     -26.67       6.52    131963.28
 2005  9  1  6 36 44 736      -1.68       3.54      -0.42    -492.47       7.34     -29.41       6.51    129496.95
 2005  9  1  6 37 42 170      -2.53       3.32      -0.52    -492.97       8.27     -28.48       6.39    129560.50
 2005  9  1  6 38 28 465      -2.94       2.55       0.50    -495.69       8.52     -26.39       6.42    133815.80
 2005  9  1  6 39 18 510      -3.35       2.30       0.40    -497.68       5.36     -25.79       6.30    137620.85
 2005  9  1  6 40  8 965      -3.46       1.39       1.31    -499.60       6.68     -23.31       6.17    137990.11
 2005  9  1  6 41 13 173      -3.67       1.44       1.43    -498.75       4.49     -24.41       6.51    138032.80
 2005  9  1  6 42 12 588      -4.17       2.03       0.93    -498.87       4.69     -26.56       5.86    140878.74
 2005  9  1  6 43  5 841      -2.99       3.21       0.30    -500.24       5.80     -19.62       5.97    143041.63
 2005  9  1  6 43 56 912      -3.19       3.09      -0.06    -502.06       1.05     -23.18       5.34    128932.36
 2005  9  1  6 45  3 654      -3.65       3.32      -0.01    -500.68       1.40     -22.59       5.34    125928.57
 2005  9  1  6 46 11 969      -4.06       3.03      -0.05    -499.00       2.29     -21.53       5.41    124086.85
 2005  9  1  6 47 19  33      -3.95       3.14      -0.45    -497.57      -0.30     -25.57       5.23    126814.51
 2005  9  1  6 48 27 251      -3.99       2.67      -0.33    -495.93       1.83     -22.86       5.41    130232.30
 2005  9  1  6 49 27 592      -4.17       2.46      -0.85    -495.86       0.11     -24.33       5.38    133857.09
 2005  9  1  6 50 23 490      -3.81       2.06      -0.89    -496.68      -1.92     -29.01       5.49    133662.61
 2005  9  1  6 51 28 706      -4.03       2.29      -1.16    -495.64      -0.17     -27.17       5.60    134021.78
 2005  9  1  6 52 26 634      -1.08       3.22      -0.84    -496.05      -0.68     -25.73       6.17    147186.82
 2005  9  1  6 53 10 637      -3.04       0.93      -0.54    -499.27       0.33     -28.66       6.58    153373.62
 2005  9  1  6 54  8 738      -2.04       1.00      -0.40    -499.65       3.41     -30.53       6.17    140548.69
 2005  9  1  6 55 18  17      -3.42       1.17      -0.57    -497.78      -0.93     -32.90       6.13    138140.37
 2005  9  1  6 56  8  32      -3.09       1.52      -0.57    -499.79       1.34     -32.73       6.29    142161.99
 2005  9  1  6 57 20 998      -3.02       1.77      -0.44    -497.18       7.94     -28.31       6.45    139999.20
 2005  9  1  6 58 28 676      -3.09       1.91      -0.42    -495.65       5.19     -30.18       6.41    135544.95
 2005  9  1  6 59 21  68      -2.82       1.57      -0.53    -497.17       8.61     -27.01       6.26    140490.28
 2005  9  1  7  0 41   4      -1.57       2.27      -0.14    -493.20       2.31     -30.88       6.23    123270.66
 2005  9  1  7  1 48 291      -2.24       2.53       0.11    -491.77       0.90     -32.38       6.59    136626.43
 2005  9  1  7  2 50 573      -2.58       2.28       0.03    -491.32       5.00     -27.33       6.43    133268.37
 2005  9  1  7  3 58 992      -1.82       2.37       0.50    -489.68       2.17     -28.15       6.55    132269.61
 2005  9  1  7  5  2 835      -2.34       1.99       0.65    -488.94       3.71     -27.05       6.35    137608.64
 2005  9  1  7  6  0 768      -2.31       1.64       1.05    -489.34       3.64     -26.16       6.78    139612.55
 2005  9  1  7  6 52 957      -2.72       1.97       1.06    -490.86       3.04     -26.95       6.68    137190.88
 2005  9  1  7  7 43 867      -2.36       1.46       0.71    -492.64       5.01     -25.59       6.37    138110.26
 2005  9  1  7  8 47  98      -2.62       1.81       0.53    -492.00       5.37     -25.23       6.49    139825.56
 2005  9  1  7  9 57  64      -2.36       2.07       0.48    -490.06       4.38     -26.71       6.67    136839.36
 2005  9  1  7 11 12 438      -1.30       2.32       0.81    -487.08       4.60     -25.00       6.72    129482.29
 2005  9  1  7 12 25 997       1.54       1.39       2.13    -484.49       1.82     -25.46       6.57    119531.84
 2005  9  1  7 12 52 558       2.24       1.07       2.27    -490.94      -1.70     -33.52       5.91    116600.34
 2005  9  1  7 13 40 497       1.87       1.74       2.71    -493.30      -0.82     -31.70       5.84    127801.80
 2005  9  1  7 14 44 345       1.60       2.08       2.53    -492.55      -6.12     -34.97       6.22    118157.43
 2005  9  1  7 15 43 938       1.46       2.30       2.87    -492.63      -7.19     -33.90       6.06    112409.65
 2005  9  1  7 16 48 449       1.67       0.94       2.99    -491.74      -0.03     -30.23       6.30    116785.44
 2005  9  1  7 17 49 399       1.36       1.83       2.64    -491.55      -1.24     -31.60       6.12    117625.20
 2005  9  1  7 18 48 756       1.73       1.63       2.58    -491.68      -1.07     -30.45       6.02    114716.72
 2005  9  1  7 19 47 950       1.20       1.85       2.84    -491.84      -0.60     -28.91       5.94    111356.30
 2005  9  1  7 21  2 355       1.04       2.14       2.98    -489.03      -1.36     -30.75       6.14    113371.38
 2005  9  1  7 22  3 491       1.20       1.68       3.29    -488.81       1.46     -28.62       6.07    113321.15
 2005  9  1  7 23  7 167      -0.47       2.44       2.26    -488.10       0.75     -27.20       5.96    109012.12
 2005  9  1  7 24 16 286      -1.35       2.96       1.41    -486.34       3.73     -25.15       5.93    111516.65
 2005  9  1  7 25 22 182      -1.43       3.19       1.24    -485.21       3.76     -24.84       6.26    116796.51
 2005  9  1  7 26 15 812      -1.41       3.51       0.83    -486.43       0.23     -27.91       6.63    120687.68
 2005  9  1  7 27  3 682      -1.00       2.07       1.29    -488.77       3.27     -28.12       6.74    125555.03
 2005  9  1  7 28  2 918      -1.11       1.91       1.38    -488.92       5.85     -25.71       6.89    126896.41
 2005  9  1  7 29  0 799      -1.30       1.69       1.67    -489.33       5.40     -26.64       6.79    127218.31
 2005  9  1  7 29 55 986      -1.32       1.63       1.61    -490.27       6.00     -24.04       7.10    125206.39
 2005  9  1  7 31  9 966      -1.81       2.12       2.36    -487.56       4.06     -27.05       7.19    120179.84
 2005  9  1  7 32 17 690      -1.93       2.85       2.94    -486.07      -1.13     -28.97       6.92    106584.31
 2005  9  1  7 33 13 889      -1.99       2.50       3.19    -486.80       2.07     -25.67       6.46    107144.59
 2005  9  1  7 34 16 521      -2.31       1.75       3.38    -486.30       0.96     -28.30       6.75    105220.31
 2005  9  1  7 35 14 597      -2.67       1.57       3.45    -486.67      -0.87     -28.12       6.60    116275.70
 2005  9  1  7 36 12 896      -2.28       1.77       3.66    -486.99       2.06     -26.01       6.79    114314.08
 2005  9  1  7 37  3 305       0.25       4.02       2.06    -488.85      -0.39     -27.25       6.22    110187.99
 2005  9  1  7 38  1 556      -0.14       3.94       2.06    -489.18       1.34     -25.27       5.96    110600.04
 2005  9  1  7 38 58 930      -0.47       4.07       2.19    -489.69      -0.07     -26.01       6.13    103433.81
 2005  9  1  7 39 53 413      -0.68       4.28       2.16    -490.77      -3.21     -27.77       6.33     96809.66
 2005  9  1  7 40 56 371      -0.64       4.27       1.81    -490.19      -2.96     -26.35       6.39     99332.48
 2005  9  1  7 42 12 303       0.12       4.11       2.41    -487.11       1.64     -23.75       6.25    109127.28
 2005  9  1  7 43 20 214       0.19       4.31       2.54    -485.59       8.44     -21.69       5.88    118093.41
 2005  9  1  7 44  6 426      -0.63       3.95       2.89    -488.24       8.42     -21.12       5.67    115770.26
 2005  9  1  7 45  2 490       0.65       4.70       0.31    -489.00      -1.55     -25.67       6.00    111227.08
 2005  9  1  7 46  8 389      -0.05       4.55       1.51    -487.86       0.21     -29.11       5.83    124634.19
 2005  9  1  7 47  5 433       0.25       4.93       1.41    -488.43       4.23     -27.98       5.83    121928.62
 2005  9  1  7 48  2 907      -0.05       4.64       1.26    -488.92       0.72     -24.43       5.60    124596.76
 2005  9  1  7 49  8 425      -0.29       3.98       2.95    -487.86       4.91     -16.72       5.55    112396.21
 2005  9  1  7 50 10 786      -0.18       4.45       2.90    -487.40       1.13     -32.29       5.49    124881.21
 2005  9  1  7 51  4 704      -0.06       5.57       1.69    -488.57      -5.16     -27.61       5.48    113844.14
 2005  9  1  7 52  3 873       0.07       5.47       1.74    -488.74      -3.78     -25.93       5.37    107645.23
 2005  9  1  7 53  4 301      -0.60       6.15       0.94    -488.65      -0.82     -25.45       5.23    103114.90
 2005  9  1  7 53 57 794       0.33       6.08       1.31    -489.92      -0.58     -22.58       5.27     97395.94
 2005  9  1  7 55  2 949      -0.02       6.33       1.61    -488.91      -1.09     -23.48       5.29    102217.55
 2005  9  1  7 56 12 662      -0.33       6.36       1.51    -487.04      -3.00     -27.58       5.09    106934.81
 2005  9  1  7 57 19 163      -0.33       5.96       2.00    -485.79      -4.90     -28.25       5.19    106170.42
 2005  9  1  7 58 18 473      -0.16       6.10       0.01    -485.92      -2.78     -25.11       5.62    109579.39
 2005  9  1  7 59 16 437      -0.12       6.48      -1.24    -486.31      -3.54     -22.04       5.61    108686.00
 2005  9  1  8  0 20 135       0.48       5.68      -2.12    -485.61      -8.89     -19.94       5.40     99115.75
 2005  9  1  8  1  9 639       0.34       4.26      -3.34    -487.62      -1.63     -21.15       5.92    110479.54
 2005  9  1  8  2  9 125       0.80       2.40      -2.73    -487.72      -1.89     -25.73       6.02    118117.91
 2005  9  1  8  2 57 326       0.48       2.73      -2.65    -490.01       4.72     -19.87       6.49    121543.65
 2005  9  1  8  3 58  41       0.55       3.34      -1.73    -489.87      -2.73     -22.44       6.72    127969.73
 2005  9  1  8  5  3  73       0.09       2.46      -2.24    -488.89      -3.35     -23.14       6.27    120374.14
 2005  9  1  8  6  5 185      -0.29       2.23      -3.48    -488.48      -2.26     -21.16       6.63    112072.22
 2005  9  1  8  7  5 433      -0.49       2.43      -3.86    -488.43      -3.39     -25.27       6.21    105701.34
 2005  9  1  8  7 47 883       1.73       3.64      -1.41    -491.85      -5.41     -24.28       6.38    113692.31
 2005  9  1  8  8 59 455       2.50       4.03      -0.13    -489.59      -7.48     -24.48       5.88    118997.71
 2005  9  1  8 10  8 736       2.48       2.64      -2.80    -487.80      -9.34     -24.61       5.65    113875.85
 2005  9  1  8 11 10 812       1.82       2.69      -1.64    -487.39      -4.43     -23.10       5.70    117505.29
 2005  9  1  8 12 12 355       1.40       3.67      -1.89    -487.10      -5.23     -23.64       5.65    115105.90
 2005  9  1  8 13  9 929       1.11       3.65      -2.16    -487.56      -7.86     -21.31       5.85    107470.85
 2005  9  1  8 14 11 502       0.28       3.73      -1.98    -487.26      -8.79     -20.61       6.05    104303.51
 2005  9  1  8 15 23 157       0.32       3.35      -1.55    -485.03     -11.94     -26.68       6.40    105298.25
 2005  9  1  8 16 26 580       1.25       3.30      -0.63    -484.38      -9.63     -26.89       6.20    112542.64
 2005  9  1  8 17 16 818       1.00       3.93      -0.15    -486.24      -6.77     -23.13       6.18    115368.24
 2005  9  1  8 18 15 113       0.79       3.49      -0.10    -486.57      -7.22     -25.39       6.21    116011.98
 2005  9  1  8 19 16 124       0.90       4.01       0.25    -486.37      -7.50     -23.98       6.32    106708.63
 2005  9  1  8 20  3 129       1.54       4.39       0.57    -488.88     -10.22     -26.47       5.98    115050.20
 2005  9  1  8 21  3 222       0.67       2.64      -0.43    -488.86     -13.55     -31.88       5.79    104845.62
 2005  9  1  8 22 25 519       0.70       2.71      -1.06    -484.58      -3.05     -25.56       5.86    112588.57
 2005  9  1  8 23 22 523      -0.11       1.50      -2.09    -485.15      -5.37     -28.61       6.12    126637.72
 2005  9  1  8 24  6 587      -0.14       0.68      -1.94    -488.21      -5.75     -31.70       6.16    130619.86
 2005  9  1  8 25  4 679      -0.18       0.72      -2.09    -488.58      -8.56     -32.53       6.13    129817.62
 2005  9  1  8 26  7 560      -0.11       0.79      -1.87    -488.02     -12.34     -32.76       6.10    128208.72
 2005  9  1  8 27  3 547       0.05       0.24      -0.72    -488.80     -10.87     -26.80       6.00    131743.46
 2005  9  1  8 28  9  58       0.93       1.64      -1.19    -487.73     -10.98     -22.64       5.98    126829.16
 2005  9  1  8 29 10 132       0.40       1.26      -0.99    -487.53     -11.62     -23.25       5.89    124396.21
 2005  9  1  8 30 10 635       0.90       2.34      -0.99    -487.43     -10.32     -20.90       6.04    124933.77
 2005  9  1  8 31 22 963       0.60       2.57      -0.86    -485.07     -11.58     -18.46       6.23    118019.59
 2005  9  1  8 32 23 272       1.59       2.88       0.12    -485.01     -12.05     -22.82       5.70    116329.17
 2005  9  1  8 33 22 219       2.13       3.23       0.18    -485.21      -8.00     -24.84       5.30    114606.94
 2005  9  1  8 34 18 525       2.31       2.79      -0.41    -485.91     -10.33     -27.61       5.18    116161.05
 2005  9  1  8 35 22 539       2.70       2.87      -0.22    -485.15      -9.20     -27.19       5.44    114656.84
 2005  9  1  8 36 31 532       2.28       3.00       0.06    -483.44      -4.65     -25.68       5.37    116837.52
 2005  9  1  8 37 30 403       2.23       2.99      -1.00    -483.65     -10.37     -27.84       5.33    107678.31
 2005  9  1  8 38 18 254       2.23       3.05       0.99    -485.97      -3.37     -15.62       5.50     99055.98
 2005  9  1  8 39  5 102       2.46       3.23       0.78    -488.50     -12.83     -22.10       6.14    102916.16
 2005  9  1  8 40 13 947       2.00       2.84      -0.19    -486.79      -9.99     -23.10       6.13    116205.31
 2005  9  1  8 41  7 607       2.38       3.60      -0.27    -488.01      -7.33     -17.27       5.97    102645.14
 2005  9  1  8 41 58  25       3.01       3.38      -0.01    -489.87     -10.62     -17.75       5.60    101539.19
 2005  9  1  8 42 59 604       3.01       3.23      -0.04    -489.56      -9.14     -18.00       5.85     95883.01
 2005  9  1  8 44  8 213       3.22       3.31       0.27    -487.90     -11.38     -18.75       5.67     97505.08
 2005  9  1  8 45  5 614       3.13       3.36       0.35    -488.40     -15.77     -20.69       5.60    101158.85
 2005  9  1  8 45 59 295       2.89       3.47      -0.04    -489.62     -13.08     -20.48       5.82     99734.24
 2005  9  1  8 47  3 408       2.69       3.37      -0.20    -488.82     -10.43     -19.13       5.85     99860.33
 2005  9  1  8 48  5 221       3.01       3.41       0.08    -488.47     -12.86     -19.98       6.04    103060.01
 2005  9  1  8 49  2 546       2.96       3.07       0.97    -488.99     -10.93     -22.27       5.53    118151.76
 2005  9  1  8 49 55 647       2.96       2.48       0.46    -490.33     -13.80     -21.28       6.33     97414.83
 2005  9  1  8 50 49 378       3.33       2.71       0.67    -491.56     -12.83     -22.17       5.57    103585.88
 2005  9  1  8 51 53 274       3.61       2.39       0.93    -490.80      -8.83     -17.42       6.12    102208.23
 2005  9  1  8 52 47 195       3.60       2.10       1.17    -491.99     -13.87     -20.53       5.80    103025.77
 2005  9  1  8 54  0 773       3.37       2.09       0.98    -489.34     -11.46     -23.49       6.05    104850.32
 2005  9  1  8 54 58 724       3.68       2.29       0.94    -489.73      -9.85     -20.47       6.05    110579.63
 2005  9  1  8 56  7 436       3.61       1.85       1.40    -488.05     -11.84     -24.14       5.95    112217.90
 2005  9  1  8 57 14 473       3.11       2.31       0.82    -486.69      -7.89     -20.04       5.81    110779.22
 2005  9  1  8 58  9 903       0.81       3.72      -0.24    -487.57      -4.72     -18.78       5.89    107754.70
 2005  9  1  8 59  0 969       0.82       3.82      -0.04    -489.30      -2.74     -19.96       6.06    104331.70
 2005  9  1  8 59 55 227       0.73       3.86      -0.46    -490.42      -1.78     -20.89       5.88    102524.71
 2005  9  1  9  1  4 586       1.40       3.60      -0.32    -488.60      -3.31     -21.01       5.91    101543.52
 2005  9  1  9  2 14 363       1.21       3.56      -0.70    -486.71      -5.13     -18.97       6.30     98778.15
 2005  9  1  9  3 12 365       0.84       3.79      -0.64    -487.10      -6.96     -17.88       6.65     93348.22
 2005  9  1  9  4 13 806       0.73       3.67      -1.05    -486.82     -11.24     -20.66       6.59     91954.77
 2005  9  1  9  5  7 762       0.31       4.03      -0.72    -487.98     -12.32     -20.09       5.76     98732.66
 2005  9  1  9  6  9 302      -0.63       2.51       1.13    -487.69     -10.18     -18.37       6.10     94673.19
 2005  9  1  9  7  5 821      -1.05       2.82       2.08    -488.36     -12.71     -19.66       5.63    109365.94
 2005  9  1  9  8  9  42      -0.61       3.51       0.82    -487.74      -8.21     -21.00       6.35     88247.57
 2005  9  1  9  9  6 157      -0.84       3.69       0.12    -488.29     -13.63     -21.55       6.57     80043.31
 2005  9  1  9 10  3 413      -1.50       3.19      -0.45    -488.82     -11.84     -23.20       6.91     85804.05
 2005  9  1  9 11 10 588      -2.14       3.23      -0.75    -487.44      -6.35     -20.69       7.23     86954.89
 2005  9  1  9 12  6 613      -2.51       3.36      -0.87    -488.20      -9.05     -22.25       6.82     87932.55
 2005  9  1  9 13 18 577      -3.09       3.18      -1.36    -485.90      -7.42     -18.05       6.84     85931.93
 2005  9  1  9 14 21 213      -3.18       2.87      -0.96    -485.40      -9.91     -20.02       6.93     91524.24
 2005  9  1  9 15  8 778      -3.89       2.41      -1.25    -487.79     -13.02     -22.75       6.50    102183.56
 2005  9  1  9 16  5 625      -4.23       1.71      -1.16    -488.40      -9.60     -21.01       6.31    104364.92
 2005  9  1  9 17 13 817      -4.48       0.32      -1.77    -486.82      -8.91     -19.23       6.27    102171.22
 2005  9  1  9 18 17 272      -4.09      -0.22      -1.52    -486.15      -9.03     -19.44       6.30    105756.43
 2005  9  1  9 19 14 597      -3.81      -0.65      -1.59    -486.67      -4.96     -18.37       6.78    107227.97
 2005  9  1  9 20 11 897      -3.90      -1.38      -1.16    -487.19      -6.44     -18.59       7.01    103701.15
 2005  9  1  9 21 12 157      -3.64      -1.99      -1.06    -487.14      -4.48     -22.93       6.75    107835.75
 2005  9  1  9 22 27 574      -2.64      -1.40      -0.88    -484.19      -0.05     -17.75       6.79     97094.81
 2005  9  1  9 23 18 165       2.32       2.16      -1.14    -485.98      -5.90     -17.93       7.11     98740.39
 2005  9  1  9 24 15 155       2.59       2.22      -0.77    -486.56      -8.28     -20.61       7.07    103240.89
 2005  9  1  9 25 13 109       2.90       2.18      -0.76    -486.95      -4.64     -18.33       7.20    104534.33
 2005  9  1  9 26  7 565       1.49       2.81      -1.22    -488.02      -7.88     -19.88       6.94    108229.37
 2005  9  1  9 27 30 624       0.03       2.84      -1.25    -483.61      -2.50     -15.12       6.70    102087.73
 2005  9  1  9 28 48 106      -0.04       3.01      -1.13    -480.32      -6.37     -16.50       6.60    100421.07
 2005  9  1  9 29 37 436       0.59       3.09      -1.09    -482.32     -11.85     -16.41       6.68     94927.53
 2005  9  1  9 30 30 693       0.77       3.12      -1.12    -483.60      -9.38     -14.47       6.58     96316.20
 2005  9  1  9 31 33 692       0.76       2.89      -1.00    -483.03      -4.60     -11.94       6.59     93951.18
 2005  9  1  9 32 39 431       0.88       3.10      -0.96    -481.94      -0.42      -9.29       6.74     87328.26
 2005  9  1  9 33 15 931      -1.79       2.07      -2.50    -486.41      -3.59     -16.72       6.62     90738.11
 2005  9  1  9 33 56 212      -2.52       1.93      -2.95    -490.22      -9.19     -24.34       6.13     96036.89
 2005  9  1  9 35 10 298      -2.63       2.05      -2.87    -487.49      -7.26     -19.62       5.80     93222.44
 2005  9  1  9 36  7 425      -2.56       2.29      -2.74    -488.05      -3.65     -18.03       6.00     95169.26
 2005  9  1  9 37  1  10      -2.35       1.04      -3.18    -489.29      -0.17     -19.87       6.21     96979.50
 2005  9  1  9 38  5 568      -2.31       1.24      -3.27    -488.41       2.59     -18.00       6.27     95246.81
 2005  9  1  9 39  8 990      -2.31       1.52      -3.10    -487.75      -2.63     -22.01       6.36     93719.06
 2005  9  1  9 40  2 784      -2.47       1.70      -2.67    -488.95      -3.54     -25.27       6.31     99795.63
 2005  9  1  9 41 22  62      -2.11       1.73      -2.42    -485.24      -1.50     -19.45       6.09     99943.19
 2005  9  1  9 42  7 695      -2.56       1.28      -3.16    -488.00      -3.69     -22.53       6.29     99932.78
 2005  9  1  9 43 29 254      -2.62       1.08      -3.36    -483.87      -4.20     -16.79       5.66     98968.56
 2005  9  1  9 44 30 234      -2.55       0.90      -3.56    -483.68      -5.54     -14.70       6.17     98179.13
 2005  9  1  9 45 22 298      -2.45       0.33      -3.65    -485.19      -6.26     -19.36       6.01    102340.17
 2005  9  1  9 46 21 271      -2.00       0.49      -3.69    -485.39      -1.10     -20.41       6.29    100174.44
 2005  9  1  9 47 17 857      -2.50       0.45      -3.15    -486.04       0.76     -20.70       6.25    100699.84
 2005  9  1  9 48 12 630      -2.39       2.46      -1.63    -487.05      -0.77     -21.84       6.18     98081.71
 2005  9  1  9 49  7 664      -2.47       2.00      -2.30    -488.00      -1.11     -22.07       6.38     96550.26
 2005  9  1  9 50  7 493      -2.54       1.65      -2.44    -488.04      -2.52     -22.50       6.50     98187.47
 2005  9  1  9 51 14  14      -2.35       1.46      -2.84    -486.78      -3.56     -21.50       6.49     97181.18
 2005  9  1  9 52 18 102      -2.64       1.69      -2.66    -486.00      -1.56     -18.40       6.37     98162.85
 2005  9  1  9 53 20  78      -2.67       1.72      -2.71    -485.62      -5.74     -21.37       6.06     98358.14
 2005  9  1  9 54 22 528      -2.63       1.60      -2.81    -485.15      -7.60     -21.54       5.88     97084.23
 2005  9  1  9 55 19 947      -3.14       2.02      -1.79    -485.64      -4.54     -17.14       6.29     93524.44
 2005  9  1  9 56 19 419      -3.31       1.80      -1.99    -485.74      -6.14     -18.60       5.89     92414.70
 2005  9  1  9 57 19  58      -3.48       2.12      -1.45    -485.81      -0.37     -13.06       6.07     92114.65
 2005  9  1  9 58 17 705      -3.23       2.15      -0.65    -486.07      -3.77     -11.36       6.05     91368.37
 2005  9  1  9 59 12 833      -3.52       2.23      -1.03    -487.01      -9.55     -18.67       6.00     88755.73
 2005  9  1 10  0 31  78      -2.45       3.52      -0.28    -483.52      -0.80     -13.72       6.60     95745.73
 2005  9  1 10  1 36 185      -3.07       2.77      -0.73    -482.56      -5.34     -12.70       7.05     92258.73
 2005  9  1 10  2 36 201      -3.16       2.83      -1.03    -482.55      -4.62     -11.92       7.03     88951.39
 2005  9  1 10  3 45 676      -3.38       2.47      -0.72    -480.77      -4.95     -13.05       7.13     88702.96
 2005  9  1 10  4 51 935      -3.22       2.43      -1.57    -479.60      -4.95     -13.82       7.16     90190.41
 2005  9  1 10  5 51 554      -2.96       2.29      -2.20    -479.67      -2.30     -13.14       7.01     92403.89
 2005  9  1 10  6 52  15      -2.86       1.91      -2.23    -479.59      -4.05     -14.94       6.82     92984.03
 2005  9  1 10  7 56 646      -2.87       2.12      -2.48    -478.73      -8.42     -17.73       6.73     93029.40
 2005  9  1 10  9  3 284      -2.98       2.07      -2.19    -477.50      -7.46     -16.31       6.97     94352.67
 2005  9  1 10 10  1 667      -2.95       2.38      -2.12    -477.79      -7.54     -15.60       7.25     92080.96
 2005  9  1 10 10 58  89      -3.04       2.41      -2.90    -478.46      -9.22     -18.56       6.73     90510.79
 2005  9  1 10 11 54 232      -3.27       2.49      -2.56    -479.17      -6.65     -17.84       6.24     94084.45
 2005  9  1 10 12 58 941      -3.31       2.35      -2.68    -478.30      -9.00     -20.52       6.47     94776.38
 2005  9  1 10 13 49 203      -3.33       2.53      -2.67    -480.11      -5.11     -16.80       6.25     95897.07
 2005  9  1 10 14 44  44      -3.30       2.16      -3.12    -481.08      -6.30     -15.58       6.58     96368.10
 2005  9  1 10 15 43 692      -3.49       2.03      -2.95    -481.14      -7.46     -18.35       5.97     94377.52
 2005  9  1 10 16 45 820      -3.09       1.59      -3.39    -480.75      -6.04     -15.88       5.90     91580.10
 2005  9  1 10 17 57 319      -2.41       1.64      -3.85    -478.60      -6.12     -15.63       6.00     91560.16
 2005  9  1 10 18 56 350      -3.15       1.42      -3.47    -478.78      -6.21     -18.47       6.17     91776.70
 2005  9  1 10 19 45 628      -2.74       1.46      -3.77    -480.78      -2.40     -15.94       6.17     94363.19
 2005  9  1 10 20 43 985      -2.93       1.08      -4.05    -481.09      -3.44     -15.09       6.01     95618.77
 2005  9  1 10 21 50 707      -2.63       1.36      -3.95    -479.83      -3.07     -14.41       5.92     93750.19
 2005  9  1 10 22 55 129      -2.15       2.97      -3.81    -479.01      -3.47     -12.34       6.14     87532.57
 2005  9  1 10 23 54 280      -2.19       3.16      -3.77    -479.17     -10.37     -13.80       6.25     80184.52
 2005  9  1 10 24 49 684      -2.06       3.14      -3.69    -480.02      -9.81     -14.67       6.01     80791.06
 2005  9  1 10 25 46 834      -2.15       1.76      -4.15    -480.56      -6.53     -13.70       6.31     85102.81
 2005  9  1 10 26 48 833      -1.43       2.77      -4.18    -480.18      -7.00     -14.19       6.13     84561.97
 2005  9  1 10 27 48  42      -1.03       3.30      -3.87    -480.33      -4.97     -11.68       6.28     83024.05
 2005  9  1 10 28 46 300      -3.04       2.12      -3.29    -480.65      -7.92     -16.16       5.97     81610.98
 2005  9  1 10 29 50 177      -2.80       2.34      -3.35    -479.93     -10.09     -19.54       5.91     90448.05
 2005  9  1 10 30 53 528      -2.98       2.22      -3.37    -479.31      -5.71     -13.13       6.12     88422.72
 2005  9  1 10 31 52 997      -2.79       2.84      -3.29    -479.40      -6.37     -17.13       5.98     88673.08
 2005  9  1 10 32 57 906      -2.65       3.13      -3.45    -478.49      -6.18     -11.43       6.01     81771.27
 2005  9  1 10 34  3 522      -2.84       2.98      -3.57    -477.45      -8.43     -10.74       6.43     74618.87
 2005  9  1 10 35  4 615      -2.77       3.00      -3.59    -477.25     -11.99     -12.19       6.23     75692.15
 2005  9  1 10 35 57 960      -2.73       2.72      -3.75    -478.48      -9.80     -12.25       6.05     80571.84
 2005  9  1 10 36 51 859      -2.50       2.65      -3.89    -479.62      -9.42     -13.23       5.87     83434.46
 2005  9  1 10 37 51  18      -2.55       2.67      -3.78    -479.77      -9.78     -13.09       5.85     83646.48
 2005  9  1 10 38 52 449      -2.61       2.29      -3.96    -479.51      -6.85     -10.54       6.16     82948.23
 2005  9  1 10 39 57 610      -2.67       2.02      -4.07    -478.55      -7.77     -11.37       6.15     82080.47
 2005  9  1 10 41  5 986      -3.00       1.77      -4.02    -477.00     -11.30     -14.71       5.84     81875.12
 2005  9  1 10 42  2 434      -2.59       1.48      -4.21    -477.65      -7.14     -12.15       5.97     83227.42
 2005  9  1 10 42 47 160      -2.60       0.74      -4.42    -480.49      -9.38     -14.79       5.86     82435.52
 2005  9  1 10 43 44 140      -1.94       1.69      -4.28    -481.06     -12.82     -13.54       6.28     82344.69
 2005  9  1 10 44 49 293      -1.76       1.61      -4.35    -480.10      -8.16     -11.88       6.24     84596.23
 2005  9  1 10 46  6 452      -1.71       1.45      -4.38    -476.91     -11.13     -11.69       6.70     80802.88
 2005  9  1 10 47  1 510      -1.60       1.47      -4.27    -477.82      -5.76      -6.21       6.55     80134.28
 2005  9  1 10 48  9 591      -1.98       1.64      -4.03    -476.33     -10.89      -9.22       6.93     82961.30
 2005  9  1 10 49  4 832      -1.30       0.88      -4.32    -477.21     -11.74     -10.10       6.81     83606.47
 2005  9  1 10 49 56 522      -1.32       1.15      -4.19    -478.75      -8.58      -9.04       6.93     84144.24
 2005  9  1 10 50 57 147      -1.99       1.11      -4.02    -478.63      -9.35      -9.62       6.80     81752.40
 2005  9  1 10 51 59 750      -2.04       1.61      -3.80    -478.15      -6.46      -6.93       6.69     79591.32
 2005  9  1 10 53  0 916      -2.40       3.19      -2.38    -477.93      -9.27      -9.07       6.66     82728.76
 2005  9  1 10 53 50 536      -2.46       3.31      -2.86    -479.86     -15.27     -15.62       6.46     82359.48
 2005  9  1 10 54 38 337      -2.31       3.61      -1.12    -482.15     -14.42     -15.85       6.21     80840.01
 2005  9  1 10 55 41 142      -2.40       3.33      -1.18    -481.62     -13.71     -14.02       6.45     82376.30
 2005  9  1 10 56 45 761      -2.26       2.98      -3.57    -480.76     -15.99     -17.40       6.74     79203.52
 2005  9  1 10 57 43 271      -2.01       2.74      -3.92    -481.22     -10.66     -14.77       6.12     80895.08
 2005  9  1 10 58 43 740      -2.17       2.45      -3.99    -481.13     -13.46     -15.32       6.44     76969.33
 2005  9  1 10 59 54 280      -2.33       3.16      -3.80    -479.17     -14.21     -15.39       5.76     77780.51
 2005  9  1 11  0 51 999      -1.15       1.95      -4.56    -479.59     -12.19     -10.88       6.32     77029.38
 2005  9  1 11  1 42 478      -1.20       2.30      -4.49    -481.37     -14.30     -14.25       6.62     78477.53
 2005  9  1 11  2 57 896      -1.54       0.29      -5.08    -478.49     -10.07     -12.84       6.63     80251.80
 2005  9  1 11  3 53 104      -1.81       0.49      -4.92    -479.38     -10.66      -6.80       6.42     77481.16
 2005  9  1 11  4 51 484      -1.54       1.68      -4.37    -479.69     -14.09      -7.91       6.48     80421.25
 2005  9  1 11  5 55 210      -0.62       1.76      -4.65    -478.99     -10.99      -7.67       6.49     79579.18
 2005  9  1 11  6 59 756      -0.52       1.15      -5.28    -478.15     -11.79      -7.67       6.55     72388.58
 2005  9  1 11  7 53 936      -0.53       1.65      -5.11    -479.23     -14.32      -7.15       6.55     69159.32
 2005  9  1 11  8 44 795      -0.58       1.44      -5.05    -480.94     -11.40      -4.61       6.68     73158.04
 2005  9  1 11  9 51 881      -3.27       2.50      -3.14    -479.61     -10.99      -4.06       6.59     76644.79
 2005  9  1 11 11  5 379      -2.93       2.52      -3.36    -477.11     -13.94      -4.72       6.35     77286.62
 2005  9  1 11 12  8 352      -2.59       2.32      -3.02    -476.56     -13.06      -2.94       6.39     78618.19
 2005  9  1 11 13  9 835      -2.65       2.97      -3.30    -476.29     -12.56      -3.21       6.31     79084.89
 2005  9  1 11 14  6  67      -2.89       2.97      -3.10    -476.98     -12.16      -6.78       5.99     77955.52
 2005  9  1 11 14 59 529      -3.19       2.44      -3.31    -478.19     -10.30      -5.85       5.98     77211.26
 2005  9  1 11 16  6 550      -3.29       2.30      -3.08    -476.89     -12.87      -6.12       6.60     72088.19
 2005  9  1 11 17  2 607      -3.45       2.27      -3.39    -477.62      -8.92      -2.76       6.53     71672.88
 2005  9  1 11 18  7 554      -3.44       2.21      -3.47    -476.71     -15.03      -7.57       7.07     71725.40
 2005  9  1 11 19  5  92      -2.83       0.91      -4.55    -477.16     -15.20     -10.79       6.07     71511.83
 2005  9  1 11 20 12 759      -2.75       1.25      -4.65    -475.75     -10.70      -6.11       6.83     61106.15
 2005  9  1 11 21  8 178      -2.78       1.29      -4.60    -476.59     -12.64      -5.81       6.84     58262.07
 2005  9  1 11 22 12  56      -2.81       1.07      -4.59    -475.88     -10.87      -4.81       6.80     57793.13
 2005  9  1 11 23 16 224      -3.03       1.06      -4.54    -475.12     -11.90      -5.41       7.01     56390.22
 2005  9  1 11 24 17 531      -2.75       0.85      -4.66    -474.88     -13.00      -7.41       6.99     58372.30
 2005  9  1 11 25 15 896      -2.82       0.68      -4.58    -475.18     -10.55      -5.66       6.79     60279.26
 2005  9  1 11 26 12 650      -2.83       0.56      -4.57    -475.77      -9.05      -3.91       6.77     61260.59
 2005  9  1 11 27 10 918      -2.52       0.24      -4.70    -476.09     -10.31      -4.36       6.53     63064.14
 2005  9  1 11 28  9 509      -2.46       0.37      -4.48    -476.35     -10.92      -4.43       6.28     66894.03
 2005  9  1 11 29  8 303      -2.33       0.13      -4.52    -476.57     -11.67      -5.62       6.66     70885.56
 2005  9  1 11 30 13 533      -2.34       0.23      -4.49    -475.61     -13.07      -5.12       6.65     66354.48
 2005  9  1 11 31 14 558      -2.52       0.06      -4.64    -475.42      -9.99      -2.11       7.10     60209.26
 2005  9  1 11 32  9 270      -2.54       0.06      -4.65    -476.39     -11.45      -4.14       6.79     57154.05
 2005  9  1 11 33 11 871      -2.58      -0.05      -4.65    -475.91     -11.88      -4.33       6.89     59723.28
 2005  9  1 11 34  8 433      -2.64      -0.01      -4.46    -476.55     -10.60      -2.17       6.89     59376.03
 2005  9  1 11 35 16 596      -2.57      -0.31      -4.38    -475.05     -11.27      -4.47       6.93     64421.38
 2005  9  1 11 36 27 563      -2.62      -0.63      -4.43    -473.05      -6.87      -2.95       6.50     63171.15
 2005  9  1 11 37  9 596      -2.19      -0.46      -4.74    -476.33      -9.38      -3.71       6.33     68604.51
 2005  9  1 11 38  6 653      -2.15      -0.78      -4.73    -476.87     -11.60      -4.65       6.44     59674.01
 2005  9  1 11 39  3   2      -1.97      -0.89      -4.77    -477.55      -8.25      -2.90       6.42     55211.45
 2005  9  1 11 40  7 282      -1.63      -1.06      -4.72    -476.76      -8.32      -2.28       6.27     62546.57
 2005  9  1 11 41 14 204      -1.35      -0.93      -4.75    -475.49      -7.37      -1.75       6.16     66488.75
 2005  9  1 11 42 17  66      -1.61      -1.07      -4.68    -474.96      -7.75      -1.96       6.15     65112.08
 2005  9  1 11 43 15 847      -1.56      -1.22      -4.67    -475.18     -11.28      -4.05       6.07     65387.28
 2005  9  1 11 44 12  18      -1.58      -1.34      -4.64    -475.89     -11.88      -5.46       5.93     66581.36
 2005  9  1 11 45 10  69      -1.64      -1.46      -4.44    -476.24     -10.69      -5.24       5.94     67288.99
 2005  9  1 11 46  9 205      -1.24      -1.47      -4.56    -476.40      -9.04      -4.19       5.92     67298.69
 2005  9  1 11 47 11 691      -1.47      -1.56      -4.55    -475.95      -7.22      -1.75       5.89     65412.97
 2005  9  1 11 48 13  69      -1.30      -1.64      -4.46    -475.69     -11.60      -5.51       6.17     65697.57
 2005  9  1 11 49 11 996      -1.21      -1.91      -4.38    -475.89     -12.00      -5.90       5.93     67710.88
 2005  9  1 11 49 58 294      -1.09      -1.70      -3.78    -478.42      -9.00      -5.15       6.27     73121.93
 2005  9  1 11 51  4 312      -1.27      -2.08      -4.07    -477.31     -11.96      -5.00       5.95     68778.25
 2005  9  1 11 52  8 368      -1.47      -2.17      -4.01    -476.56      -8.52      -3.75       5.80     67025.01
 2005  9  1 11 53  6 740      -1.59      -1.64      -3.41    -476.86     -10.73      -4.62       6.32     63838.38
 2005  9  1 11 54 30 482       3.41      -0.37       2.36    -483.64     -10.87     -12.33       6.35     73612.82
 2005  9  1 11 54 49 154       3.38      -0.20       2.28    -491.60     -16.98     -20.70       5.94     64834.15
 2005  9  1 11 55 43 831       3.37      -0.20       2.26    -492.65     -19.90     -21.43       5.96     63102.89
 2005  9  1 11 56 43 963       3.12       0.44       2.77    -492.62     -20.44     -22.84       6.18     62973.75
 2005  9  1 11 57 53 244       2.76       0.28       2.91    -490.80     -18.34     -24.71       6.20     65140.36
 2005  9  1 11 58 55 458       3.31       1.09       2.58    -490.37     -17.49     -23.15       5.81     66787.35
 2005  9  1 11 59 44 584       3.42       0.88       2.59    -492.50     -23.18     -19.57       5.91     61940.70
 2005  9  1 12  0 51 816       3.03       1.08       2.62    -491.08     -25.74     -21.80       5.86     68580.15
 2005  9  1 12  2 28 238       1.02       1.93       0.46    -484.06     -26.86     -15.83       6.94     71085.62
 2005  9  1 12  4 54 405      -0.80       2.58      -1.21    -468.23     -13.61       1.81       7.48     76371.95
 2005  9  1 12  5 40 960      -1.04       2.51      -1.37    -470.63     -13.99      -2.48       7.17     74631.12
 2005  9  1 12  6 47  55      -0.87       2.11      -1.80    -469.54     -10.79       1.03       7.02     73426.32
 2005  9  1 12  7 46 647      -0.55       2.27      -1.06    -469.61     -17.06      -2.98       7.24     79655.14
 2005  9  1 12  8 41 684      -0.41       1.87      -1.43    -470.50     -17.06      -4.17       6.69     77236.09
 2005  9  1 12  9 40 960      -0.05       2.40      -0.83    -470.63     -12.83      -1.72       7.05     77149.53
 2005  9  1 12 11  7 756      -0.68       2.24      -1.28    -465.87     -14.82       2.62       7.15     76106.78
 2005  9  1 12 12  0 971      -0.18       2.55      -0.58    -467.06     -17.49       1.59       7.07     77993.92
 2005  9  1 12 12 12 813       2.53       0.61       1.94    -475.74     -14.95     -10.58       6.70     84431.74
 2005  9  1 12 12 30 709       3.11      -0.13       1.58    -483.59     -14.32     -17.00       6.62     84711.55
 2005  9  1 12 13 10 152       3.79       0.71       1.54    -487.52     -14.89     -13.13       6.29     82048.49
 2005  9  1 12 14 11 814       3.63       0.99       1.47    -487.20     -16.43     -11.20       6.00     81730.84
 2005  9  1 12 15 28 422       2.97       1.77       1.47    -484.03     -20.83     -11.88       6.22     81032.86
 2005  9  1 12 16 34 438       2.55       1.66       0.85    -482.89     -22.43      -9.15       6.04     82984.29
 2005  9  1 12 17 34 264       2.93       1.84       0.52    -482.92     -23.25      -8.90       6.22     88524.59
 2005  9  1 12 18 28 806       3.91       0.63       1.18    -483.95     -22.29      -8.62       6.28     93681.23
 2005  9  1 12 19  2 655       3.93       0.71       1.24    -488.97     -14.53      -8.92       5.88     95256.38
 2005  9  1 12 20 12 682       3.77       1.45       1.70    -487.04     -22.05     -14.31       6.04     85104.11
 2005  9  1 12 20 51 253       3.71       1.44       1.62    -491.19     -23.61     -15.08       5.51     80867.25
 2005  9  1 12 21 54 781       3.65       1.43       1.46    -490.50     -26.63     -13.97       6.57     70671.88
 2005  9  1 12 22 53 807       4.22       1.67       1.46    -490.69     -25.35     -14.93       5.96     72867.88
 2005  9  1 12 23 54 114       4.60       1.36       1.40    -490.63     -15.35     -13.38       6.08     79367.27
 2005  9  1 12 24 37 145       4.49       1.39       1.46    -493.97     -19.57     -17.14       5.88     65348.14
 2005  9  1 12 25 47 572       4.11       1.84       1.47    -491.91     -23.64     -16.09       5.95     67354.65
 2005  9  1 12 26 56  73       4.46       1.58       1.50    -490.25     -19.93     -13.42       5.96     75698.21
 2005  9  1 12 28  3 258       4.38       1.63       1.15    -488.85     -20.54     -12.72       6.24     83310.36
 2005  9  1 12 28 55 535       4.67       1.51       1.44    -490.36     -21.88     -13.14       6.02     81395.51
 2005  9  1 12 29 36  84       4.69       1.26       1.55    -494.18     -21.17     -15.95       5.59     66634.62
 2005  9  1 12 30 32 256       4.58       1.57       1.36    -494.94     -24.17     -19.21       5.69     56506.09
 2005  9  1 12 31 34 464       4.68       1.39       1.57    -494.50     -24.19     -17.72       5.59     57804.47
 2005  9  1 12 32 39 524       4.74       1.05       1.64    -493.50     -19.64     -15.71       5.88     62095.77
 2005  9  1 12 33 56 905       4.34       0.53       1.20    -490.09     -17.92     -14.73       5.99     86711.36
 2005  9  1 12 35 11 165       4.25       0.01       0.92    -487.33     -10.92     -12.74       6.61     86594.27
 2005  9  1 12 36 19 722       4.35       0.48       0.85    -485.69     -20.60     -14.78       6.38     95655.53
 2005  9  1 12 36 32 342       4.91       0.34       1.55    -494.92     -22.26     -19.41       5.88     62465.81
 2005  9  1 12 37 20 205       4.61       0.27       1.58    -497.34     -15.73     -16.69       5.46     61078.09
 2005  9  1 12 38 24  20       4.60       0.20       1.67    -496.58     -17.35     -18.26       5.87     57096.49
 2005  9  1 12 39 26 930       4.47       0.07       1.84    -496.00     -14.19     -18.45       5.44     63556.55
 2005  9  1 12 40 52 747       4.13       0.24       1.40    -490.90     -16.06     -16.54       6.30     73314.14
 2005  9  1 12 41 50  73       4.36       0.27       1.59    -491.42     -18.95     -17.64       6.00     74317.49
