Sym-H and AL  obtained from Kyoto WDC for SWPC Event 4.  Units in nT.
year mo dy hr mn sc msc dst_sm AL
2005 08 31 05 00 00 000   13.00   -61.00
2005 08 31 05 01 00 000   12.00   -64.00
2005 08 31 05 02 00 000   12.00   -62.00
2005 08 31 05 03 00 000   11.00   -66.00
2005 08 31 05 04 00 000   11.00   -70.00
2005 08 31 05 05 00 000   11.00   -67.00
2005 08 31 05 06 00 000   11.00   -66.00
2005 08 31 05 07 00 000   11.00   -75.00
2005 08 31 05 08 00 000   11.00   -78.00
2005 08 31 05 09 00 000   11.00   -75.00
2005 08 31 05 10 00 000   11.00   -77.00
2005 08 31 05 11 00 000   11.00   -79.00
2005 08 31 05 12 00 000   12.00   -80.00
2005 08 31 05 13 00 000   12.00   -82.00
2005 08 31 05 14 00 000   12.00   -88.00
2005 08 31 05 15 00 000   12.00   -93.00
2005 08 31 05 16 00 000   12.00   -97.00
2005 08 31 05 17 00 000   12.00   -98.00
2005 08 31 05 18 00 000   12.00   -99.00
2005 08 31 05 19 00 000   12.00  -100.00
2005 08 31 05 20 00 000   12.00   -94.00
2005 08 31 05 21 00 000   13.00   -88.00
2005 08 31 05 22 00 000   13.00   -84.00
2005 08 31 05 23 00 000   13.00   -87.00
2005 08 31 05 24 00 000   13.00   -87.00
2005 08 31 05 25 00 000   14.00   -91.00
2005 08 31 05 26 00 000   13.00   -94.00
2005 08 31 05 27 00 000   13.00   -99.00
2005 08 31 05 28 00 000   14.00  -103.00
2005 08 31 05 29 00 000   13.00  -106.00
2005 08 31 05 30 00 000   13.00  -105.00
2005 08 31 05 31 00 000   13.00  -108.00
2005 08 31 05 32 00 000   13.00  -107.00
2005 08 31 05 33 00 000   13.00  -106.00
2005 08 31 05 34 00 000   13.00  -102.00
2005 08 31 05 35 00 000   13.00   -98.00
2005 08 31 05 36 00 000   12.00   -97.00
2005 08 31 05 37 00 000   12.00   -97.00
2005 08 31 05 38 00 000   12.00  -101.00
2005 08 31 05 39 00 000   12.00  -104.00
2005 08 31 05 40 00 000   12.00   -97.00
2005 08 31 05 41 00 000   12.00   -93.00
2005 08 31 05 42 00 000   12.00   -90.00
2005 08 31 05 43 00 000   13.00   -91.00
2005 08 31 05 44 00 000   13.00  -100.00
2005 08 31 05 45 00 000   13.00  -100.00
2005 08 31 05 46 00 000   13.00   -97.00
2005 08 31 05 47 00 000   13.00   -94.00
2005 08 31 05 48 00 000   12.00   -93.00
2005 08 31 05 49 00 000   12.00   -87.00
2005 08 31 05 50 00 000   12.00   -86.00
2005 08 31 05 51 00 000   11.00   -82.00
2005 08 31 05 52 00 000   10.00   -77.00
2005 08 31 05 53 00 000   10.00   -77.00
2005 08 31 05 54 00 000    9.00   -78.00
2005 08 31 05 55 00 000    9.00   -76.00
2005 08 31 05 56 00 000    9.00   -74.00
2005 08 31 05 57 00 000    9.00   -75.00
2005 08 31 05 58 00 000    8.00   -77.00
2005 08 31 05 59 00 000    8.00   -75.00
2005 08 31 06 00 00 000    7.00   -73.00
2005 08 31 06 01 00 000    7.00   -75.00
2005 08 31 06 02 00 000    6.00   -81.00
2005 08 31 06 03 00 000    6.00   -74.00
2005 08 31 06 04 00 000    6.00   -54.00
2005 08 31 06 05 00 000    7.00   -44.00
2005 08 31 06 06 00 000    8.00   -36.00
2005 08 31 06 07 00 000    8.00   -37.00
2005 08 31 06 08 00 000    9.00   -38.00
2005 08 31 06 09 00 000   10.00   -33.00
2005 08 31 06 10 00 000   11.00   -35.00
2005 08 31 06 11 00 000   13.00   -35.00
2005 08 31 06 12 00 000   14.00   -40.00
2005 08 31 06 13 00 000   14.00   -46.00
2005 08 31 06 14 00 000   14.00   -44.00
2005 08 31 06 15 00 000   13.00   -50.00
2005 08 31 06 16 00 000   12.00   -45.00
2005 08 31 06 17 00 000   12.00   -53.00
2005 08 31 06 18 00 000   11.00   -69.00
2005 08 31 06 19 00 000   11.00   -88.00
2005 08 31 06 20 00 000   12.00   -91.00
2005 08 31 06 21 00 000   13.00   -93.00
2005 08 31 06 22 00 000   13.00  -102.00
2005 08 31 06 23 00 000   14.00  -110.00
2005 08 31 06 24 00 000   15.00  -106.00
2005 08 31 06 25 00 000   15.00  -100.00
2005 08 31 06 26 00 000   15.00   -96.00
2005 08 31 06 27 00 000   15.00   -97.00
2005 08 31 06 28 00 000   15.00  -106.00
2005 08 31 06 29 00 000   15.00  -115.00
2005 08 31 06 30 00 000   15.00  -105.00
2005 08 31 06 31 00 000   15.00   -86.00
2005 08 31 06 32 00 000   15.00   -77.00
2005 08 31 06 33 00 000   15.00   -77.00
2005 08 31 06 34 00 000   15.00   -79.00
2005 08 31 06 35 00 000   14.00   -82.00
2005 08 31 06 36 00 000   14.00   -83.00
2005 08 31 06 37 00 000   15.00   -86.00
2005 08 31 06 38 00 000   15.00   -83.00
2005 08 31 06 39 00 000   15.00   -83.00
2005 08 31 06 40 00 000   16.00   -76.00
2005 08 31 06 41 00 000   17.00   -70.00
2005 08 31 06 42 00 000   17.00   -66.00
2005 08 31 06 43 00 000   16.00   -61.00
2005 08 31 06 44 00 000   16.00   -61.00
2005 08 31 06 45 00 000   15.00   -65.00
2005 08 31 06 46 00 000   15.00   -61.00
2005 08 31 06 47 00 000   15.00   -67.00
2005 08 31 06 48 00 000   15.00   -70.00
2005 08 31 06 49 00 000   14.00   -68.00
2005 08 31 06 50 00 000   13.00   -53.00
2005 08 31 06 51 00 000   12.00   -50.00
2005 08 31 06 52 00 000   13.00   -52.00
2005 08 31 06 53 00 000   13.00   -50.00
2005 08 31 06 54 00 000   13.00   -42.00
2005 08 31 06 55 00 000   12.00   -43.00
2005 08 31 06 56 00 000   11.00   -44.00
2005 08 31 06 57 00 000   10.00   -37.00
2005 08 31 06 58 00 000    9.00   -32.00
2005 08 31 06 59 00 000    8.00   -29.00
2005 08 31 07 00 00 000    7.00   -25.00
2005 08 31 07 01 00 000    6.00   -27.00
2005 08 31 07 02 00 000    5.00   -29.00
2005 08 31 07 03 00 000    4.00   -22.00
2005 08 31 07 04 00 000    2.00   -12.00
2005 08 31 07 05 00 000    1.00   -13.00
2005 08 31 07 06 00 000    0.00   -17.00
2005 08 31 07 07 00 000   -1.00   -17.00
2005 08 31 07 08 00 000   -2.00   -16.00
2005 08 31 07 09 00 000   -2.00   -16.00
2005 08 31 07 10 00 000   -2.00   -14.00
2005 08 31 07 11 00 000   -2.00   -13.00
2005 08 31 07 12 00 000   -1.00   -15.00
2005 08 31 07 13 00 000    0.00   -18.00
2005 08 31 07 14 00 000    1.00   -18.00
2005 08 31 07 15 00 000    2.00   -19.00
2005 08 31 07 16 00 000    2.00   -21.00
2005 08 31 07 17 00 000    2.00   -15.00
2005 08 31 07 18 00 000    2.00   -10.00
2005 08 31 07 19 00 000    2.00   -19.00
2005 08 31 07 20 00 000    1.00   -32.00
2005 08 31 07 21 00 000    0.00   -34.00
2005 08 31 07 22 00 000   -1.00   -33.00
2005 08 31 07 23 00 000   -2.00   -36.00
2005 08 31 07 24 00 000   -3.00   -37.00
2005 08 31 07 25 00 000   -4.00   -32.00
2005 08 31 07 26 00 000   -4.00   -26.00
2005 08 31 07 27 00 000   -5.00   -25.00
2005 08 31 07 28 00 000   -5.00   -23.00
2005 08 31 07 29 00 000   -5.00   -22.00
2005 08 31 07 30 00 000   -5.00   -21.00
2005 08 31 07 31 00 000   -5.00   -21.00
2005 08 31 07 32 00 000   -5.00   -20.00
2005 08 31 07 33 00 000   -4.00   -18.00
2005 08 31 07 34 00 000   -4.00   -16.00
2005 08 31 07 35 00 000   -4.00   -14.00
2005 08 31 07 36 00 000   -3.00   -14.00
2005 08 31 07 37 00 000   -3.00   -15.00
2005 08 31 07 38 00 000   -3.00   -14.00
2005 08 31 07 39 00 000   -3.00   -15.00
2005 08 31 07 40 00 000   -2.00   -17.00
2005 08 31 07 41 00 000   -2.00   -15.00
2005 08 31 07 42 00 000   -2.00   -15.00
2005 08 31 07 43 00 000   -2.00   -18.00
2005 08 31 07 44 00 000   -2.00   -16.00
2005 08 31 07 45 00 000   -1.00   -14.00
2005 08 31 07 46 00 000   -1.00   -15.00
2005 08 31 07 47 00 000    0.00   -13.00
2005 08 31 07 48 00 000    0.00   -13.00
2005 08 31 07 49 00 000    1.00   -14.00
2005 08 31 07 50 00 000    1.00   -13.00
2005 08 31 07 51 00 000    1.00   -14.00
2005 08 31 07 52 00 000    1.00   -14.00
2005 08 31 07 53 00 000    1.00   -13.00
2005 08 31 07 54 00 000    1.00   -13.00
2005 08 31 07 55 00 000    1.00   -13.00
2005 08 31 07 56 00 000    1.00   -13.00
2005 08 31 07 57 00 000    2.00   -13.00
2005 08 31 07 58 00 000    2.00   -12.00
2005 08 31 07 59 00 000    2.00   -15.00
2005 08 31 08 00 00 000    2.00   -15.00
2005 08 31 08 01 00 000    2.00   -16.00
2005 08 31 08 02 00 000    2.00   -17.00
2005 08 31 08 03 00 000    2.00   -17.00
2005 08 31 08 04 00 000    3.00   -17.00
2005 08 31 08 05 00 000    3.00   -18.00
2005 08 31 08 06 00 000    3.00   -18.00
2005 08 31 08 07 00 000    3.00   -19.00
2005 08 31 08 08 00 000    3.00   -19.00
2005 08 31 08 09 00 000    3.00   -18.00
2005 08 31 08 10 00 000    3.00   -19.00
2005 08 31 08 11 00 000    3.00   -18.00
2005 08 31 08 12 00 000    3.00   -18.00
2005 08 31 08 13 00 000    3.00   -19.00
2005 08 31 08 14 00 000    3.00   -19.00
2005 08 31 08 15 00 000    3.00   -20.00
2005 08 31 08 16 00 000    4.00   -21.00
2005 08 31 08 17 00 000    4.00   -20.00
2005 08 31 08 18 00 000    5.00   -21.00
2005 08 31 08 19 00 000    5.00   -21.00
2005 08 31 08 20 00 000    5.00   -20.00
2005 08 31 08 21 00 000    6.00   -21.00
2005 08 31 08 22 00 000    6.00   -20.00
2005 08 31 08 23 00 000    7.00   -19.00
2005 08 31 08 24 00 000    7.00   -20.00
2005 08 31 08 25 00 000    7.00   -19.00
2005 08 31 08 26 00 000    8.00   -18.00
2005 08 31 08 27 00 000    8.00   -17.00
2005 08 31 08 28 00 000    8.00   -16.00
2005 08 31 08 29 00 000    8.00   -16.00
2005 08 31 08 30 00 000    8.00   -17.00
2005 08 31 08 31 00 000    8.00   -15.00
2005 08 31 08 32 00 000    8.00   -15.00
2005 08 31 08 33 00 000    8.00   -15.00
2005 08 31 08 34 00 000    8.00   -14.00
2005 08 31 08 35 00 000    9.00   -14.00
2005 08 31 08 36 00 000   10.00   -14.00
2005 08 31 08 37 00 000   10.00   -11.00
2005 08 31 08 38 00 000   12.00   -10.00
2005 08 31 08 39 00 000   12.00   -11.00
2005 08 31 08 40 00 000   13.00    -9.00
2005 08 31 08 41 00 000   12.00    -8.00
2005 08 31 08 42 00 000   13.00    -9.00
2005 08 31 08 43 00 000   12.00    -8.00
2005 08 31 08 44 00 000   11.00   -10.00
2005 08 31 08 45 00 000   11.00   -15.00
2005 08 31 08 46 00 000   11.00   -14.00
2005 08 31 08 47 00 000   12.00   -13.00
2005 08 31 08 48 00 000   12.00   -18.00
2005 08 31 08 49 00 000   13.00   -19.00
2005 08 31 08 50 00 000   14.00   -17.00
2005 08 31 08 51 00 000   14.00   -19.00
2005 08 31 08 52 00 000   14.00   -19.00
2005 08 31 08 53 00 000   15.00   -19.00
2005 08 31 08 54 00 000   15.00   -19.00
2005 08 31 08 55 00 000   15.00   -18.00
2005 08 31 08 56 00 000   15.00   -18.00
2005 08 31 08 57 00 000   15.00   -19.00
2005 08 31 08 58 00 000   15.00   -20.00
2005 08 31 08 59 00 000   15.00   -21.00
2005 08 31 09 00 00 000   15.00   -22.00
2005 08 31 09 01 00 000   16.00   -21.00
2005 08 31 09 02 00 000   16.00   -20.00
2005 08 31 09 03 00 000   17.00   -20.00
2005 08 31 09 04 00 000   17.00   -20.00
2005 08 31 09 05 00 000   17.00   -21.00
2005 08 31 09 06 00 000   17.00   -21.00
2005 08 31 09 07 00 000   16.00   -24.00
2005 08 31 09 08 00 000   15.00   -24.00
2005 08 31 09 09 00 000   14.00   -25.00
2005 08 31 09 10 00 000   14.00   -27.00
2005 08 31 09 11 00 000   14.00   -29.00
2005 08 31 09 12 00 000   14.00   -29.00
2005 08 31 09 13 00 000   15.00   -32.00
2005 08 31 09 14 00 000   17.00   -32.00
2005 08 31 09 15 00 000   18.00   -32.00
2005 08 31 09 16 00 000   18.00   -35.00
2005 08 31 09 17 00 000   18.00   -29.00
2005 08 31 09 18 00 000   19.00   -28.00
2005 08 31 09 19 00 000   18.00   -28.00
2005 08 31 09 20 00 000   17.00   -20.00
2005 08 31 09 21 00 000   17.00   -22.00
2005 08 31 09 22 00 000   16.00   -25.00
2005 08 31 09 23 00 000   16.00   -22.00
2005 08 31 09 24 00 000   16.00   -24.00
2005 08 31 09 25 00 000   16.00   -26.00
2005 08 31 09 26 00 000   17.00   -24.00
2005 08 31 09 27 00 000   17.00   -24.00
2005 08 31 09 28 00 000   17.00   -24.00
2005 08 31 09 29 00 000   17.00   -23.00
2005 08 31 09 30 00 000   17.00   -27.00
2005 08 31 09 31 00 000   18.00   -27.00
2005 08 31 09 32 00 000   18.00   -27.00
2005 08 31 09 33 00 000   18.00   -29.00
2005 08 31 09 34 00 000   17.00   -29.00
2005 08 31 09 35 00 000   17.00   -28.00
2005 08 31 09 36 00 000   17.00   -30.00
2005 08 31 09 37 00 000   18.00   -29.00
2005 08 31 09 38 00 000   18.00   -30.00
2005 08 31 09 39 00 000   19.00   -28.00
2005 08 31 09 40 00 000   19.00   -24.00
2005 08 31 09 41 00 000   19.00   -26.00
2005 08 31 09 42 00 000   19.00   -27.00
2005 08 31 09 43 00 000   18.00   -25.00
2005 08 31 09 44 00 000   19.00   -28.00
2005 08 31 09 45 00 000   19.00   -27.00
2005 08 31 09 46 00 000   19.00   -25.00
2005 08 31 09 47 00 000   20.00   -29.00
2005 08 31 09 48 00 000   20.00   -31.00
2005 08 31 09 49 00 000   19.00   -32.00
2005 08 31 09 50 00 000   20.00   -30.00
2005 08 31 09 51 00 000   20.00   -27.00
2005 08 31 09 52 00 000   20.00   -24.00
2005 08 31 09 53 00 000   19.00   -24.00
2005 08 31 09 54 00 000   19.00   -25.00
2005 08 31 09 55 00 000   18.00   -28.00
2005 08 31 09 56 00 000   17.00   -30.00
2005 08 31 09 57 00 000   17.00   -28.00
2005 08 31 09 58 00 000   18.00   -27.00
2005 08 31 09 59 00 000   18.00   -28.00
2005 08 31 10 00 00 000   18.00   -27.00
2005 08 31 10 01 00 000   19.00   -25.00
2005 08 31 10 02 00 000   20.00   -26.00
2005 08 31 10 03 00 000   20.00   -27.00
2005 08 31 10 04 00 000   20.00   -26.00
2005 08 31 10 05 00 000   21.00   -24.00
2005 08 31 10 06 00 000   22.00   -28.00
2005 08 31 10 07 00 000   23.00   -30.00
2005 08 31 10 08 00 000   24.00   -27.00
2005 08 31 10 09 00 000   24.00   -27.00
2005 08 31 10 10 00 000   24.00   -26.00
2005 08 31 10 11 00 000   23.00   -28.00
2005 08 31 10 12 00 000   22.00   -29.00
2005 08 31 10 13 00 000   22.00   -30.00
2005 08 31 10 14 00 000   22.00   -30.00
2005 08 31 10 15 00 000   23.00   -32.00
2005 08 31 10 16 00 000   23.00   -33.00
2005 08 31 10 17 00 000   24.00   -35.00
2005 08 31 10 18 00 000   23.00   -36.00
2005 08 31 10 19 00 000   23.00   -36.00
2005 08 31 10 20 00 000   23.00   -36.00
2005 08 31 10 21 00 000   24.00   -40.00
2005 08 31 10 22 00 000   23.00   -43.00
2005 08 31 10 23 00 000   23.00   -43.00
2005 08 31 10 24 00 000   22.00   -51.00
2005 08 31 10 25 00 000   21.00   -53.00
2005 08 31 10 26 00 000   22.00   -54.00
2005 08 31 10 27 00 000   22.00   -53.00
2005 08 31 10 28 00 000   22.00   -56.00
2005 08 31 10 29 00 000   22.00   -54.00
2005 08 31 10 30 00 000   21.00   -48.00
2005 08 31 10 31 00 000   20.00   -48.00
2005 08 31 10 32 00 000   20.00   -49.00
2005 08 31 10 33 00 000   20.00   -54.00
2005 08 31 10 34 00 000   20.00   -59.00
2005 08 31 10 35 00 000   19.00   -64.00
2005 08 31 10 36 00 000   19.00   -69.00
2005 08 31 10 37 00 000   19.00   -69.00
2005 08 31 10 38 00 000   19.00   -76.00
2005 08 31 10 39 00 000   19.00   -83.00
2005 08 31 10 40 00 000   18.00   -82.00
2005 08 31 10 41 00 000   18.00   -78.00
2005 08 31 10 42 00 000   19.00   -73.00
2005 08 31 10 43 00 000   19.00   -68.00
2005 08 31 10 44 00 000   19.00   -65.00
2005 08 31 10 45 00 000   19.00   -61.00
2005 08 31 10 46 00 000   19.00   -56.00
2005 08 31 10 47 00 000   18.00   -49.00
2005 08 31 10 48 00 000   18.00   -41.00
2005 08 31 10 49 00 000   17.00   -39.00
2005 08 31 10 50 00 000   17.00   -41.00
2005 08 31 10 51 00 000   17.00   -54.00
2005 08 31 10 52 00 000   17.00   -66.00
2005 08 31 10 53 00 000   19.00   -72.00
2005 08 31 10 54 00 000   21.00   -73.00
2005 08 31 10 55 00 000   21.00   -70.00
2005 08 31 10 56 00 000   22.00   -79.00
2005 08 31 10 57 00 000   22.00   -91.00
2005 08 31 10 58 00 000   22.00   -92.00
2005 08 31 10 59 00 000   22.00   -76.00
2005 08 31 11 00 00 000   22.00   -65.00
2005 08 31 11 01 00 000   22.00   -66.00
2005 08 31 11 02 00 000   22.00   -57.00
2005 08 31 11 03 00 000   22.00   -62.00
2005 08 31 11 04 00 000   21.00   -64.00
2005 08 31 11 05 00 000   21.00   -72.00
2005 08 31 11 06 00 000   20.00   -73.00
2005 08 31 11 07 00 000   20.00   -71.00
2005 08 31 11 08 00 000   20.00   -71.00
2005 08 31 11 09 00 000   21.00   -68.00
2005 08 31 11 10 00 000   22.00   -55.00
2005 08 31 11 11 00 000   22.00   -50.00
2005 08 31 11 12 00 000   22.00   -50.00
2005 08 31 11 13 00 000   22.00   -53.00
2005 08 31 11 14 00 000   21.00   -55.00
2005 08 31 11 15 00 000   21.00   -64.00
2005 08 31 11 16 00 000   22.00   -73.00
2005 08 31 11 17 00 000   22.00   -77.00
2005 08 31 11 18 00 000   22.00   -79.00
2005 08 31 11 19 00 000   21.00   -71.00
2005 08 31 11 20 00 000   22.00   -66.00
2005 08 31 11 21 00 000   23.00   -65.00
2005 08 31 11 22 00 000   23.00   -69.00
2005 08 31 11 23 00 000   23.00   -75.00
2005 08 31 11 24 00 000   25.00   -63.00
2005 08 31 11 25 00 000   28.00   -58.00
2005 08 31 11 26 00 000   29.00   -60.00
2005 08 31 11 27 00 000   30.00   -50.00
2005 08 31 11 28 00 000   30.00   -28.00
2005 08 31 11 29 00 000   30.00   -36.00
2005 08 31 11 30 00 000   29.00   -46.00
2005 08 31 11 31 00 000   29.00   -62.00
2005 08 31 11 32 00 000   30.00   -77.00
2005 08 31 11 33 00 000   29.00  -111.00
2005 08 31 11 34 00 000   29.00  -129.00
2005 08 31 11 35 00 000   29.00  -121.00
2005 08 31 11 36 00 000   28.00  -105.00
2005 08 31 11 37 00 000   28.00   -97.00
2005 08 31 11 38 00 000   28.00  -112.00
2005 08 31 11 39 00 000   29.00  -133.00
2005 08 31 11 40 00 000   30.00  -138.00
2005 08 31 11 41 00 000   30.00  -122.00
2005 08 31 11 42 00 000   28.00  -119.00
2005 08 31 11 43 00 000   28.00  -102.00
2005 08 31 11 44 00 000   28.00   -85.00
2005 08 31 11 45 00 000   29.00   -80.00
2005 08 31 11 46 00 000   30.00   -68.00
2005 08 31 11 47 00 000   30.00   -69.00
2005 08 31 11 48 00 000   31.00   -63.00
2005 08 31 11 49 00 000   31.00   -61.00
2005 08 31 11 50 00 000   31.00   -65.00
2005 08 31 11 51 00 000   30.00   -64.00
2005 08 31 11 52 00 000   30.00   -58.00
2005 08 31 11 53 00 000   30.00   -66.00
2005 08 31 11 54 00 000   30.00   -67.00
2005 08 31 11 55 00 000   31.00   -59.00
2005 08 31 11 56 00 000   31.00   -54.00
2005 08 31 11 57 00 000   31.00   -52.00
2005 08 31 11 58 00 000   31.00   -70.00
2005 08 31 11 59 00 000   30.00   -62.00
2005 08 31 12 00 00 000   30.00   -61.00
2005 08 31 12 01 00 000   30.00   -65.00
2005 08 31 12 02 00 000   29.00   -82.00
2005 08 31 12 03 00 000   28.00   -75.00
2005 08 31 12 04 00 000   27.00   -84.00
2005 08 31 12 05 00 000   28.00  -110.00
2005 08 31 12 06 00 000   29.00  -139.00
2005 08 31 12 07 00 000   29.00  -151.00
2005 08 31 12 08 00 000   30.00  -156.00
2005 08 31 12 09 00 000   31.00  -168.00
2005 08 31 12 10 00 000   31.00  -189.00
2005 08 31 12 11 00 000   31.00  -189.00
2005 08 31 12 12 00 000   31.00  -179.00
2005 08 31 12 13 00 000   30.00  -191.00
2005 08 31 12 14 00 000   30.00  -225.00
2005 08 31 12 15 00 000   29.00  -265.00
2005 08 31 12 16 00 000   28.00  -289.00
2005 08 31 12 17 00 000   28.00  -312.00
2005 08 31 12 18 00 000   28.00  -321.00
2005 08 31 12 19 00 000   29.00  -309.00
2005 08 31 12 20 00 000   29.00  -311.00
2005 08 31 12 21 00 000   29.00  -336.00
2005 08 31 12 22 00 000   27.00  -350.00
2005 08 31 12 23 00 000   26.00  -342.00
2005 08 31 12 24 00 000   25.00  -331.00
2005 08 31 12 25 00 000   24.00  -327.00
2005 08 31 12 26 00 000   24.00  -309.00
2005 08 31 12 27 00 000   24.00  -276.00
2005 08 31 12 28 00 000   24.00  -272.00
2005 08 31 12 29 00 000   23.00  -294.00
2005 08 31 12 30 00 000   23.00  -325.00
2005 08 31 12 31 00 000   22.00  -335.00
2005 08 31 12 32 00 000   22.00  -329.00
2005 08 31 12 33 00 000   21.00  -335.00
2005 08 31 12 34 00 000   21.00  -333.00
2005 08 31 12 35 00 000   19.00  -325.00
2005 08 31 12 36 00 000   19.00  -345.00
2005 08 31 12 37 00 000   19.00  -356.00
2005 08 31 12 38 00 000   18.00  -323.00
2005 08 31 12 39 00 000   18.00  -266.00
2005 08 31 12 40 00 000   18.00  -304.00
2005 08 31 12 41 00 000   18.00  -317.00
2005 08 31 12 42 00 000   17.00  -303.00
2005 08 31 12 43 00 000   17.00  -279.00
2005 08 31 12 44 00 000   18.00  -288.00
2005 08 31 12 45 00 000   18.00  -313.00
2005 08 31 12 46 00 000   19.00  -340.00
2005 08 31 12 47 00 000   18.00  -346.00
2005 08 31 12 48 00 000   18.00  -346.00
2005 08 31 12 49 00 000   17.00  -352.00
2005 08 31 12 50 00 000   16.00  -363.00
2005 08 31 12 51 00 000   16.00  -404.00
2005 08 31 12 52 00 000   15.00  -395.00
2005 08 31 12 53 00 000   16.00  -420.00
2005 08 31 12 54 00 000   14.00  -444.00
2005 08 31 12 55 00 000   13.00  -455.00
2005 08 31 12 56 00 000   13.00  -475.00
2005 08 31 12 57 00 000   13.00  -487.00
2005 08 31 12 58 00 000   12.00  -477.00
2005 08 31 12 59 00 000   12.00  -470.00
2005 08 31 13 00 00 000   11.00  -469.00
2005 08 31 13 01 00 000   11.00  -478.00
2005 08 31 13 02 00 000   10.00  -513.00
2005 08 31 13 03 00 000    9.00  -518.00
2005 08 31 13 04 00 000    9.00  -516.00
2005 08 31 13 05 00 000    9.00  -558.00
2005 08 31 13 06 00 000    8.00  -606.00
2005 08 31 13 07 00 000    7.00  -596.00
2005 08 31 13 08 00 000    8.00  -623.00
2005 08 31 13 09 00 000    7.00  -668.00
2005 08 31 13 10 00 000    7.00  -675.00
2005 08 31 13 11 00 000    6.00  -648.00
2005 08 31 13 12 00 000    5.00  -644.00
2005 08 31 13 13 00 000    5.00  -676.00
2005 08 31 13 14 00 000    4.00  -676.00
2005 08 31 13 15 00 000    3.00  -688.00
2005 08 31 13 16 00 000    3.00  -706.00
2005 08 31 13 17 00 000    2.00  -731.00
2005 08 31 13 18 00 000    2.00  -745.00
2005 08 31 13 19 00 000    1.00  -729.00
2005 08 31 13 20 00 000   -1.00  -733.00
2005 08 31 13 21 00 000   -2.00  -729.00
2005 08 31 13 22 00 000   -3.00  -679.00
2005 08 31 13 23 00 000   -4.00  -647.00
2005 08 31 13 24 00 000   -6.00  -653.00
2005 08 31 13 25 00 000   -7.00  -639.00
2005 08 31 13 26 00 000   -7.00  -658.00
2005 08 31 13 27 00 000   -9.00  -665.00
2005 08 31 13 28 00 000  -10.00  -671.00
2005 08 31 13 29 00 000  -10.00  -658.00
2005 08 31 13 30 00 000  -11.00  -639.00
2005 08 31 13 31 00 000  -12.00  -646.00
2005 08 31 13 32 00 000  -13.00  -648.00
2005 08 31 13 33 00 000  -14.00  -636.00
2005 08 31 13 34 00 000  -15.00  -623.00
2005 08 31 13 35 00 000  -17.00  -620.00
2005 08 31 13 36 00 000  -18.00  -629.00
2005 08 31 13 37 00 000  -19.00  -670.00
2005 08 31 13 38 00 000  -20.00  -669.00
2005 08 31 13 39 00 000  -21.00  -659.00
2005 08 31 13 40 00 000  -22.00  -657.00
2005 08 31 13 41 00 000  -22.00  -681.00
2005 08 31 13 42 00 000  -23.00  -694.00
2005 08 31 13 43 00 000  -24.00  -726.00
2005 08 31 13 44 00 000  -24.00  -762.00
2005 08 31 13 45 00 000  -25.00  -790.00
2005 08 31 13 46 00 000  -26.00  -808.00
2005 08 31 13 47 00 000  -27.00  -824.00
2005 08 31 13 48 00 000  -28.00  -853.00
2005 08 31 13 49 00 000  -29.00  -853.00
2005 08 31 13 50 00 000  -29.00  -845.00
2005 08 31 13 51 00 000  -30.00  -854.00
2005 08 31 13 52 00 000  -31.00  -919.00
2005 08 31 13 53 00 000  -32.00  -954.00
2005 08 31 13 54 00 000  -33.00  -992.00
2005 08 31 13 55 00 000  -34.00 -1019.00
2005 08 31 13 56 00 000  -34.00 -1068.00
2005 08 31 13 57 00 000  -35.00 -1099.00
2005 08 31 13 58 00 000  -35.00 -1067.00
2005 08 31 13 59 00 000  -36.00 -1015.00
2005 08 31 14 00 00 000  -37.00  -948.00
2005 08 31 14 01 00 000  -37.00  -890.00
2005 08 31 14 02 00 000  -38.00  -838.00
2005 08 31 14 03 00 000  -39.00  -782.00
2005 08 31 14 04 00 000  -40.00  -741.00
2005 08 31 14 05 00 000  -40.00  -727.00
2005 08 31 14 06 00 000  -41.00  -732.00
2005 08 31 14 07 00 000  -41.00  -753.00
2005 08 31 14 08 00 000  -42.00  -805.00
2005 08 31 14 09 00 000  -42.00  -850.00
2005 08 31 14 10 00 000  -43.00  -855.00
2005 08 31 14 11 00 000  -43.00  -835.00
2005 08 31 14 12 00 000  -44.00  -795.00
2005 08 31 14 13 00 000  -45.00  -777.00
2005 08 31 14 14 00 000  -46.00  -762.00
2005 08 31 14 15 00 000  -47.00  -761.00
2005 08 31 14 16 00 000  -48.00  -735.00
2005 08 31 14 17 00 000  -49.00  -684.00
2005 08 31 14 18 00 000  -50.00  -671.00
2005 08 31 14 19 00 000  -50.00  -643.00
2005 08 31 14 20 00 000  -50.00  -599.00
2005 08 31 14 21 00 000  -50.00  -587.00
2005 08 31 14 22 00 000  -50.00  -600.00
2005 08 31 14 23 00 000  -51.00  -628.00
2005 08 31 14 24 00 000  -52.00  -648.00
2005 08 31 14 25 00 000  -51.00  -661.00
2005 08 31 14 26 00 000  -52.00  -697.00
2005 08 31 14 27 00 000  -52.00  -748.00
2005 08 31 14 28 00 000  -53.00  -747.00
2005 08 31 14 29 00 000  -53.00  -748.00
2005 08 31 14 30 00 000  -54.00  -748.00
2005 08 31 14 31 00 000  -54.00  -742.00
2005 08 31 14 32 00 000  -54.00  -789.00
2005 08 31 14 33 00 000  -54.00  -841.00
2005 08 31 14 34 00 000  -55.00  -855.00
2005 08 31 14 35 00 000  -55.00  -819.00
2005 08 31 14 36 00 000  -56.00  -783.00
2005 08 31 14 37 00 000  -56.00  -842.00
2005 08 31 14 38 00 000  -56.00  -905.00
2005 08 31 14 39 00 000  -56.00 -1020.00
2005 08 31 14 40 00 000  -57.00 -1090.00
2005 08 31 14 41 00 000  -57.00  -975.00
2005 08 31 14 42 00 000  -57.00  -887.00
2005 08 31 14 43 00 000  -58.00  -869.00
2005 08 31 14 44 00 000  -58.00  -814.00
2005 08 31 14 45 00 000  -58.00  -758.00
2005 08 31 14 46 00 000  -59.00  -759.00
2005 08 31 14 47 00 000  -59.00  -817.00
2005 08 31 14 48 00 000  -59.00  -852.00
2005 08 31 14 49 00 000  -59.00  -840.00
2005 08 31 14 50 00 000  -59.00  -796.00
2005 08 31 14 51 00 000  -59.00  -735.00
2005 08 31 14 52 00 000  -59.00  -699.00
2005 08 31 14 53 00 000  -60.00  -720.00
2005 08 31 14 54 00 000  -59.00  -754.00
2005 08 31 14 55 00 000  -59.00  -713.00
2005 08 31 14 56 00 000  -59.00  -669.00
2005 08 31 14 57 00 000  -59.00  -629.00
2005 08 31 14 58 00 000  -60.00  -651.00
2005 08 31 14 59 00 000  -59.00  -713.00
2005 08 31 15 00 00 000  -60.00  -734.00
2005 08 31 15 01 00 000  -61.00  -710.00
2005 08 31 15 02 00 000  -61.00  -707.00
2005 08 31 15 03 00 000  -62.00  -632.00
2005 08 31 15 04 00 000  -62.00  -590.00
2005 08 31 15 05 00 000  -63.00  -624.00
2005 08 31 15 06 00 000  -63.00  -664.00
2005 08 31 15 07 00 000  -64.00  -703.00
2005 08 31 15 08 00 000  -63.00  -722.00
2005 08 31 15 09 00 000  -65.00  -692.00
2005 08 31 15 10 00 000  -64.00  -643.00
2005 08 31 15 11 00 000  -65.00  -717.00
2005 08 31 15 12 00 000  -66.00  -721.00
2005 08 31 15 13 00 000  -67.00  -727.00
2005 08 31 15 14 00 000  -68.00  -750.00
2005 08 31 15 15 00 000  -69.00  -691.00
2005 08 31 15 16 00 000  -69.00  -697.00
2005 08 31 15 17 00 000  -71.00  -696.00
2005 08 31 15 18 00 000  -72.00  -644.00
2005 08 31 15 19 00 000  -74.00  -505.00
2005 08 31 15 20 00 000  -75.00  -392.00
2005 08 31 15 21 00 000  -76.00  -346.00
2005 08 31 15 22 00 000  -77.00  -315.00
2005 08 31 15 23 00 000  -78.00  -313.00
2005 08 31 15 24 00 000  -79.00  -290.00
2005 08 31 15 25 00 000  -80.00  -267.00
2005 08 31 15 26 00 000  -81.00  -282.00
2005 08 31 15 27 00 000  -82.00  -292.00
2005 08 31 15 28 00 000  -83.00  -255.00
2005 08 31 15 29 00 000  -84.00  -236.00
2005 08 31 15 30 00 000  -85.00  -227.00
2005 08 31 15 31 00 000  -86.00  -214.00
2005 08 31 15 32 00 000  -87.00  -200.00
2005 08 31 15 33 00 000  -87.00  -196.00
2005 08 31 15 34 00 000  -88.00  -192.00
2005 08 31 15 35 00 000  -90.00  -175.00
2005 08 31 15 36 00 000  -90.00  -171.00
2005 08 31 15 37 00 000  -91.00  -154.00
2005 08 31 15 38 00 000  -89.00  -153.00
2005 08 31 15 39 00 000  -88.00  -152.00
2005 08 31 15 40 00 000  -86.00  -150.00
2005 08 31 15 41 00 000  -85.00  -147.00
2005 08 31 15 42 00 000  -84.00  -150.00
2005 08 31 15 43 00 000  -84.00  -158.00
2005 08 31 15 44 00 000  -83.00  -174.00
2005 08 31 15 45 00 000  -83.00  -186.00
2005 08 31 15 46 00 000  -82.00  -187.00
2005 08 31 15 47 00 000  -82.00  -199.00
2005 08 31 15 48 00 000  -83.00  -206.00
2005 08 31 15 49 00 000  -82.00  -285.00
2005 08 31 15 50 00 000  -82.00  -435.00
2005 08 31 15 51 00 000  -81.00  -322.00
2005 08 31 15 52 00 000  -81.00  -576.00
2005 08 31 15 53 00 000  -79.00  -792.00
2005 08 31 15 54 00 000  -77.00  -909.00
2005 08 31 15 55 00 000  -76.00  -914.00
2005 08 31 15 56 00 000  -75.00  -938.00
2005 08 31 15 57 00 000  -74.00  -999.00
2005 08 31 15 58 00 000  -73.00 -1000.00
2005 08 31 15 59 00 000  -73.00  -954.00
2005 08 31 16 00 00 000  -72.00  -918.00
2005 08 31 16 01 00 000  -72.00  -875.00
2005 08 31 16 02 00 000  -71.00  -884.00
2005 08 31 16 03 00 000  -72.00  -938.00
2005 08 31 16 04 00 000  -73.00  -950.00
2005 08 31 16 05 00 000  -74.00 -1071.00
2005 08 31 16 06 00 000  -74.00  -957.00
2005 08 31 16 07 00 000  -74.00  -870.00
2005 08 31 16 08 00 000  -75.00  -939.00
2005 08 31 16 09 00 000  -76.00 -1009.00
2005 08 31 16 10 00 000  -76.00 -1097.00
2005 08 31 16 11 00 000  -77.00 -1112.00
2005 08 31 16 12 00 000  -78.00 -1100.00
2005 08 31 16 13 00 000  -79.00 -1104.00
2005 08 31 16 14 00 000  -80.00 -1084.00
2005 08 31 16 15 00 000  -80.00 -1091.00
2005 08 31 16 16 00 000  -80.00 -1132.00
2005 08 31 16 17 00 000  -81.00 -1194.00
2005 08 31 16 18 00 000  -81.00 -1213.00
2005 08 31 16 19 00 000  -81.00 -1178.00
2005 08 31 16 20 00 000  -83.00 -1142.00
2005 08 31 16 21 00 000  -85.00  -871.00
2005 08 31 16 22 00 000  -85.00  -719.00
2005 08 31 16 23 00 000  -85.00  -813.00
2005 08 31 16 24 00 000  -87.00  -869.00
2005 08 31 16 25 00 000  -88.00  -836.00
2005 08 31 16 26 00 000  -89.00  -882.00
2005 08 31 16 27 00 000  -89.00  -889.00
2005 08 31 16 28 00 000  -90.00  -892.00
2005 08 31 16 29 00 000  -90.00  -881.00
2005 08 31 16 30 00 000  -91.00  -745.00
2005 08 31 16 31 00 000  -91.00  -606.00
2005 08 31 16 32 00 000  -90.00  -640.00
2005 08 31 16 33 00 000  -90.00  -712.00
2005 08 31 16 34 00 000  -91.00  -778.00
2005 08 31 16 35 00 000  -91.00  -787.00
2005 08 31 16 36 00 000  -89.00  -782.00
2005 08 31 16 37 00 000  -89.00  -774.00
2005 08 31 16 38 00 000  -89.00  -823.00
2005 08 31 16 39 00 000  -89.00  -779.00
2005 08 31 16 40 00 000  -89.00  -764.00
2005 08 31 16 41 00 000  -87.00  -722.00
2005 08 31 16 42 00 000  -86.00  -679.00
2005 08 31 16 43 00 000  -85.00  -632.00
2005 08 31 16 44 00 000  -84.00  -530.00
2005 08 31 16 45 00 000  -84.00  -439.00
2005 08 31 16 46 00 000  -85.00  -400.00
2005 08 31 16 47 00 000  -85.00  -295.00
2005 08 31 16 48 00 000  -85.00  -297.00
2005 08 31 16 49 00 000  -85.00  -305.00
2005 08 31 16 50 00 000  -84.00  -293.00
2005 08 31 16 51 00 000  -85.00  -276.00
2005 08 31 16 52 00 000  -84.00  -265.00
2005 08 31 16 53 00 000  -85.00  -286.00
2005 08 31 16 54 00 000  -86.00  -348.00
2005 08 31 16 55 00 000  -87.00  -419.00
2005 08 31 16 56 00 000  -87.00  -464.00
2005 08 31 16 57 00 000  -87.00  -512.00
2005 08 31 16 58 00 000  -87.00  -521.00
2005 08 31 16 59 00 000  -86.00  -500.00
2005 08 31 17 00 00 000  -84.00  -477.00
2005 08 31 17 01 00 000  -85.00  -486.00
2005 08 31 17 02 00 000  -89.00  -445.00
2005 08 31 17 03 00 000  -90.00  -436.00
2005 08 31 17 04 00 000  -92.00  -456.00
2005 08 31 17 05 00 000  -93.00  -494.00
2005 08 31 17 06 00 000  -94.00  -570.00
2005 08 31 17 07 00 000  -95.00  -568.00
2005 08 31 17 08 00 000  -95.00  -532.00
2005 08 31 17 09 00 000  -95.00  -532.00
2005 08 31 17 10 00 000  -95.00  -514.00
2005 08 31 17 11 00 000  -94.00  -514.00
2005 08 31 17 12 00 000  -95.00  -524.00
2005 08 31 17 13 00 000  -95.00  -559.00
2005 08 31 17 14 00 000  -95.00  -558.00
2005 08 31 17 15 00 000  -95.00  -534.00
2005 08 31 17 16 00 000  -95.00  -538.00
2005 08 31 17 17 00 000  -95.00  -588.00
2005 08 31 17 18 00 000  -96.00  -620.00
2005 08 31 17 19 00 000  -97.00  -531.00
2005 08 31 17 20 00 000  -99.00  -458.00
2005 08 31 17 21 00 000 -100.00  -491.00
2005 08 31 17 22 00 000 -100.00  -473.00
2005 08 31 17 23 00 000 -101.00  -416.00
2005 08 31 17 24 00 000 -102.00  -382.00
2005 08 31 17 25 00 000 -102.00  -367.00
2005 08 31 17 26 00 000 -102.00  -350.00
2005 08 31 17 27 00 000 -102.00  -345.00
2005 08 31 17 28 00 000 -102.00  -351.00
2005 08 31 17 29 00 000 -103.00  -359.00
2005 08 31 17 30 00 000 -104.00  -385.00
2005 08 31 17 31 00 000 -104.00  -414.00
2005 08 31 17 32 00 000 -104.00  -431.00
2005 08 31 17 33 00 000 -102.00  -437.00
2005 08 31 17 34 00 000 -102.00  -433.00
2005 08 31 17 35 00 000 -101.00  -437.00
2005 08 31 17 36 00 000 -103.00  -433.00
2005 08 31 17 37 00 000 -104.00  -418.00
2005 08 31 17 38 00 000 -106.00  -399.00
2005 08 31 17 39 00 000 -106.00  -383.00
2005 08 31 17 40 00 000 -106.00  -398.00
2005 08 31 17 41 00 000 -107.00  -403.00
2005 08 31 17 42 00 000 -107.00  -406.00
2005 08 31 17 43 00 000 -108.00  -409.00
2005 08 31 17 44 00 000 -110.00  -416.00
2005 08 31 17 45 00 000 -111.00  -449.00
2005 08 31 17 46 00 000 -111.00  -453.00
2005 08 31 17 47 00 000 -110.00  -438.00
2005 08 31 17 48 00 000 -113.00  -448.00
2005 08 31 17 49 00 000 -112.00  -461.00
2005 08 31 17 50 00 000 -111.00  -443.00
2005 08 31 17 51 00 000 -110.00  -401.00
2005 08 31 17 52 00 000 -109.00  -397.00
2005 08 31 17 53 00 000 -107.00  -394.00
2005 08 31 17 54 00 000 -107.00  -386.00
2005 08 31 17 55 00 000 -107.00  -398.00
2005 08 31 17 56 00 000 -108.00  -404.00
2005 08 31 17 57 00 000 -110.00  -403.00
2005 08 31 17 58 00 000 -110.00  -384.00
2005 08 31 17 59 00 000 -110.00  -362.00
2005 08 31 18 00 00 000 -108.00  -377.00
2005 08 31 18 01 00 000 -109.00  -403.00
2005 08 31 18 02 00 000 -109.00  -435.00
2005 08 31 18 03 00 000 -109.00  -439.00
2005 08 31 18 04 00 000 -109.00  -432.00
2005 08 31 18 05 00 000 -108.00  -447.00
2005 08 31 18 06 00 000 -104.00  -443.00
2005 08 31 18 07 00 000 -104.00  -463.00
2005 08 31 18 08 00 000 -109.00  -494.00
2005 08 31 18 09 00 000 -114.00  -709.00
2005 08 31 18 10 00 000 -114.00  -887.00
2005 08 31 18 11 00 000 -112.00  -961.00
2005 08 31 18 12 00 000 -109.00  -926.00
2005 08 31 18 13 00 000 -107.00  -826.00
2005 08 31 18 14 00 000 -105.00  -719.00
2005 08 31 18 15 00 000 -104.00  -660.00
2005 08 31 18 16 00 000 -104.00  -692.00
2005 08 31 18 17 00 000 -104.00  -715.00
2005 08 31 18 18 00 000 -104.00  -757.00
2005 08 31 18 19 00 000 -102.00  -771.00
2005 08 31 18 20 00 000 -101.00  -808.00
2005 08 31 18 21 00 000 -102.00  -894.00
2005 08 31 18 22 00 000  -99.00 -1038.00
2005 08 31 18 23 00 000  -98.00 -1118.00
2005 08 31 18 24 00 000  -98.00 -1141.00
2005 08 31 18 25 00 000  -99.00 -1201.00
2005 08 31 18 26 00 000 -102.00 -1229.00
2005 08 31 18 27 00 000 -105.00 -1198.00
2005 08 31 18 28 00 000 -108.00 -1116.00
2005 08 31 18 29 00 000 -109.00 -1020.00
2005 08 31 18 30 00 000 -111.00  -927.00
2005 08 31 18 31 00 000 -111.00  -967.00
2005 08 31 18 32 00 000 -111.00 -1137.00
2005 08 31 18 33 00 000 -110.00 -1210.00
2005 08 31 18 34 00 000 -109.00 -1218.00
2005 08 31 18 35 00 000 -109.00 -1161.00
2005 08 31 18 36 00 000 -109.00 -1055.00
2005 08 31 18 37 00 000 -109.00 -1036.00
2005 08 31 18 38 00 000 -110.00 -1049.00
2005 08 31 18 39 00 000 -110.00 -1155.00
2005 08 31 18 40 00 000 -111.00 -1245.00
2005 08 31 18 41 00 000 -110.00 -1132.00
2005 08 31 18 42 00 000 -110.00 -1137.00
2005 08 31 18 43 00 000 -111.00 -1147.00
2005 08 31 18 44 00 000 -111.00 -1185.00
2005 08 31 18 45 00 000 -110.00 -1179.00
2005 08 31 18 46 00 000 -110.00 -1183.00
2005 08 31 18 47 00 000 -109.00 -1304.00
2005 08 31 18 48 00 000 -110.00 -1208.00
2005 08 31 18 49 00 000 -109.00 -1202.00
2005 08 31 18 50 00 000 -108.00 -1142.00
2005 08 31 18 51 00 000 -109.00 -1170.00
2005 08 31 18 52 00 000 -110.00 -1069.00
2005 08 31 18 53 00 000 -109.00  -871.00
2005 08 31 18 54 00 000 -109.00  -768.00
2005 08 31 18 55 00 000 -109.00  -787.00
2005 08 31 18 56 00 000 -109.00  -927.00
2005 08 31 18 57 00 000 -109.00  -962.00
2005 08 31 18 58 00 000 -108.00  -958.00
2005 08 31 18 59 00 000 -108.00 -1014.00
2005 08 31 19 00 00 000 -108.00 -1135.00
2005 08 31 19 01 00 000 -107.00 -1243.00
2005 08 31 19 02 00 000 -107.00 -1093.00
2005 08 31 19 03 00 000 -106.00  -956.00
2005 08 31 19 04 00 000 -107.00 -1008.00
2005 08 31 19 05 00 000 -111.00 -1114.00
2005 08 31 19 06 00 000 -115.00 -1193.00
2005 08 31 19 07 00 000 -117.00 -1281.00
2005 08 31 19 08 00 000 -119.00 -1575.00
2005 08 31 19 09 00 000 -119.00 -1607.00
2005 08 31 19 10 00 000 -118.00 -1374.00
2005 08 31 19 11 00 000 -117.00 -1202.00
2005 08 31 19 12 00 000 -116.00 -1063.00
2005 08 31 19 13 00 000 -115.00  -933.00
2005 08 31 19 14 00 000 -114.00  -732.00
2005 08 31 19 15 00 000 -114.00  -586.00
2005 08 31 19 16 00 000 -113.00  -416.00
2005 08 31 19 17 00 000 -112.00  -344.00
2005 08 31 19 18 00 000 -110.00  -311.00
2005 08 31 19 19 00 000 -108.00  -314.00
2005 08 31 19 20 00 000 -107.00  -299.00
2005 08 31 19 21 00 000 -106.00  -276.00
2005 08 31 19 22 00 000 -105.00  -251.00
2005 08 31 19 23 00 000 -105.00  -253.00
2005 08 31 19 24 00 000 -104.00  -250.00
2005 08 31 19 25 00 000 -105.00  -225.00
2005 08 31 19 26 00 000 -105.00  -220.00
2005 08 31 19 27 00 000 -105.00  -213.00
2005 08 31 19 28 00 000 -106.00  -208.00
2005 08 31 19 29 00 000 -106.00  -171.00
2005 08 31 19 30 00 000 -108.00  -171.00
2005 08 31 19 31 00 000 -109.00  -162.00
2005 08 31 19 32 00 000 -108.00  -122.00
2005 08 31 19 33 00 000 -108.00   -77.00
2005 08 31 19 34 00 000 -109.00   -59.00
2005 08 31 19 35 00 000 -108.00   -61.00
2005 08 31 19 36 00 000 -108.00   -92.00
2005 08 31 19 37 00 000 -108.00  -128.00
2005 08 31 19 38 00 000 -108.00  -174.00
2005 08 31 19 39 00 000 -108.00  -187.00
2005 08 31 19 40 00 000 -108.00  -168.00
2005 08 31 19 41 00 000 -109.00  -141.00
2005 08 31 19 42 00 000 -108.00  -122.00
2005 08 31 19 43 00 000 -108.00   -86.00
2005 08 31 19 44 00 000 -107.00   -47.00
2005 08 31 19 45 00 000 -106.00   -34.00
2005 08 31 19 46 00 000 -104.00   -13.00
2005 08 31 19 47 00 000 -102.00   -12.00
2005 08 31 19 48 00 000 -101.00   -65.00
2005 08 31 19 49 00 000 -101.00  -122.00
2005 08 31 19 50 00 000 -100.00  -186.00
2005 08 31 19 51 00 000 -100.00  -212.00
2005 08 31 19 52 00 000  -99.00  -216.00
2005 08 31 19 53 00 000  -98.00  -190.00
2005 08 31 19 54 00 000  -98.00  -166.00
2005 08 31 19 55 00 000  -97.00  -160.00
2005 08 31 19 56 00 000  -95.00  -165.00
2005 08 31 19 57 00 000  -95.00  -184.00
2005 08 31 19 58 00 000  -94.00  -180.00
2005 08 31 19 59 00 000  -93.00  -162.00
2005 08 31 20 00 00 000  -94.00  -152.00
2005 08 31 20 01 00 000  -94.00  -133.00
2005 08 31 20 02 00 000  -94.00  -116.00
2005 08 31 20 03 00 000  -93.00  -152.00
2005 08 31 20 04 00 000  -93.00  -147.00
2005 08 31 20 05 00 000  -93.00  -136.00
2005 08 31 20 06 00 000  -92.00  -114.00
2005 08 31 20 07 00 000  -92.00   -71.00
2005 08 31 20 08 00 000  -91.00   -76.00
2005 08 31 20 09 00 000  -91.00   -72.00
2005 08 31 20 10 00 000  -91.00   -66.00
2005 08 31 20 11 00 000  -90.00   -74.00
2005 08 31 20 12 00 000  -88.00   -89.00
2005 08 31 20 13 00 000  -88.00   -98.00
2005 08 31 20 14 00 000  -88.00   -92.00
2005 08 31 20 15 00 000  -88.00   -72.00
2005 08 31 20 16 00 000  -89.00   -98.00
2005 08 31 20 17 00 000  -88.00  -128.00
2005 08 31 20 18 00 000  -88.00   -80.00
2005 08 31 20 19 00 000  -88.00   -61.00
2005 08 31 20 20 00 000  -87.00   -63.00
2005 08 31 20 21 00 000  -87.00   -52.00
2005 08 31 20 22 00 000  -86.00   -46.00
2005 08 31 20 23 00 000  -87.00   -46.00
2005 08 31 20 24 00 000  -87.00   -57.00
2005 08 31 20 25 00 000  -87.00   -74.00
2005 08 31 20 26 00 000  -87.00   -85.00
2005 08 31 20 27 00 000  -87.00   -86.00
2005 08 31 20 28 00 000  -86.00   -85.00
2005 08 31 20 29 00 000  -84.00   -95.00
2005 08 31 20 30 00 000  -84.00  -133.00
2005 08 31 20 31 00 000  -84.00  -196.00
2005 08 31 20 32 00 000  -83.00  -253.00
2005 08 31 20 33 00 000  -83.00  -266.00
2005 08 31 20 34 00 000  -83.00  -323.00
2005 08 31 20 35 00 000  -83.00  -349.00
2005 08 31 20 36 00 000  -83.00  -403.00
2005 08 31 20 37 00 000  -83.00  -408.00
2005 08 31 20 38 00 000  -83.00  -447.00
2005 08 31 20 39 00 000  -84.00  -439.00
2005 08 31 20 40 00 000  -85.00  -461.00
2005 08 31 20 41 00 000  -86.00  -465.00
2005 08 31 20 42 00 000  -86.00  -445.00
2005 08 31 20 43 00 000  -86.00  -418.00
2005 08 31 20 44 00 000  -87.00  -396.00
2005 08 31 20 45 00 000  -87.00  -341.00
2005 08 31 20 46 00 000  -88.00  -312.00
2005 08 31 20 47 00 000  -89.00  -303.00
2005 08 31 20 48 00 000  -89.00  -265.00
2005 08 31 20 49 00 000  -90.00  -220.00
2005 08 31 20 50 00 000  -90.00  -158.00
2005 08 31 20 51 00 000  -91.00  -136.00
2005 08 31 20 52 00 000  -92.00  -130.00
2005 08 31 20 53 00 000  -92.00  -131.00
2005 08 31 20 54 00 000  -94.00  -139.00
2005 08 31 20 55 00 000  -95.00  -138.00
2005 08 31 20 56 00 000  -96.00  -112.00
2005 08 31 20 57 00 000  -96.00   -85.00
2005 08 31 20 58 00 000  -97.00   -84.00
2005 08 31 20 59 00 000  -97.00  -101.00
2005 08 31 21 00 00 000  -98.00  -106.00
2005 08 31 21 01 00 000  -97.00   -93.00
2005 08 31 21 02 00 000  -97.00   -82.00
2005 08 31 21 03 00 000  -98.00   -95.00
2005 08 31 21 04 00 000  -98.00  -111.00
2005 08 31 21 05 00 000  -98.00   -98.00
2005 08 31 21 06 00 000  -98.00   -94.00
2005 08 31 21 07 00 000  -97.00   -90.00
2005 08 31 21 08 00 000  -97.00   -90.00
2005 08 31 21 09 00 000  -97.00   -90.00
2005 08 31 21 10 00 000  -96.00   -98.00
2005 08 31 21 11 00 000  -97.00  -109.00
2005 08 31 21 12 00 000  -96.00  -172.00
2005 08 31 21 13 00 000  -95.00  -387.00
2005 08 31 21 14 00 000  -95.00  -600.00
2005 08 31 21 15 00 000  -95.00  -630.00
2005 08 31 21 16 00 000  -95.00  -574.00
2005 08 31 21 17 00 000  -95.00  -574.00
2005 08 31 21 18 00 000  -96.00  -735.00
2005 08 31 21 19 00 000  -96.00  -858.00
2005 08 31 21 20 00 000  -96.00  -767.00
2005 08 31 21 21 00 000  -96.00  -805.00
2005 08 31 21 22 00 000  -96.00  -762.00
2005 08 31 21 23 00 000  -96.00  -715.00
2005 08 31 21 24 00 000  -96.00  -743.00
2005 08 31 21 25 00 000  -97.00  -955.00
2005 08 31 21 26 00 000  -98.00 -1053.00
2005 08 31 21 27 00 000  -99.00  -925.00
2005 08 31 21 28 00 000  -98.00  -966.00
2005 08 31 21 29 00 000  -98.00  -982.00
2005 08 31 21 30 00 000  -98.00 -1063.00
2005 08 31 21 31 00 000  -98.00 -1010.00
2005 08 31 21 32 00 000  -98.00  -939.00
2005 08 31 21 33 00 000  -97.00  -859.00
2005 08 31 21 34 00 000  -97.00  -811.00
2005 08 31 21 35 00 000  -98.00  -793.00
2005 08 31 21 36 00 000  -98.00 -1057.00
2005 08 31 21 37 00 000  -97.00 -1295.00
2005 08 31 21 38 00 000  -98.00 -1174.00
2005 08 31 21 39 00 000  -98.00 -1100.00
2005 08 31 21 40 00 000  -97.00 -1162.00
2005 08 31 21 41 00 000  -98.00  -968.00
2005 08 31 21 42 00 000  -97.00  -887.00
2005 08 31 21 43 00 000  -96.00  -882.00
2005 08 31 21 44 00 000  -96.00  -884.00
2005 08 31 21 45 00 000  -96.00  -869.00
2005 08 31 21 46 00 000  -97.00  -868.00
2005 08 31 21 47 00 000  -97.00  -978.00
2005 08 31 21 48 00 000  -95.00 -1037.00
2005 08 31 21 49 00 000  -94.00 -1066.00
2005 08 31 21 50 00 000  -94.00 -1168.00
2005 08 31 21 51 00 000  -94.00 -1313.00
2005 08 31 21 52 00 000  -94.00 -1179.00
2005 08 31 21 53 00 000  -93.00  -992.00
2005 08 31 21 54 00 000  -93.00 -1016.00
2005 08 31 21 55 00 000  -93.00  -959.00
2005 08 31 21 56 00 000  -93.00  -880.00
2005 08 31 21 57 00 000  -92.00  -870.00
2005 08 31 21 58 00 000  -93.00  -895.00
2005 08 31 21 59 00 000  -94.00  -873.00
2005 08 31 22 00 00 000  -95.00  -875.00
2005 08 31 22 01 00 000  -96.00  -906.00
2005 08 31 22 02 00 000  -96.00  -883.00
2005 08 31 22 03 00 000  -96.00  -840.00
2005 08 31 22 04 00 000  -96.00  -808.00
2005 08 31 22 05 00 000  -96.00  -803.00
2005 08 31 22 06 00 000  -96.00  -774.00
2005 08 31 22 07 00 000  -96.00  -726.00
2005 08 31 22 08 00 000  -97.00  -768.00
2005 08 31 22 09 00 000  -97.00  -784.00
2005 08 31 22 10 00 000  -97.00  -781.00
2005 08 31 22 11 00 000  -96.00  -761.00
2005 08 31 22 12 00 000  -96.00  -782.00
2005 08 31 22 13 00 000  -96.00  -773.00
2005 08 31 22 14 00 000  -96.00  -722.00
2005 08 31 22 15 00 000  -96.00  -728.00
2005 08 31 22 16 00 000  -95.00  -716.00
2005 08 31 22 17 00 000  -95.00  -726.00
2005 08 31 22 18 00 000  -95.00  -745.00
2005 08 31 22 19 00 000  -96.00  -756.00
2005 08 31 22 20 00 000  -97.00  -765.00
2005 08 31 22 21 00 000  -97.00  -741.00
2005 08 31 22 22 00 000  -98.00  -715.00
2005 08 31 22 23 00 000  -98.00  -717.00
2005 08 31 22 24 00 000  -99.00  -701.00
2005 08 31 22 25 00 000  -98.00  -666.00
2005 08 31 22 26 00 000  -98.00  -614.00
2005 08 31 22 27 00 000  -98.00  -580.00
2005 08 31 22 28 00 000  -98.00  -551.00
2005 08 31 22 29 00 000  -98.00  -513.00
2005 08 31 22 30 00 000  -98.00  -452.00
2005 08 31 22 31 00 000  -98.00  -415.00
2005 08 31 22 32 00 000  -99.00  -393.00
2005 08 31 22 33 00 000 -100.00  -361.00
2005 08 31 22 34 00 000  -99.00  -310.00
2005 08 31 22 35 00 000  -97.00  -282.00
2005 08 31 22 36 00 000  -96.00  -320.00
2005 08 31 22 37 00 000  -95.00  -255.00
2005 08 31 22 38 00 000  -94.00  -234.00
2005 08 31 22 39 00 000  -94.00  -230.00
2005 08 31 22 40 00 000  -94.00  -253.00
2005 08 31 22 41 00 000  -94.00  -266.00
2005 08 31 22 42 00 000  -93.00  -268.00
2005 08 31 22 43 00 000  -92.00  -264.00
2005 08 31 22 44 00 000  -91.00  -248.00
2005 08 31 22 45 00 000  -90.00  -222.00
2005 08 31 22 46 00 000  -89.00  -207.00
2005 08 31 22 47 00 000  -89.00  -202.00
2005 08 31 22 48 00 000  -89.00  -201.00
2005 08 31 22 49 00 000  -89.00  -199.00
2005 08 31 22 50 00 000  -89.00  -203.00
2005 08 31 22 51 00 000  -89.00  -209.00
2005 08 31 22 52 00 000  -89.00  -252.00
2005 08 31 22 53 00 000  -88.00  -243.00
2005 08 31 22 54 00 000  -87.00  -217.00
2005 08 31 22 55 00 000  -86.00  -206.00
2005 08 31 22 56 00 000  -86.00  -195.00
2005 08 31 22 57 00 000  -85.00  -197.00
2005 08 31 22 58 00 000  -85.00  -217.00
2005 08 31 22 59 00 000  -84.00  -211.00
2005 08 31 23 00 00 000  -84.00  -201.00
2005 08 31 23 01 00 000  -84.00  -172.00
2005 08 31 23 02 00 000  -84.00  -194.00
2005 08 31 23 03 00 000  -84.00  -203.00
2005 08 31 23 04 00 000  -84.00  -175.00
2005 08 31 23 05 00 000  -84.00  -144.00
2005 08 31 23 06 00 000  -83.00  -147.00
2005 08 31 23 07 00 000  -82.00  -151.00
2005 08 31 23 08 00 000  -83.00  -220.00
2005 08 31 23 09 00 000  -83.00  -238.00
2005 08 31 23 10 00 000  -84.00  -196.00
2005 08 31 23 11 00 000  -84.00  -141.00
2005 08 31 23 12 00 000  -84.00  -150.00
2005 08 31 23 13 00 000  -85.00  -140.00
2005 08 31 23 14 00 000  -85.00  -136.00
2005 08 31 23 15 00 000  -84.00  -129.00
2005 08 31 23 16 00 000  -84.00  -124.00
2005 08 31 23 17 00 000  -83.00  -112.00
2005 08 31 23 18 00 000  -83.00  -106.00
2005 08 31 23 19 00 000  -82.00  -108.00
2005 08 31 23 20 00 000  -82.00  -105.00
2005 08 31 23 21 00 000  -81.00  -109.00
2005 08 31 23 22 00 000  -81.00  -118.00
2005 08 31 23 23 00 000  -81.00  -107.00
2005 08 31 23 24 00 000  -82.00   -93.00
2005 08 31 23 25 00 000  -81.00   -86.00
2005 08 31 23 26 00 000  -81.00   -77.00
2005 08 31 23 27 00 000  -81.00   -53.00
2005 08 31 23 28 00 000  -81.00   -53.00
2005 08 31 23 29 00 000  -81.00   -63.00
2005 08 31 23 30 00 000  -82.00   -68.00
2005 08 31 23 31 00 000  -82.00   -62.00
2005 08 31 23 32 00 000  -82.00   -74.00
2005 08 31 23 33 00 000  -82.00   -78.00
2005 08 31 23 34 00 000  -82.00   -78.00
2005 08 31 23 35 00 000  -82.00   -84.00
2005 08 31 23 36 00 000  -82.00   -85.00
2005 08 31 23 37 00 000  -81.00   -70.00
2005 08 31 23 38 00 000  -81.00   -68.00
2005 08 31 23 39 00 000  -80.00   -63.00
2005 08 31 23 40 00 000  -80.00   -61.00
2005 08 31 23 41 00 000  -80.00   -63.00
2005 08 31 23 42 00 000  -80.00   -62.00
2005 08 31 23 43 00 000  -80.00   -61.00
2005 08 31 23 44 00 000  -79.00   -55.00
2005 08 31 23 45 00 000  -79.00   -57.00
2005 08 31 23 46 00 000  -78.00   -59.00
2005 08 31 23 47 00 000  -77.00   -58.00
2005 08 31 23 48 00 000  -76.00   -51.00
2005 08 31 23 49 00 000  -76.00   -48.00
2005 08 31 23 50 00 000  -74.00   -46.00
2005 08 31 23 51 00 000  -74.00   -48.00
2005 08 31 23 52 00 000  -73.00   -58.00
2005 08 31 23 53 00 000  -72.00   -69.00
2005 08 31 23 54 00 000  -72.00   -69.00
2005 08 31 23 55 00 000  -72.00   -59.00
2005 08 31 23 56 00 000  -72.00   -46.00
2005 08 31 23 57 00 000  -72.00   -49.00
2005 08 31 23 58 00 000  -72.00   -63.00
2005 08 31 23 59 00 000  -72.00   -71.00
2005 09 01 00 00 00 000  -75.00   -62.00
2005 09 01 00 01 00 000  -75.00   -59.00
2005 09 01 00 02 00 000  -73.00   -49.00
2005 09 01 00 03 00 000  -73.00   -42.00
2005 09 01 00 04 00 000  -72.00   -55.00
2005 09 01 00 05 00 000  -71.00   -63.00
2005 09 01 00 06 00 000  -71.00   -55.00
2005 09 01 00 07 00 000  -72.00   -51.00
2005 09 01 00 08 00 000  -73.00   -50.00
2005 09 01 00 09 00 000  -74.00   -45.00
2005 09 01 00 10 00 000  -75.00   -41.00
2005 09 01 00 11 00 000  -75.00   -79.00
2005 09 01 00 12 00 000  -75.00   -72.00
2005 09 01 00 13 00 000  -75.00   -56.00
2005 09 01 00 14 00 000  -74.00   -43.00
2005 09 01 00 15 00 000  -73.00   -42.00
2005 09 01 00 16 00 000  -73.00   -46.00
2005 09 01 00 17 00 000  -72.00   -46.00
2005 09 01 00 18 00 000  -72.00   -47.00
2005 09 01 00 19 00 000  -72.00   -54.00
2005 09 01 00 20 00 000  -71.00   -67.00
2005 09 01 00 21 00 000  -71.00   -75.00
2005 09 01 00 22 00 000  -71.00   -79.00
2005 09 01 00 23 00 000  -71.00   -83.00
2005 09 01 00 24 00 000  -71.00   -88.00
2005 09 01 00 25 00 000  -70.00   -91.00
2005 09 01 00 26 00 000  -70.00   -93.00
2005 09 01 00 27 00 000  -70.00  -104.00
2005 09 01 00 28 00 000  -69.00  -120.00
2005 09 01 00 29 00 000  -70.00  -137.00
2005 09 01 00 30 00 000  -70.00  -148.00
2005 09 01 00 31 00 000  -70.00  -155.00
2005 09 01 00 32 00 000  -70.00  -160.00
2005 09 01 00 33 00 000  -70.00  -146.00
2005 09 01 00 34 00 000  -70.00  -120.00
2005 09 01 00 35 00 000  -70.00  -123.00
2005 09 01 00 36 00 000  -70.00  -119.00
2005 09 01 00 37 00 000  -70.00  -114.00
2005 09 01 00 38 00 000  -70.00  -119.00
2005 09 01 00 39 00 000  -70.00  -117.00
2005 09 01 00 40 00 000  -70.00  -108.00
2005 09 01 00 41 00 000  -70.00  -104.00
2005 09 01 00 42 00 000  -70.00  -110.00
2005 09 01 00 43 00 000  -70.00  -126.00
2005 09 01 00 44 00 000  -70.00  -140.00
2005 09 01 00 45 00 000  -71.00  -133.00
2005 09 01 00 46 00 000  -70.00  -134.00
2005 09 01 00 47 00 000  -70.00  -146.00
2005 09 01 00 48 00 000  -70.00  -135.00
2005 09 01 00 49 00 000  -70.00  -151.00
2005 09 01 00 50 00 000  -70.00  -149.00
2005 09 01 00 51 00 000  -71.00  -132.00
2005 09 01 00 52 00 000  -71.00  -144.00
2005 09 01 00 53 00 000  -71.00  -142.00
2005 09 01 00 54 00 000  -71.00  -143.00
2005 09 01 00 55 00 000  -71.00  -141.00
2005 09 01 00 56 00 000  -71.00  -133.00
2005 09 01 00 57 00 000  -71.00  -137.00
2005 09 01 00 58 00 000  -71.00  -162.00
2005 09 01 00 59 00 000  -71.00  -188.00
2005 09 01 01 00 00 000  -71.00  -201.00
2005 09 01 01 01 00 000  -71.00  -201.00
2005 09 01 01 02 00 000  -71.00  -189.00
2005 09 01 01 03 00 000  -71.00  -176.00
2005 09 01 01 04 00 000  -71.00  -155.00
2005 09 01 01 05 00 000  -71.00  -146.00
2005 09 01 01 06 00 000  -71.00  -143.00
2005 09 01 01 07 00 000  -71.00  -140.00
2005 09 01 01 08 00 000  -71.00  -137.00
2005 09 01 01 09 00 000  -71.00  -140.00
2005 09 01 01 10 00 000  -71.00  -138.00
2005 09 01 01 11 00 000  -71.00  -136.00
2005 09 01 01 12 00 000  -71.00  -138.00
2005 09 01 01 13 00 000  -71.00  -135.00
2005 09 01 01 14 00 000  -71.00  -130.00
2005 09 01 01 15 00 000  -71.00  -116.00
2005 09 01 01 16 00 000  -71.00   -99.00
2005 09 01 01 17 00 000  -71.00  -102.00
2005 09 01 01 18 00 000  -71.00  -105.00
2005 09 01 01 19 00 000  -70.00  -108.00
2005 09 01 01 20 00 000  -70.00  -118.00
2005 09 01 01 21 00 000  -70.00  -116.00
2005 09 01 01 22 00 000  -70.00  -115.00
2005 09 01 01 23 00 000  -69.00  -119.00
2005 09 01 01 24 00 000  -69.00  -110.00
2005 09 01 01 25 00 000  -68.00  -189.00
2005 09 01 01 26 00 000  -68.00  -155.00
2005 09 01 01 27 00 000  -67.00  -180.00
2005 09 01 01 28 00 000  -66.00  -145.00
2005 09 01 01 29 00 000  -66.00  -202.00
2005 09 01 01 30 00 000  -65.00  -178.00
2005 09 01 01 31 00 000  -65.00  -160.00
2005 09 01 01 32 00 000  -64.00  -272.00
2005 09 01 01 33 00 000  -63.00  -185.00
2005 09 01 01 34 00 000  -63.00  -156.00
2005 09 01 01 35 00 000  -61.00  -163.00
2005 09 01 01 36 00 000  -60.00  -106.00
2005 09 01 01 37 00 000  -60.00  -111.00
2005 09 01 01 38 00 000  -59.00  -118.00
2005 09 01 01 39 00 000  -58.00  -138.00
2005 09 01 01 40 00 000  -58.00  -240.00
2005 09 01 01 41 00 000  -57.00  -361.00
2005 09 01 01 42 00 000  -56.00  -472.00
2005 09 01 01 43 00 000  -55.00  -466.00
2005 09 01 01 44 00 000  -55.00  -568.00
2005 09 01 01 45 00 000  -54.00  -557.00
2005 09 01 01 46 00 000  -54.00  -617.00
2005 09 01 01 47 00 000  -54.00  -651.00
2005 09 01 01 48 00 000  -54.00  -674.00
2005 09 01 01 49 00 000  -54.00  -694.00
2005 09 01 01 50 00 000  -54.00  -733.00
2005 09 01 01 51 00 000  -54.00  -690.00
2005 09 01 01 52 00 000  -54.00  -699.00
2005 09 01 01 53 00 000  -54.00  -637.00
2005 09 01 01 54 00 000  -54.00  -616.00
2005 09 01 01 55 00 000  -54.00  -493.00
2005 09 01 01 56 00 000  -54.00  -456.00
2005 09 01 01 57 00 000  -54.00  -428.00
2005 09 01 01 58 00 000  -53.00  -399.00
2005 09 01 01 59 00 000  -53.00  -387.00
2005 09 01 02 00 00 000  -54.00  -379.00
2005 09 01 02 01 00 000  -54.00  -388.00
2005 09 01 02 02 00 000  -53.00  -379.00
2005 09 01 02 03 00 000  -53.00  -373.00
2005 09 01 02 04 00 000  -53.00  -372.00
2005 09 01 02 05 00 000  -52.00  -351.00
2005 09 01 02 06 00 000  -52.00  -340.00
2005 09 01 02 07 00 000  -53.00  -322.00
2005 09 01 02 08 00 000  -54.00  -333.00
2005 09 01 02 09 00 000  -56.00  -357.00
2005 09 01 02 10 00 000  -57.00  -388.00
2005 09 01 02 11 00 000  -58.00  -412.00
2005 09 01 02 12 00 000  -58.00  -413.00
2005 09 01 02 13 00 000  -58.00  -373.00
2005 09 01 02 14 00 000  -58.00  -315.00
2005 09 01 02 15 00 000  -57.00  -305.00
2005 09 01 02 16 00 000  -57.00  -281.00
2005 09 01 02 17 00 000  -56.00  -276.00
2005 09 01 02 18 00 000  -56.00  -271.00
2005 09 01 02 19 00 000  -56.00  -272.00
2005 09 01 02 20 00 000  -56.00  -258.00
2005 09 01 02 21 00 000  -55.00  -247.00
2005 09 01 02 22 00 000  -55.00  -247.00
2005 09 01 02 23 00 000  -55.00  -248.00
2005 09 01 02 24 00 000  -55.00  -246.00
2005 09 01 02 25 00 000  -55.00  -252.00
2005 09 01 02 26 00 000  -55.00  -267.00
2005 09 01 02 27 00 000  -55.00  -279.00
2005 09 01 02 28 00 000  -55.00  -287.00
2005 09 01 02 29 00 000  -55.00  -282.00
2005 09 01 02 30 00 000  -55.00  -273.00
2005 09 01 02 31 00 000  -55.00  -263.00
2005 09 01 02 32 00 000  -55.00  -253.00
2005 09 01 02 33 00 000  -56.00  -248.00
2005 09 01 02 34 00 000  -56.00  -244.00
2005 09 01 02 35 00 000  -56.00  -247.00
2005 09 01 02 36 00 000  -56.00  -251.00
2005 09 01 02 37 00 000  -55.00  -254.00
2005 09 01 02 38 00 000  -56.00  -258.00
2005 09 01 02 39 00 000  -56.00  -262.00
2005 09 01 02 40 00 000  -56.00  -271.00
2005 09 01 02 41 00 000  -56.00  -280.00
2005 09 01 02 42 00 000  -56.00  -292.00
2005 09 01 02 43 00 000  -56.00  -302.00
2005 09 01 02 44 00 000  -56.00  -307.00
2005 09 01 02 45 00 000  -56.00  -308.00
2005 09 01 02 46 00 000  -56.00  -305.00
2005 09 01 02 47 00 000  -57.00  -322.00
2005 09 01 02 48 00 000  -57.00  -319.00
2005 09 01 02 49 00 000  -57.00  -297.00
2005 09 01 02 50 00 000  -58.00  -288.00
2005 09 01 02 51 00 000  -58.00  -285.00
2005 09 01 02 52 00 000  -59.00  -296.00
2005 09 01 02 53 00 000  -59.00  -305.00
2005 09 01 02 54 00 000  -59.00  -305.00
2005 09 01 02 55 00 000  -59.00  -312.00
2005 09 01 02 56 00 000  -59.00  -314.00
2005 09 01 02 57 00 000  -60.00  -324.00
2005 09 01 02 58 00 000  -60.00  -330.00
2005 09 01 02 59 00 000  -60.00  -335.00
2005 09 01 03 00 00 000  -61.00  -343.00
2005 09 01 03 01 00 000  -61.00  -340.00
2005 09 01 03 02 00 000  -61.00  -325.00
2005 09 01 03 03 00 000  -62.00  -319.00
2005 09 01 03 04 00 000  -62.00  -292.00
2005 09 01 03 05 00 000  -62.00  -273.00
2005 09 01 03 06 00 000  -63.00  -275.00
2005 09 01 03 07 00 000  -62.00  -275.00
2005 09 01 03 08 00 000  -62.00  -250.00
2005 09 01 03 09 00 000  -62.00  -236.00
2005 09 01 03 10 00 000  -63.00  -229.00
2005 09 01 03 11 00 000  -62.00  -211.00
2005 09 01 03 12 00 000  -63.00  -208.00
2005 09 01 03 13 00 000  -64.00  -208.00
2005 09 01 03 14 00 000  -64.00  -206.00
2005 09 01 03 15 00 000  -64.00  -194.00
2005 09 01 03 16 00 000  -63.00  -184.00
2005 09 01 03 17 00 000  -63.00  -176.00
2005 09 01 03 18 00 000  -62.00  -168.00
2005 09 01 03 19 00 000  -62.00  -166.00
2005 09 01 03 20 00 000  -62.00  -164.00
2005 09 01 03 21 00 000  -62.00  -167.00
2005 09 01 03 22 00 000  -62.00  -170.00
2005 09 01 03 23 00 000  -62.00  -170.00
2005 09 01 03 24 00 000  -62.00  -174.00
2005 09 01 03 25 00 000  -62.00  -179.00
2005 09 01 03 26 00 000  -61.00  -180.00
2005 09 01 03 27 00 000  -62.00  -168.00
2005 09 01 03 28 00 000  -61.00  -165.00
2005 09 01 03 29 00 000  -62.00  -160.00
2005 09 01 03 30 00 000  -62.00  -161.00
2005 09 01 03 31 00 000  -62.00  -161.00
2005 09 01 03 32 00 000  -63.00  -157.00
2005 09 01 03 33 00 000  -63.00  -169.00
2005 09 01 03 34 00 000  -63.00  -178.00
2005 09 01 03 35 00 000  -63.00  -186.00
2005 09 01 03 36 00 000  -63.00  -189.00
2005 09 01 03 37 00 000  -63.00  -193.00
2005 09 01 03 38 00 000  -63.00  -196.00
2005 09 01 03 39 00 000  -63.00  -192.00
2005 09 01 03 40 00 000  -63.00  -183.00
2005 09 01 03 41 00 000  -63.00  -181.00
2005 09 01 03 42 00 000  -63.00  -215.00
2005 09 01 03 43 00 000  -63.00  -235.00
2005 09 01 03 44 00 000  -63.00  -247.00
2005 09 01 03 45 00 000  -63.00  -235.00
2005 09 01 03 46 00 000  -64.00  -243.00
2005 09 01 03 47 00 000  -64.00  -243.00
2005 09 01 03 48 00 000  -64.00  -250.00
2005 09 01 03 49 00 000  -64.00  -272.00
2005 09 01 03 50 00 000  -64.00  -255.00
2005 09 01 03 51 00 000  -65.00  -263.00
2005 09 01 03 52 00 000  -65.00  -275.00
2005 09 01 03 53 00 000  -65.00  -291.00
2005 09 01 03 54 00 000  -65.00  -305.00
2005 09 01 03 55 00 000  -66.00  -309.00
2005 09 01 03 56 00 000  -66.00  -344.00
2005 09 01 03 57 00 000  -66.00  -421.00
2005 09 01 03 58 00 000  -66.00  -531.00
2005 09 01 03 59 00 000  -66.00  -426.00
2005 09 01 04 00 00 000  -66.00  -487.00
2005 09 01 04 01 00 000  -65.00  -531.00
2005 09 01 04 02 00 000  -65.00  -533.00
2005 09 01 04 03 00 000  -64.00  -570.00
2005 09 01 04 04 00 000  -63.00  -569.00
2005 09 01 04 05 00 000  -62.00  -520.00
2005 09 01 04 06 00 000  -60.00  -489.00
2005 09 01 04 07 00 000  -59.00  -466.00
2005 09 01 04 08 00 000  -59.00  -472.00
2005 09 01 04 09 00 000  -59.00  -460.00
2005 09 01 04 10 00 000  -59.00  -451.00
2005 09 01 04 11 00 000  -59.00  -453.00
2005 09 01 04 12 00 000  -58.00  -485.00
2005 09 01 04 13 00 000  -58.00  -473.00
2005 09 01 04 14 00 000  -58.00  -466.00
2005 09 01 04 15 00 000  -57.00  -461.00
2005 09 01 04 16 00 000  -56.00  -459.00
2005 09 01 04 17 00 000  -56.00  -458.00
2005 09 01 04 18 00 000  -55.00  -442.00
2005 09 01 04 19 00 000  -55.00  -398.00
2005 09 01 04 20 00 000  -55.00  -409.00
2005 09 01 04 21 00 000  -55.00  -450.00
2005 09 01 04 22 00 000  -54.00  -487.00
2005 09 01 04 23 00 000  -54.00  -504.00
2005 09 01 04 24 00 000  -54.00  -502.00
2005 09 01 04 25 00 000  -54.00  -380.00
2005 09 01 04 26 00 000  -54.00  -380.00
2005 09 01 04 27 00 000  -55.00  -365.00
2005 09 01 04 28 00 000  -55.00  -407.00
2005 09 01 04 29 00 000  -54.00  -355.00
2005 09 01 04 30 00 000  -55.00  -307.00
2005 09 01 04 31 00 000  -55.00  -312.00
2005 09 01 04 32 00 000  -56.00  -384.00
2005 09 01 04 33 00 000  -56.00  -445.00
2005 09 01 04 34 00 000  -56.00  -391.00
2005 09 01 04 35 00 000  -56.00  -396.00
2005 09 01 04 36 00 000  -56.00  -401.00
2005 09 01 04 37 00 000  -56.00  -292.00
2005 09 01 04 38 00 000  -56.00  -294.00
2005 09 01 04 39 00 000  -55.00  -318.00
2005 09 01 04 40 00 000  -56.00  -339.00
2005 09 01 04 41 00 000  -56.00  -332.00
2005 09 01 04 42 00 000  -56.00  -314.00
2005 09 01 04 43 00 000  -55.00  -334.00
2005 09 01 04 44 00 000  -55.00  -355.00
2005 09 01 04 45 00 000  -55.00  -365.00
2005 09 01 04 46 00 000  -55.00  -373.00
2005 09 01 04 47 00 000  -56.00  -381.00
2005 09 01 04 48 00 000  -56.00  -350.00
2005 09 01 04 49 00 000  -56.00  -311.00
2005 09 01 04 50 00 000  -56.00  -285.00
2005 09 01 04 51 00 000  -56.00  -274.00
2005 09 01 04 52 00 000  -55.00  -293.00
2005 09 01 04 53 00 000  -55.00  -321.00
2005 09 01 04 54 00 000  -55.00  -347.00
2005 09 01 04 55 00 000  -55.00  -348.00
2005 09 01 04 56 00 000  -55.00  -366.00
2005 09 01 04 57 00 000  -54.00  -389.00
2005 09 01 04 58 00 000  -54.00  -395.00
2005 09 01 04 59 00 000  -55.00  -394.00
2005 09 01 05 00 00 000  -55.00  -404.00
2005 09 01 05 01 00 000  -55.00  -424.00
2005 09 01 05 02 00 000  -55.00  -410.00
2005 09 01 05 03 00 000  -55.00  -408.00
2005 09 01 05 04 00 000  -55.00  -413.00
2005 09 01 05 05 00 000  -55.00  -420.00
2005 09 01 05 06 00 000  -56.00  -420.00
2005 09 01 05 07 00 000  -56.00  -418.00
2005 09 01 05 08 00 000  -56.00  -419.00
2005 09 01 05 09 00 000  -55.00  -418.00
2005 09 01 05 10 00 000  -55.00  -406.00
2005 09 01 05 11 00 000  -55.00  -380.00
2005 09 01 05 12 00 000  -56.00  -347.00
2005 09 01 05 13 00 000  -56.00  -328.00
2005 09 01 05 14 00 000  -56.00  -319.00
2005 09 01 05 15 00 000  -57.00  -311.00
2005 09 01 05 16 00 000  -57.00  -303.00
2005 09 01 05 17 00 000  -57.00  -300.00
2005 09 01 05 18 00 000  -57.00  -304.00
2005 09 01 05 19 00 000  -57.00  -317.00
2005 09 01 05 20 00 000  -57.00  -321.00
2005 09 01 05 21 00 000  -57.00  -315.00
2005 09 01 05 22 00 000  -57.00  -313.00
2005 09 01 05 23 00 000  -56.00  -314.00
2005 09 01 05 24 00 000  -57.00  -319.00
2005 09 01 05 25 00 000  -56.00  -310.00
2005 09 01 05 26 00 000  -56.00  -309.00
2005 09 01 05 27 00 000  -56.00  -300.00
2005 09 01 05 28 00 000  -56.00  -278.00
2005 09 01 05 29 00 000  -56.00  -266.00
2005 09 01 05 30 00 000  -56.00  -276.00
2005 09 01 05 31 00 000  -56.00  -277.00
2005 09 01 05 32 00 000  -56.00  -284.00
2005 09 01 05 33 00 000  -57.00  -281.00
2005 09 01 05 34 00 000  -58.00  -288.00
2005 09 01 05 35 00 000  -58.00  -282.00
2005 09 01 05 36 00 000  -58.00  -276.00
2005 09 01 05 37 00 000  -58.00  -285.00
2005 09 01 05 38 00 000  -58.00  -301.00
2005 09 01 05 39 00 000  -58.00  -306.00
2005 09 01 05 40 00 000  -58.00  -311.00
2005 09 01 05 41 00 000  -59.00  -314.00
2005 09 01 05 42 00 000  -59.00  -311.00
2005 09 01 05 43 00 000  -59.00  -306.00
2005 09 01 05 44 00 000  -59.00  -303.00
2005 09 01 05 45 00 000  -59.00  -303.00
2005 09 01 05 46 00 000  -59.00  -300.00
2005 09 01 05 47 00 000  -59.00  -309.00
2005 09 01 05 48 00 000  -59.00  -313.00
2005 09 01 05 49 00 000  -59.00  -305.00
2005 09 01 05 50 00 000  -58.00  -305.00
2005 09 01 05 51 00 000  -58.00  -314.00
2005 09 01 05 52 00 000  -58.00  -298.00
2005 09 01 05 53 00 000  -58.00  -296.00
2005 09 01 05 54 00 000  -59.00  -293.00
2005 09 01 05 55 00 000  -58.00  -296.00
2005 09 01 05 56 00 000  -58.00  -304.00
2005 09 01 05 57 00 000  -57.00  -293.00
2005 09 01 05 58 00 000  -57.00  -279.00
2005 09 01 05 59 00 000  -58.00  -273.00
2005 09 01 06 00 00 000  -58.00  -272.00
2005 09 01 06 01 00 000  -59.00  -269.00
2005 09 01 06 02 00 000  -59.00  -258.00
2005 09 01 06 03 00 000  -59.00  -251.00
2005 09 01 06 04 00 000  -59.00  -253.00
2005 09 01 06 05 00 000  -59.00  -271.00
2005 09 01 06 06 00 000  -59.00  -263.00
2005 09 01 06 07 00 000  -59.00  -247.00
2005 09 01 06 08 00 000  -59.00  -231.00
2005 09 01 06 09 00 000  -58.00  -230.00
2005 09 01 06 10 00 000  -58.00  -222.00
2005 09 01 06 11 00 000  -57.00  -213.00
2005 09 01 06 12 00 000  -57.00  -218.00
2005 09 01 06 13 00 000  -57.00  -216.00
2005 09 01 06 14 00 000  -56.00  -233.00
2005 09 01 06 15 00 000  -56.00  -249.00
2005 09 01 06 16 00 000  -55.00  -253.00
2005 09 01 06 17 00 000  -55.00  -257.00
2005 09 01 06 18 00 000  -55.00  -260.00
2005 09 01 06 19 00 000  -55.00  -254.00
2005 09 01 06 20 00 000  -55.00  -238.00
2005 09 01 06 21 00 000  -54.00  -221.00
2005 09 01 06 22 00 000  -54.00  -202.00
2005 09 01 06 23 00 000  -54.00  -185.00
2005 09 01 06 24 00 000  -54.00  -194.00
2005 09 01 06 25 00 000  -53.00  -212.00
2005 09 01 06 26 00 000  -53.00  -228.00
2005 09 01 06 27 00 000  -53.00  -222.00
2005 09 01 06 28 00 000  -53.00  -187.00
2005 09 01 06 29 00 000  -53.00  -186.00
2005 09 01 06 30 00 000  -53.00  -198.00
2005 09 01 06 31 00 000  -53.00  -198.00
2005 09 01 06 32 00 000  -52.00  -185.00
2005 09 01 06 33 00 000  -52.00  -178.00
2005 09 01 06 34 00 000  -53.00  -173.00
2005 09 01 06 35 00 000  -53.00  -170.00
2005 09 01 06 36 00 000  -52.00  -179.00
2005 09 01 06 37 00 000  -52.00  -176.00
2005 09 01 06 38 00 000  -52.00  -140.00
2005 09 01 06 39 00 000  -51.00  -138.00
2005 09 01 06 40 00 000  -51.00  -125.00
2005 09 01 06 41 00 000  -51.00  -119.00
2005 09 01 06 42 00 000  -51.00  -130.00
2005 09 01 06 43 00 000  -51.00  -148.00
2005 09 01 06 44 00 000  -51.00  -160.00
2005 09 01 06 45 00 000  -50.00  -177.00
2005 09 01 06 46 00 000  -50.00  -161.00
2005 09 01 06 47 00 000  -49.00  -155.00
2005 09 01 06 48 00 000  -48.00  -158.00
2005 09 01 06 49 00 000  -49.00  -148.00
2005 09 01 06 50 00 000  -49.00  -124.00
2005 09 01 06 51 00 000  -49.00  -120.00
2005 09 01 06 52 00 000  -49.00  -147.00
2005 09 01 06 53 00 000  -49.00  -183.00
2005 09 01 06 54 00 000  -49.00  -220.00
2005 09 01 06 55 00 000  -49.00  -233.00
2005 09 01 06 56 00 000  -48.00  -167.00
2005 09 01 06 57 00 000  -48.00  -143.00
2005 09 01 06 58 00 000  -48.00  -138.00
2005 09 01 06 59 00 000  -47.00  -131.00
2005 09 01 07 00 00 000  -47.00  -127.00
2005 09 01 07 01 00 000  -47.00  -124.00
2005 09 01 07 02 00 000  -47.00  -123.00
2005 09 01 07 03 00 000  -47.00  -131.00
2005 09 01 07 04 00 000  -47.00  -140.00
2005 09 01 07 05 00 000  -46.00  -145.00
2005 09 01 07 06 00 000  -46.00  -144.00
2005 09 01 07 07 00 000  -46.00  -139.00
2005 09 01 07 08 00 000  -46.00  -132.00
2005 09 01 07 09 00 000  -46.00  -124.00
2005 09 01 07 10 00 000  -45.00  -125.00
2005 09 01 07 11 00 000  -45.00  -129.00
2005 09 01 07 12 00 000  -45.00  -133.00
2005 09 01 07 13 00 000  -44.00  -139.00
2005 09 01 07 14 00 000  -44.00  -140.00
2005 09 01 07 15 00 000  -44.00  -136.00
2005 09 01 07 16 00 000  -44.00  -131.00
2005 09 01 07 17 00 000  -44.00  -129.00
2005 09 01 07 18 00 000  -44.00  -127.00
2005 09 01 07 19 00 000  -43.00  -126.00
2005 09 01 07 20 00 000  -43.00  -125.00
2005 09 01 07 21 00 000  -43.00  -120.00
2005 09 01 07 22 00 000  -43.00  -116.00
2005 09 01 07 23 00 000  -43.00  -112.00
2005 09 01 07 24 00 000  -42.00  -109.00
2005 09 01 07 25 00 000  -42.00  -107.00
2005 09 01 07 26 00 000  -43.00  -102.00
2005 09 01 07 27 00 000  -42.00  -100.00
2005 09 01 07 28 00 000  -42.00   -97.00
2005 09 01 07 29 00 000  -42.00   -93.00
2005 09 01 07 30 00 000  -41.00   -91.00
2005 09 01 07 31 00 000  -40.00   -94.00
2005 09 01 07 32 00 000  -40.00   -93.00
2005 09 01 07 33 00 000  -39.00   -90.00
2005 09 01 07 34 00 000  -40.00   -89.00
2005 09 01 07 35 00 000  -40.00   -89.00
2005 09 01 07 36 00 000  -40.00   -89.00
2005 09 01 07 37 00 000  -40.00   -85.00
2005 09 01 07 38 00 000  -41.00   -87.00
2005 09 01 07 39 00 000  -41.00   -89.00
2005 09 01 07 40 00 000  -41.00   -87.00
2005 09 01 07 41 00 000  -41.00   -88.00
2005 09 01 07 42 00 000  -40.00   -92.00
2005 09 01 07 43 00 000  -40.00   -93.00
2005 09 01 07 44 00 000  -40.00   -96.00
2005 09 01 07 45 00 000  -40.00   -97.00
2005 09 01 07 46 00 000  -40.00   -97.00
2005 09 01 07 47 00 000  -40.00  -104.00
2005 09 01 07 48 00 000  -40.00  -104.00
2005 09 01 07 49 00 000  -40.00  -101.00
2005 09 01 07 50 00 000  -40.00  -100.00
2005 09 01 07 51 00 000  -41.00  -104.00
2005 09 01 07 52 00 000  -41.00  -107.00
2005 09 01 07 53 00 000  -41.00  -108.00
2005 09 01 07 54 00 000  -41.00  -103.00
2005 09 01 07 55 00 000  -41.00   -98.00
2005 09 01 07 56 00 000  -41.00   -91.00
2005 09 01 07 57 00 000  -40.00   -83.00
2005 09 01 07 58 00 000  -40.00   -77.00
2005 09 01 07 59 00 000  -39.00   -71.00
2005 09 01 08 00 00 000  -39.00   -66.00
2005 09 01 08 01 00 000  -38.00   -69.00
2005 09 01 08 02 00 000  -39.00   -78.00
2005 09 01 08 03 00 000  -39.00   -78.00
2005 09 01 08 04 00 000  -38.00   -73.00
2005 09 01 08 05 00 000  -38.00   -67.00
2005 09 01 08 06 00 000  -39.00   -57.00
2005 09 01 08 07 00 000  -38.00   -51.00
2005 09 01 08 08 00 000  -38.00   -50.00
2005 09 01 08 09 00 000  -38.00   -45.00
2005 09 01 08 10 00 000  -38.00   -44.00
2005 09 01 08 11 00 000  -38.00   -44.00
2005 09 01 08 12 00 000  -38.00   -52.00
2005 09 01 08 13 00 000  -38.00   -54.00
2005 09 01 08 14 00 000  -38.00   -57.00
2005 09 01 08 15 00 000  -38.00   -56.00
2005 09 01 08 16 00 000  -38.00   -59.00
2005 09 01 08 17 00 000  -38.00   -63.00
2005 09 01 08 18 00 000  -38.00   -69.00
2005 09 01 08 19 00 000  -38.00   -69.00
2005 09 01 08 20 00 000  -38.00   -71.00
2005 09 01 08 21 00 000  -37.00   -75.00
2005 09 01 08 22 00 000  -37.00   -77.00
2005 09 01 08 23 00 000  -37.00   -81.00
2005 09 01 08 24 00 000  -37.00   -86.00
2005 09 01 08 25 00 000  -38.00   -91.00
2005 09 01 08 26 00 000  -37.00   -90.00
2005 09 01 08 27 00 000  -38.00   -87.00
2005 09 01 08 28 00 000  -38.00   -88.00
2005 09 01 08 29 00 000  -38.00   -89.00
2005 09 01 08 30 00 000  -38.00   -87.00
2005 09 01 08 31 00 000  -39.00   -85.00
2005 09 01 08 32 00 000  -39.00   -86.00
2005 09 01 08 33 00 000  -39.00   -87.00
2005 09 01 08 34 00 000  -40.00   -85.00
2005 09 01 08 35 00 000  -40.00   -85.00
2005 09 01 08 36 00 000  -40.00   -84.00
2005 09 01 08 37 00 000  -40.00   -85.00
2005 09 01 08 38 00 000  -40.00   -83.00
2005 09 01 08 39 00 000  -41.00  -127.00
2005 09 01 08 40 00 000  -40.00  -136.00
2005 09 01 08 41 00 000  -40.00  -157.00
2005 09 01 08 42 00 000  -39.00  -154.00
2005 09 01 08 43 00 000  -39.00  -142.00
2005 09 01 08 44 00 000  -39.00  -125.00
2005 09 01 08 45 00 000  -39.00  -110.00
2005 09 01 08 46 00 000  -39.00  -176.00
2005 09 01 08 47 00 000  -38.00  -203.00
2005 09 01 08 48 00 000  -38.00  -202.00
2005 09 01 08 49 00 000  -37.00  -188.00
2005 09 01 08 50 00 000  -37.00  -163.00
2005 09 01 08 51 00 000  -37.00  -165.00
2005 09 01 08 52 00 000  -37.00  -166.00
2005 09 01 08 53 00 000  -36.00  -191.00
2005 09 01 08 54 00 000  -37.00  -191.00
2005 09 01 08 55 00 000  -37.00  -193.00
2005 09 01 08 56 00 000  -38.00  -181.00
2005 09 01 08 57 00 000  -38.00  -164.00
2005 09 01 08 58 00 000  -38.00  -141.00
2005 09 01 08 59 00 000  -38.00  -113.00
2005 09 01 09 00 00 000  -37.00   -94.00
2005 09 01 09 01 00 000  -38.00   -79.00
2005 09 01 09 02 00 000  -38.00   -81.00
2005 09 01 09 03 00 000  -38.00   -96.00
2005 09 01 09 04 00 000  -38.00   -67.00
2005 09 01 09 05 00 000  -38.00   -50.00
2005 09 01 09 06 00 000  -37.00   -46.00
2005 09 01 09 07 00 000  -38.00   -49.00
2005 09 01 09 08 00 000  -38.00   -60.00
2005 09 01 09 09 00 000  -38.00   -62.00
2005 09 01 09 10 00 000  -38.00   -41.00
2005 09 01 09 11 00 000  -38.00   -33.00
2005 09 01 09 12 00 000  -38.00   -34.00
2005 09 01 09 13 00 000  -38.00   -38.00
2005 09 01 09 14 00 000  -38.00   -34.00
2005 09 01 09 15 00 000  -38.00   -28.00
2005 09 01 09 16 00 000  -38.00   -20.00
2005 09 01 09 17 00 000  -37.00   -12.00
2005 09 01 09 18 00 000  -37.00   -12.00
2005 09 01 09 19 00 000  -37.00   -18.00
2005 09 01 09 20 00 000  -36.00   -21.00
2005 09 01 09 21 00 000  -36.00   -22.00
2005 09 01 09 22 00 000  -36.00   -17.00
2005 09 01 09 23 00 000  -36.00   -11.00
2005 09 01 09 24 00 000  -35.00   -13.00
2005 09 01 09 25 00 000  -35.00   -16.00
2005 09 01 09 26 00 000  -35.00   -16.00
2005 09 01 09 27 00 000  -34.00   -23.00
2005 09 01 09 28 00 000  -34.00   -34.00
2005 09 01 09 29 00 000  -35.00   -28.00
2005 09 01 09 30 00 000  -35.00   -61.00
2005 09 01 09 31 00 000  -36.00  -221.00
2005 09 01 09 32 00 000  -36.00  -242.00
2005 09 01 09 33 00 000  -36.00  -351.00
2005 09 01 09 34 00 000  -36.00  -319.00
2005 09 01 09 35 00 000  -36.00  -353.00
2005 09 01 09 36 00 000  -36.00  -333.00
2005 09 01 09 37 00 000  -36.00  -317.00
2005 09 01 09 38 00 000  -36.00  -335.00
2005 09 01 09 39 00 000  -36.00  -341.00
2005 09 01 09 40 00 000  -37.00  -337.00
2005 09 01 09 41 00 000  -37.00  -324.00
2005 09 01 09 42 00 000  -37.00  -314.00
2005 09 01 09 43 00 000  -37.00  -296.00
2005 09 01 09 44 00 000  -37.00  -276.00
2005 09 01 09 45 00 000  -37.00  -268.00
2005 09 01 09 46 00 000  -38.00  -264.00
2005 09 01 09 47 00 000  -38.00  -252.00
2005 09 01 09 48 00 000  -38.00  -239.00
2005 09 01 09 49 00 000  -38.00  -235.00
2005 09 01 09 50 00 000  -38.00  -228.00
2005 09 01 09 51 00 000  -38.00  -211.00
2005 09 01 09 52 00 000  -38.00  -215.00
2005 09 01 09 53 00 000  -38.00  -224.00
2005 09 01 09 54 00 000  -37.00  -192.00
2005 09 01 09 55 00 000  -37.00  -184.00
2005 09 01 09 56 00 000  -37.00  -189.00
2005 09 01 09 57 00 000  -36.00  -196.00
2005 09 01 09 58 00 000  -36.00  -198.00
2005 09 01 09 59 00 000  -36.00  -197.00
2005 09 01 10 00 00 000  -36.00  -213.00
2005 09 01 10 01 00 000  -35.00  -221.00
2005 09 01 10 02 00 000  -34.00  -244.00
2005 09 01 10 03 00 000  -34.00  -250.00
2005 09 01 10 04 00 000  -34.00  -261.00
2005 09 01 10 05 00 000  -34.00  -269.00
2005 09 01 10 06 00 000  -35.00  -262.00
2005 09 01 10 07 00 000  -35.00  -317.00
2005 09 01 10 08 00 000  -35.00  -319.00
2005 09 01 10 09 00 000  -36.00  -275.00
2005 09 01 10 10 00 000  -36.00  -295.00
2005 09 01 10 11 00 000  -36.00  -309.00
2005 09 01 10 12 00 000  -35.00  -325.00
2005 09 01 10 13 00 000  -35.00  -375.00
2005 09 01 10 14 00 000  -36.00  -404.00
2005 09 01 10 15 00 000  -37.00  -425.00
2005 09 01 10 16 00 000  -37.00  -442.00
2005 09 01 10 17 00 000  -37.00  -465.00
2005 09 01 10 18 00 000  -37.00  -475.00
2005 09 01 10 19 00 000  -37.00  -479.00
2005 09 01 10 20 00 000  -37.00  -489.00
2005 09 01 10 21 00 000  -37.00  -504.00
2005 09 01 10 22 00 000  -37.00  -515.00
2005 09 01 10 23 00 000  -37.00  -501.00
2005 09 01 10 24 00 000  -37.00  -490.00
2005 09 01 10 25 00 000  -37.00  -523.00
2005 09 01 10 26 00 000  -37.00  -508.00
2005 09 01 10 27 00 000  -37.00  -490.00
2005 09 01 10 28 00 000  -37.00  -489.00
2005 09 01 10 29 00 000  -37.00  -471.00
2005 09 01 10 30 00 000  -37.00  -434.00
2005 09 01 10 31 00 000  -36.00  -414.00
2005 09 01 10 32 00 000  -36.00  -398.00
2005 09 01 10 33 00 000  -36.00  -383.00
2005 09 01 10 34 00 000  -36.00  -358.00
2005 09 01 10 35 00 000  -36.00  -345.00
2005 09 01 10 36 00 000  -36.00  -336.00
2005 09 01 10 37 00 000  -36.00  -318.00
2005 09 01 10 38 00 000  -36.00  -300.00
2005 09 01 10 39 00 000  -35.00  -277.00
2005 09 01 10 40 00 000  -35.00  -268.00
2005 09 01 10 41 00 000  -36.00  -276.00
2005 09 01 10 42 00 000  -35.00  -277.00
2005 09 01 10 43 00 000  -35.00  -295.00
2005 09 01 10 44 00 000  -35.00  -310.00
2005 09 01 10 45 00 000  -36.00  -313.00
2005 09 01 10 46 00 000  -36.00  -308.00
2005 09 01 10 47 00 000  -36.00  -311.00
2005 09 01 10 48 00 000  -36.00  -318.00
2005 09 01 10 49 00 000  -36.00  -311.00
2005 09 01 10 50 00 000  -36.00  -303.00
2005 09 01 10 51 00 000  -36.00  -300.00
2005 09 01 10 52 00 000  -36.00  -295.00
2005 09 01 10 53 00 000  -36.00  -300.00
2005 09 01 10 54 00 000  -36.00  -283.00
2005 09 01 10 55 00 000  -36.00  -284.00
2005 09 01 10 56 00 000  -36.00  -299.00
2005 09 01 10 57 00 000  -36.00  -303.00
2005 09 01 10 58 00 000  -36.00  -301.00
2005 09 01 10 59 00 000  -36.00  -297.00
2005 09 01 11 00 00 000  -36.00  -299.00
2005 09 01 11 01 00 000  -36.00  -294.00
2005 09 01 11 02 00 000  -36.00  -299.00
2005 09 01 11 03 00 000  -36.00  -304.00
2005 09 01 11 04 00 000  -36.00  -298.00
2005 09 01 11 05 00 000  -37.00  -329.00
2005 09 01 11 06 00 000  -37.00  -335.00
2005 09 01 11 07 00 000  -37.00  -377.00
2005 09 01 11 08 00 000  -37.00  -413.00
2005 09 01 11 09 00 000  -37.00  -415.00
2005 09 01 11 10 00 000  -37.00  -412.00
2005 09 01 11 11 00 000  -37.00  -386.00
2005 09 01 11 12 00 000  -38.00  -351.00
2005 09 01 11 13 00 000  -38.00  -310.00
2005 09 01 11 14 00 000  -38.00  -267.00
2005 09 01 11 15 00 000  -38.00  -227.00
2005 09 01 11 16 00 000  -37.00  -216.00
2005 09 01 11 17 00 000  -37.00  -217.00
2005 09 01 11 18 00 000  -38.00  -213.00
2005 09 01 11 19 00 000  -38.00  -212.00
2005 09 01 11 20 00 000  -39.00  -208.00
2005 09 01 11 21 00 000  -39.00  -217.00
2005 09 01 11 22 00 000  -39.00  -237.00
2005 09 01 11 23 00 000  -39.00  -258.00
2005 09 01 11 24 00 000  -40.00  -263.00
2005 09 01 11 25 00 000  -39.00  -257.00
2005 09 01 11 26 00 000  -39.00  -264.00
2005 09 01 11 27 00 000  -39.00  -278.00
2005 09 01 11 28 00 000  -39.00  -281.00
2005 09 01 11 29 00 000  -40.00  -286.00
2005 09 01 11 30 00 000  -39.00  -287.00
2005 09 01 11 31 00 000  -39.00  -283.00
2005 09 01 11 32 00 000  -40.00  -273.00
2005 09 01 11 33 00 000  -40.00  -277.00
2005 09 01 11 34 00 000  -40.00  -263.00
2005 09 01 11 35 00 000  -40.00  -283.00
2005 09 01 11 36 00 000  -40.00  -394.00
2005 09 01 11 37 00 000  -40.00  -299.00
2005 09 01 11 38 00 000  -41.00  -181.00
2005 09 01 11 39 00 000  -41.00  -267.00
2005 09 01 11 40 00 000  -41.00  -328.00
2005 09 01 11 41 00 000  -41.00  -314.00
2005 09 01 11 42 00 000  -41.00  -384.00
2005 09 01 11 43 00 000  -41.00  -432.00
2005 09 01 11 44 00 000  -41.00  -449.00
2005 09 01 11 45 00 000  -42.00  -435.00
2005 09 01 11 46 00 000  -41.00  -376.00
2005 09 01 11 47 00 000  -42.00  -348.00
2005 09 01 11 48 00 000  -42.00  -429.00
2005 09 01 11 49 00 000  -42.00  -419.00
2005 09 01 11 50 00 000  -43.00  -410.00
2005 09 01 11 51 00 000  -43.00  -443.00
2005 09 01 11 52 00 000  -43.00  -464.00
2005 09 01 11 53 00 000  -44.00  -407.00
2005 09 01 11 54 00 000  -44.00  -405.00
2005 09 01 11 55 00 000  -44.00  -382.00
2005 09 01 11 56 00 000  -45.00  -413.00
2005 09 01 11 57 00 000  -44.00  -396.00
2005 09 01 11 58 00 000  -45.00  -395.00
2005 09 01 11 59 00 000  -44.00  -465.00
