Hourly Dst obtained from minute resolution SYMH and corresponding simulation time
year mo dy hr dst hours_sim dy_sim hr_sim mn_sim sc_sim
2005 08 31 05    13.00     6.27 31 06 16 00
2005 08 31 06    11.72     7.27 31 07 16 00
2005 08 31 07    12.65     8.27 31 08 16 00
2005 08 31 08    -0.73     9.20 31 09 12 00
2005 08 31 09     8.42    10.13 31 10 08 00
2005 08 31 10    17.47    11.20 31 11 12 00
2005 08 31 11    20.80    12.17 31 12 10 00
2005 08 31 12    26.45    13.22 31 13 13 00
2005 08 31 13    22.37    14.23 31 14 14 00
2005 08 31 14   -11.98    15.23 31 15 14 00
2005 08 31 15   -52.03    16.20 31 16 12 00
2005 08 31 16   -76.70    17.20 31 17 12 00
2005 08 31 17   -83.70    18.25 31 18 15 00
2005 08 31 18  -102.02    19.12 31 19 07 00
2005 08 31 19  -107.62    20.13 31 20 08 00
2005 08 31 20  -106.63    21.15 31 21 09 00
2005 08 31 21   -88.80    22.15 31 22 09 00
2005 08 31 22   -96.18    23.02 31 23 01 00
2005 08 31 23   -93.92    23.98 31 23 59 00
2005 09 01 00   -80.03    24.98 01 00 59 00
2005 09 01 01   -71.25    25.97 01 01 58 00
2005 09 01 02   -63.20    26.95 01 02 57 00
2005 09 01 03   -56.22    27.95 01 03 57 00
2005 09 01 04   -63.12    28.95 01 04 57 00
2005 09 01 05   -56.48    29.98 01 05 59 00
2005 09 01 06   -57.07    30.95 01 06 57 00
2005 09 01 07   -53.05    31.97 01 07 58 00
2005 09 01 08   -42.22    32.97 01 08 58 00
2005 09 01 09   -38.23    33.97 01 09 58 00
2005 09 01 10   -36.83    34.98 01 10 59 00
2005 09 01 11   -35.95    35.95 01 11 57 00
