Sym-H and AL  obtained from Kyoto WDC for SWPC Event 3.  Units in nT.
year mo dy hr mn sc msc dst_sm AL
2001 08 30 19 00 00 000  -11.00  -188.00
2001 08 30 19 01 00 000  -11.00  -197.00
2001 08 30 19 02 00 000  -12.00  -173.00
2001 08 30 19 03 00 000  -12.00  -175.00
2001 08 30 19 04 00 000  -12.00  -195.00
2001 08 30 19 05 00 000  -12.00  -208.00
2001 08 30 19 06 00 000  -12.00  -225.00
2001 08 30 19 07 00 000  -13.00  -235.00
2001 08 30 19 08 00 000  -13.00  -237.00
2001 08 30 19 09 00 000  -13.00  -228.00
2001 08 30 19 10 00 000  -14.00  -233.00
2001 08 30 19 11 00 000  -14.00  -247.00
2001 08 30 19 12 00 000  -14.00  -257.00
2001 08 30 19 13 00 000  -14.00  -266.00
2001 08 30 19 14 00 000  -15.00  -265.00
2001 08 30 19 15 00 000  -15.00  -263.00
2001 08 30 19 16 00 000  -15.00  -253.00
2001 08 30 19 17 00 000  -16.00  -249.00
2001 08 30 19 18 00 000  -16.00  -250.00
2001 08 30 19 19 00 000  -16.00  -248.00
2001 08 30 19 20 00 000  -16.00  -242.00
2001 08 30 19 21 00 000  -16.00  -238.00
2001 08 30 19 22 00 000  -16.00  -213.00
2001 08 30 19 23 00 000  -17.00  -205.00
2001 08 30 19 24 00 000  -17.00  -204.00
2001 08 30 19 25 00 000  -17.00  -206.00
2001 08 30 19 26 00 000  -18.00  -267.00
2001 08 30 19 27 00 000  -18.00  -256.00
2001 08 30 19 28 00 000  -18.00  -249.00
2001 08 30 19 29 00 000  -19.00  -262.00
2001 08 30 19 30 00 000  -19.00  -270.00
2001 08 30 19 31 00 000  -19.00  -301.00
2001 08 30 19 32 00 000  -20.00  -322.00
2001 08 30 19 33 00 000  -20.00  -312.00
2001 08 30 19 34 00 000  -20.00  -335.00
2001 08 30 19 35 00 000  -21.00  -329.00
2001 08 30 19 36 00 000  -21.00  -307.00
2001 08 30 19 37 00 000  -22.00  -300.00
2001 08 30 19 38 00 000  -22.00  -306.00
2001 08 30 19 39 00 000  -22.00  -294.00
2001 08 30 19 40 00 000  -23.00  -281.00
2001 08 30 19 41 00 000  -23.00  -274.00
2001 08 30 19 42 00 000  -23.00  -253.00
2001 08 30 19 43 00 000  -23.00  -261.00
2001 08 30 19 44 00 000  -23.00  -261.00
2001 08 30 19 45 00 000  -23.00  -273.00
2001 08 30 19 46 00 000  -22.00  -283.00
2001 08 30 19 47 00 000  -22.00  -262.00
2001 08 30 19 48 00 000  -22.00  -244.00
2001 08 30 19 49 00 000  -22.00  -250.00
2001 08 30 19 50 00 000  -21.00  -239.00
2001 08 30 19 51 00 000  -21.00  -238.00
2001 08 30 19 52 00 000  -21.00  -228.00
2001 08 30 19 53 00 000  -21.00  -231.00
2001 08 30 19 54 00 000  -21.00  -234.00
2001 08 30 19 55 00 000  -21.00  -223.00
2001 08 30 19 56 00 000  -20.00  -216.00
2001 08 30 19 57 00 000  -20.00  -204.00
2001 08 30 19 58 00 000  -20.00  -198.00
2001 08 30 19 59 00 000  -20.00  -193.00
2001 08 30 20 00 00 000  -20.00  -183.00
2001 08 30 20 01 00 000  -20.00  -170.00
2001 08 30 20 02 00 000  -20.00  -164.00
2001 08 30 20 03 00 000  -21.00  -165.00
2001 08 30 20 04 00 000  -21.00  -157.00
2001 08 30 20 05 00 000  -21.00  -146.00
2001 08 30 20 06 00 000  -21.00  -139.00
2001 08 30 20 07 00 000  -21.00  -137.00
2001 08 30 20 08 00 000  -21.00  -136.00
2001 08 30 20 09 00 000  -21.00  -129.00
2001 08 30 20 10 00 000  -21.00  -128.00
2001 08 30 20 11 00 000  -21.00  -127.00
2001 08 30 20 12 00 000  -21.00  -125.00
2001 08 30 20 13 00 000  -21.00  -123.00
2001 08 30 20 14 00 000  -21.00  -118.00
2001 08 30 20 15 00 000  -21.00  -113.00
2001 08 30 20 16 00 000  -21.00  -115.00
2001 08 30 20 17 00 000  -21.00  -114.00
2001 08 30 20 18 00 000  -20.00  -111.00
2001 08 30 20 19 00 000  -20.00  -105.00
2001 08 30 20 20 00 000  -21.00  -105.00
2001 08 30 20 21 00 000  -20.00  -100.00
2001 08 30 20 22 00 000  -20.00   -95.00
2001 08 30 20 23 00 000  -20.00   -90.00
2001 08 30 20 24 00 000  -20.00   -84.00
2001 08 30 20 25 00 000  -20.00   -75.00
2001 08 30 20 26 00 000  -20.00   -71.00
2001 08 30 20 27 00 000  -20.00   -64.00
2001 08 30 20 28 00 000  -20.00   -58.00
2001 08 30 20 29 00 000  -20.00   -52.00
2001 08 30 20 30 00 000  -20.00   -48.00
2001 08 30 20 31 00 000  -20.00   -43.00
2001 08 30 20 32 00 000  -20.00   -42.00
2001 08 30 20 33 00 000  -20.00   -42.00
2001 08 30 20 34 00 000  -21.00   -40.00
2001 08 30 20 35 00 000  -21.00   -36.00
2001 08 30 20 36 00 000  -21.00   -38.00
2001 08 30 20 37 00 000  -21.00   -36.00
2001 08 30 20 38 00 000  -21.00   -36.00
2001 08 30 20 39 00 000  -21.00   -37.00
2001 08 30 20 40 00 000  -21.00   -40.00
2001 08 30 20 41 00 000  -21.00   -38.00
2001 08 30 20 42 00 000  -21.00   -35.00
2001 08 30 20 43 00 000  -21.00   -33.00
2001 08 30 20 44 00 000  -21.00   -35.00
2001 08 30 20 45 00 000  -21.00   -30.00
2001 08 30 20 46 00 000  -20.00   -30.00
2001 08 30 20 47 00 000  -20.00   -30.00
2001 08 30 20 48 00 000  -20.00   -27.00
2001 08 30 20 49 00 000  -20.00   -25.00
2001 08 30 20 50 00 000  -20.00   -24.00
2001 08 30 20 51 00 000  -20.00   -22.00
2001 08 30 20 52 00 000  -20.00   -22.00
2001 08 30 20 53 00 000  -20.00   -23.00
2001 08 30 20 54 00 000  -20.00   -25.00
2001 08 30 20 55 00 000  -19.00   -24.00
2001 08 30 20 56 00 000  -20.00   -23.00
2001 08 30 20 57 00 000  -20.00   -22.00
2001 08 30 20 58 00 000  -20.00   -20.00
2001 08 30 20 59 00 000  -19.00   -22.00
2001 08 30 21 00 00 000  -19.00   -20.00
2001 08 30 21 01 00 000  -19.00   -19.00
2001 08 30 21 02 00 000  -19.00   -17.00
2001 08 30 21 03 00 000  -18.00   -13.00
2001 08 30 21 04 00 000  -19.00   -15.00
2001 08 30 21 05 00 000  -19.00   -15.00
2001 08 30 21 06 00 000  -19.00   -17.00
2001 08 30 21 07 00 000  -19.00   -19.00
2001 08 30 21 08 00 000  -19.00   -20.00
2001 08 30 21 09 00 000  -19.00   -20.00
2001 08 30 21 10 00 000  -18.00   -18.00
2001 08 30 21 11 00 000  -19.00   -17.00
2001 08 30 21 12 00 000  -19.00   -18.00
2001 08 30 21 13 00 000  -18.00   -20.00
2001 08 30 21 14 00 000  -18.00   -22.00
2001 08 30 21 15 00 000  -18.00   -22.00
2001 08 30 21 16 00 000  -18.00   -22.00
2001 08 30 21 17 00 000  -18.00   -23.00
2001 08 30 21 18 00 000  -18.00   -22.00
2001 08 30 21 19 00 000  -18.00   -21.00
2001 08 30 21 20 00 000  -18.00   -19.00
2001 08 30 21 21 00 000  -18.00   -18.00
2001 08 30 21 22 00 000  -18.00   -17.00
2001 08 30 21 23 00 000  -18.00   -18.00
2001 08 30 21 24 00 000  -18.00   -21.00
2001 08 30 21 25 00 000  -18.00   -23.00
2001 08 30 21 26 00 000  -18.00   -23.00
2001 08 30 21 27 00 000  -17.00   -21.00
2001 08 30 21 28 00 000  -18.00   -21.00
2001 08 30 21 29 00 000  -18.00   -20.00
2001 08 30 21 30 00 000  -18.00   -18.00
2001 08 30 21 31 00 000  -18.00   -17.00
2001 08 30 21 32 00 000  -18.00   -19.00
2001 08 30 21 33 00 000  -18.00   -21.00
2001 08 30 21 34 00 000  -17.00   -24.00
2001 08 30 21 35 00 000  -17.00   -24.00
2001 08 30 21 36 00 000  -17.00   -25.00
2001 08 30 21 37 00 000  -17.00   -26.00
2001 08 30 21 38 00 000  -17.00   -24.00
2001 08 30 21 39 00 000  -17.00   -24.00
2001 08 30 21 40 00 000  -17.00   -24.00
2001 08 30 21 41 00 000  -17.00   -24.00
2001 08 30 21 42 00 000  -17.00   -24.00
2001 08 30 21 43 00 000  -17.00   -26.00
2001 08 30 21 44 00 000  -16.00   -26.00
2001 08 30 21 45 00 000  -16.00   -28.00
2001 08 30 21 46 00 000  -15.00   -32.00
2001 08 30 21 47 00 000  -15.00   -30.00
2001 08 30 21 48 00 000  -14.00   -27.00
2001 08 30 21 49 00 000  -14.00   -28.00
2001 08 30 21 50 00 000  -14.00   -23.00
2001 08 30 21 51 00 000  -13.00   -23.00
2001 08 30 21 52 00 000  -12.00   -21.00
2001 08 30 21 53 00 000  -12.00   -20.00
2001 08 30 21 54 00 000  -12.00   -22.00
2001 08 30 21 55 00 000  -12.00   -20.00
2001 08 30 21 56 00 000  -12.00   -20.00
2001 08 30 21 57 00 000  -13.00   -18.00
2001 08 30 21 58 00 000  -14.00   -17.00
2001 08 30 21 59 00 000  -14.00   -16.00
2001 08 30 22 00 00 000  -14.00   -19.00
2001 08 30 22 01 00 000  -14.00   -20.00
2001 08 30 22 02 00 000  -14.00   -21.00
2001 08 30 22 03 00 000  -14.00   -19.00
2001 08 30 22 04 00 000  -14.00   -14.00
2001 08 30 22 05 00 000  -14.00   -18.00
2001 08 30 22 06 00 000  -13.00   -22.00
2001 08 30 22 07 00 000  -13.00   -19.00
2001 08 30 22 08 00 000  -13.00   -18.00
2001 08 30 22 09 00 000  -13.00   -21.00
2001 08 30 22 10 00 000  -13.00   -20.00
2001 08 30 22 11 00 000  -13.00   -20.00
2001 08 30 22 12 00 000  -12.00   -21.00
2001 08 30 22 13 00 000  -12.00   -23.00
2001 08 30 22 14 00 000  -12.00   -22.00
2001 08 30 22 15 00 000  -11.00   -21.00
2001 08 30 22 16 00 000  -12.00   -20.00
2001 08 30 22 17 00 000  -12.00   -21.00
2001 08 30 22 18 00 000  -12.00   -22.00
2001 08 30 22 19 00 000  -13.00   -22.00
2001 08 30 22 20 00 000  -14.00   -25.00
2001 08 30 22 21 00 000  -14.00   -25.00
2001 08 30 22 22 00 000  -15.00   -24.00
2001 08 30 22 23 00 000  -15.00   -25.00
2001 08 30 22 24 00 000  -15.00   -25.00
2001 08 30 22 25 00 000  -15.00   -22.00
2001 08 30 22 26 00 000  -15.00   -21.00
2001 08 30 22 27 00 000  -15.00   -21.00
2001 08 30 22 28 00 000  -14.00   -21.00
2001 08 30 22 29 00 000  -14.00   -19.00
2001 08 30 22 30 00 000  -14.00   -18.00
2001 08 30 22 31 00 000  -14.00   -18.00
2001 08 30 22 32 00 000  -14.00   -21.00
2001 08 30 22 33 00 000  -14.00   -20.00
2001 08 30 22 34 00 000  -14.00   -22.00
2001 08 30 22 35 00 000  -14.00   -24.00
2001 08 30 22 36 00 000  -14.00   -21.00
2001 08 30 22 37 00 000  -14.00   -20.00
2001 08 30 22 38 00 000  -14.00   -19.00
2001 08 30 22 39 00 000  -14.00   -19.00
2001 08 30 22 40 00 000  -14.00   -19.00
2001 08 30 22 41 00 000  -14.00   -21.00
2001 08 30 22 42 00 000  -14.00   -22.00
2001 08 30 22 43 00 000  -14.00   -25.00
2001 08 30 22 44 00 000  -14.00   -22.00
2001 08 30 22 45 00 000  -14.00   -21.00
2001 08 30 22 46 00 000  -15.00   -20.00
2001 08 30 22 47 00 000  -15.00   -21.00
2001 08 30 22 48 00 000  -15.00   -21.00
2001 08 30 22 49 00 000  -15.00   -24.00
2001 08 30 22 50 00 000  -15.00   -24.00
2001 08 30 22 51 00 000  -15.00   -25.00
2001 08 30 22 52 00 000  -15.00   -24.00
2001 08 30 22 53 00 000  -16.00   -25.00
2001 08 30 22 54 00 000  -16.00   -24.00
2001 08 30 22 55 00 000  -16.00   -24.00
2001 08 30 22 56 00 000  -16.00   -24.00
2001 08 30 22 57 00 000  -15.00   -24.00
2001 08 30 22 58 00 000  -15.00   -24.00
2001 08 30 22 59 00 000  -15.00   -22.00
2001 08 30 23 00 00 000  -15.00   -22.00
2001 08 30 23 01 00 000  -15.00   -20.00
2001 08 30 23 02 00 000  -15.00   -21.00
2001 08 30 23 03 00 000  -14.00   -21.00
2001 08 30 23 04 00 000  -14.00   -21.00
2001 08 30 23 05 00 000  -14.00   -20.00
2001 08 30 23 06 00 000  -13.00   -20.00
2001 08 30 23 07 00 000  -13.00   -20.00
2001 08 30 23 08 00 000  -13.00   -22.00
2001 08 30 23 09 00 000  -13.00   -25.00
2001 08 30 23 10 00 000  -13.00   -25.00
2001 08 30 23 11 00 000  -13.00   -29.00
2001 08 30 23 12 00 000  -12.00   -33.00
2001 08 30 23 13 00 000  -12.00   -35.00
2001 08 30 23 14 00 000  -12.00   -36.00
2001 08 30 23 15 00 000  -12.00   -36.00
2001 08 30 23 16 00 000  -12.00   -36.00
2001 08 30 23 17 00 000  -12.00   -36.00
2001 08 30 23 18 00 000  -12.00   -37.00
2001 08 30 23 19 00 000  -12.00   -42.00
2001 08 30 23 20 00 000  -12.00   -42.00
2001 08 30 23 21 00 000  -12.00   -44.00
2001 08 30 23 22 00 000  -12.00   -43.00
2001 08 30 23 23 00 000  -12.00   -43.00
2001 08 30 23 24 00 000  -12.00   -43.00
2001 08 30 23 25 00 000  -12.00   -43.00
2001 08 30 23 26 00 000  -12.00   -44.00
2001 08 30 23 27 00 000  -12.00   -45.00
2001 08 30 23 28 00 000  -12.00   -48.00
2001 08 30 23 29 00 000  -11.00   -50.00
2001 08 30 23 30 00 000  -11.00   -52.00
2001 08 30 23 31 00 000  -12.00   -52.00
2001 08 30 23 32 00 000  -12.00   -51.00
2001 08 30 23 33 00 000  -12.00   -50.00
2001 08 30 23 34 00 000  -12.00   -46.00
2001 08 30 23 35 00 000  -13.00   -44.00
2001 08 30 23 36 00 000  -13.00   -41.00
2001 08 30 23 37 00 000  -13.00   -42.00
2001 08 30 23 38 00 000  -12.00   -41.00
2001 08 30 23 39 00 000  -12.00   -42.00
2001 08 30 23 40 00 000  -12.00   -40.00
2001 08 30 23 41 00 000  -12.00   -42.00
2001 08 30 23 42 00 000  -12.00   -42.00
2001 08 30 23 43 00 000  -12.00   -44.00
2001 08 30 23 44 00 000  -12.00   -45.00
2001 08 30 23 45 00 000  -12.00   -44.00
2001 08 30 23 46 00 000  -12.00   -44.00
2001 08 30 23 47 00 000  -12.00   -44.00
2001 08 30 23 48 00 000  -12.00   -45.00
2001 08 30 23 49 00 000  -12.00   -45.00
2001 08 30 23 50 00 000  -12.00   -45.00
2001 08 30 23 51 00 000  -12.00   -45.00
2001 08 30 23 52 00 000  -12.00   -48.00
2001 08 30 23 53 00 000  -12.00   -46.00
2001 08 30 23 54 00 000  -13.00   -46.00
2001 08 30 23 55 00 000  -13.00   -44.00
2001 08 30 23 56 00 000  -13.00   -45.00
2001 08 30 23 57 00 000  -13.00   -45.00
2001 08 30 23 58 00 000  -13.00   -46.00
2001 08 30 23 59 00 000  -12.00   -49.00
2001 08 31 00 00 00 000  -13.00   -19.00
2001 08 31 00 01 00 000  -12.00   -16.00
2001 08 31 00 02 00 000  -12.00   -19.00
2001 08 31 00 03 00 000  -12.00   -19.00
2001 08 31 00 04 00 000  -12.00   -19.00
2001 08 31 00 05 00 000  -12.00   -22.00
2001 08 31 00 06 00 000  -13.00   -23.00
2001 08 31 00 07 00 000  -13.00   -21.00
2001 08 31 00 08 00 000  -13.00   -24.00
2001 08 31 00 09 00 000  -12.00   -28.00
2001 08 31 00 10 00 000  -12.00   -25.00
2001 08 31 00 11 00 000  -12.00   -25.00
2001 08 31 00 12 00 000  -12.00   -23.00
2001 08 31 00 13 00 000  -12.00   -24.00
2001 08 31 00 14 00 000  -12.00   -23.00
2001 08 31 00 15 00 000  -12.00   -22.00
2001 08 31 00 16 00 000  -11.00   -23.00
2001 08 31 00 17 00 000  -12.00   -22.00
2001 08 31 00 18 00 000  -12.00   -25.00
2001 08 31 00 19 00 000  -11.00   -23.00
2001 08 31 00 20 00 000  -11.00   -23.00
2001 08 31 00 21 00 000  -12.00   -24.00
2001 08 31 00 22 00 000  -12.00   -24.00
2001 08 31 00 23 00 000  -12.00   -24.00
2001 08 31 00 24 00 000  -12.00   -24.00
2001 08 31 00 25 00 000  -12.00   -25.00
2001 08 31 00 26 00 000  -12.00   -35.00
2001 08 31 00 27 00 000  -12.00   -30.00
2001 08 31 00 28 00 000  -12.00   -30.00
2001 08 31 00 29 00 000  -12.00   -30.00
2001 08 31 00 30 00 000  -12.00   -27.00
2001 08 31 00 31 00 000  -12.00   -25.00
2001 08 31 00 32 00 000  -12.00   -27.00
2001 08 31 00 33 00 000  -12.00   -30.00
2001 08 31 00 34 00 000  -12.00   -31.00
2001 08 31 00 35 00 000  -12.00   -32.00
2001 08 31 00 36 00 000  -12.00   -35.00
2001 08 31 00 37 00 000  -12.00   -40.00
2001 08 31 00 38 00 000  -12.00   -40.00
2001 08 31 00 39 00 000  -13.00   -37.00
2001 08 31 00 40 00 000  -12.00   -37.00
2001 08 31 00 41 00 000  -12.00   -43.00
2001 08 31 00 42 00 000  -12.00   -49.00
2001 08 31 00 43 00 000  -12.00   -51.00
2001 08 31 00 44 00 000  -12.00   -59.00
2001 08 31 00 45 00 000  -12.00   -57.00
2001 08 31 00 46 00 000  -12.00   -60.00
2001 08 31 00 47 00 000  -12.00   -64.00
2001 08 31 00 48 00 000  -12.00   -63.00
2001 08 31 00 49 00 000  -12.00   -75.00
2001 08 31 00 50 00 000  -12.00   -78.00
2001 08 31 00 51 00 000  -12.00   -68.00
2001 08 31 00 52 00 000  -12.00   -69.00
2001 08 31 00 53 00 000  -11.00   -75.00
2001 08 31 00 54 00 000  -11.00   -75.00
2001 08 31 00 55 00 000  -11.00   -76.00
2001 08 31 00 56 00 000  -11.00   -81.00
2001 08 31 00 57 00 000  -11.00   -80.00
2001 08 31 00 58 00 000  -11.00   -84.00
2001 08 31 00 59 00 000  -10.00   -91.00
2001 08 31 01 00 00 000  -11.00   -99.00
2001 08 31 01 01 00 000  -10.00  -104.00
2001 08 31 01 02 00 000  -10.00  -107.00
2001 08 31 01 03 00 000  -10.00  -108.00
2001 08 31 01 04 00 000  -10.00  -114.00
2001 08 31 01 05 00 000  -10.00  -114.00
2001 08 31 01 06 00 000  -10.00  -113.00
2001 08 31 01 07 00 000  -11.00  -122.00
2001 08 31 01 08 00 000  -11.00  -130.00
2001 08 31 01 09 00 000  -11.00  -133.00
2001 08 31 01 10 00 000  -11.00  -129.00
2001 08 31 01 11 00 000  -11.00  -127.00
2001 08 31 01 12 00 000  -12.00  -126.00
2001 08 31 01 13 00 000  -12.00  -136.00
2001 08 31 01 14 00 000  -12.00  -136.00
2001 08 31 01 15 00 000  -12.00  -130.00
2001 08 31 01 16 00 000  -12.00  -125.00
2001 08 31 01 17 00 000  -12.00  -116.00
2001 08 31 01 18 00 000  -13.00  -115.00
2001 08 31 01 19 00 000  -13.00  -131.00
2001 08 31 01 20 00 000  -12.00  -139.00
2001 08 31 01 21 00 000  -13.00  -144.00
2001 08 31 01 22 00 000  -12.00  -152.00
2001 08 31 01 23 00 000  -12.00  -153.00
2001 08 31 01 24 00 000  -12.00  -154.00
2001 08 31 01 25 00 000  -12.00  -153.00
2001 08 31 01 26 00 000  -11.00  -156.00
2001 08 31 01 27 00 000  -11.00  -160.00
2001 08 31 01 28 00 000  -11.00  -165.00
2001 08 31 01 29 00 000  -10.00  -166.00
2001 08 31 01 30 00 000  -11.00  -167.00
2001 08 31 01 31 00 000  -10.00  -170.00
2001 08 31 01 32 00 000  -10.00  -163.00
2001 08 31 01 33 00 000  -10.00  -160.00
2001 08 31 01 34 00 000  -10.00  -157.00
2001 08 31 01 35 00 000  -10.00  -154.00
2001 08 31 01 36 00 000  -10.00  -147.00
2001 08 31 01 37 00 000  -10.00  -145.00
2001 08 31 01 38 00 000  -10.00  -142.00
2001 08 31 01 39 00 000   -9.00  -143.00
2001 08 31 01 40 00 000   -9.00  -146.00
2001 08 31 01 41 00 000  -10.00  -144.00
2001 08 31 01 42 00 000   -9.00  -138.00
2001 08 31 01 43 00 000   -7.00  -147.00
2001 08 31 01 44 00 000   -5.00  -167.00
2001 08 31 01 45 00 000   -4.00  -181.00
2001 08 31 01 46 00 000   -3.00  -187.00
2001 08 31 01 47 00 000   -3.00  -193.00
2001 08 31 01 48 00 000   -3.00  -191.00
2001 08 31 01 49 00 000   -4.00  -177.00
2001 08 31 01 50 00 000   -5.00  -171.00
2001 08 31 01 51 00 000   -5.00  -169.00
2001 08 31 01 52 00 000   -5.00  -174.00
2001 08 31 01 53 00 000   -5.00  -173.00
2001 08 31 01 54 00 000   -5.00  -162.00
2001 08 31 01 55 00 000   -6.00  -161.00
2001 08 31 01 56 00 000   -6.00  -157.00
2001 08 31 01 57 00 000   -6.00  -156.00
2001 08 31 01 58 00 000   -7.00  -157.00
2001 08 31 01 59 00 000   -7.00  -164.00
2001 08 31 02 00 00 000   -7.00  -168.00
2001 08 31 02 01 00 000   -7.00  -160.00
2001 08 31 02 02 00 000   -7.00  -164.00
2001 08 31 02 03 00 000   -7.00  -173.00
2001 08 31 02 04 00 000   -7.00  -179.00
2001 08 31 02 05 00 000   -7.00  -186.00
2001 08 31 02 06 00 000   -7.00  -187.00
2001 08 31 02 07 00 000   -8.00  -189.00
2001 08 31 02 08 00 000   -8.00  -181.00
2001 08 31 02 09 00 000   -8.00  -171.00
2001 08 31 02 10 00 000   -8.00  -168.00
2001 08 31 02 11 00 000   -8.00  -166.00
2001 08 31 02 12 00 000   -9.00  -169.00
2001 08 31 02 13 00 000   -9.00  -174.00
2001 08 31 02 14 00 000   -9.00  -163.00
2001 08 31 02 15 00 000  -10.00  -148.00
2001 08 31 02 16 00 000  -10.00  -144.00
2001 08 31 02 17 00 000  -10.00  -153.00
2001 08 31 02 18 00 000  -10.00  -154.00
2001 08 31 02 19 00 000  -11.00  -158.00
2001 08 31 02 20 00 000  -11.00  -152.00
2001 08 31 02 21 00 000  -11.00  -160.00
2001 08 31 02 22 00 000  -10.00  -176.00
2001 08 31 02 23 00 000  -10.00  -188.00
2001 08 31 02 24 00 000  -10.00  -192.00
2001 08 31 02 25 00 000  -10.00  -197.00
2001 08 31 02 26 00 000   -9.00  -202.00
2001 08 31 02 27 00 000   -9.00  -201.00
2001 08 31 02 28 00 000   -9.00  -201.00
2001 08 31 02 29 00 000   -9.00  -205.00
2001 08 31 02 30 00 000   -9.00  -201.00
2001 08 31 02 31 00 000   -9.00  -210.00
2001 08 31 02 32 00 000  -10.00  -219.00
2001 08 31 02 33 00 000  -10.00  -222.00
2001 08 31 02 34 00 000  -10.00  -234.00
2001 08 31 02 35 00 000  -10.00  -235.00
2001 08 31 02 36 00 000  -10.00  -221.00
2001 08 31 02 37 00 000  -10.00  -209.00
2001 08 31 02 38 00 000  -11.00  -214.00
2001 08 31 02 39 00 000  -11.00  -218.00
2001 08 31 02 40 00 000  -10.00  -212.00
2001 08 31 02 41 00 000  -10.00  -204.00
2001 08 31 02 42 00 000  -10.00  -197.00
2001 08 31 02 43 00 000  -10.00  -196.00
2001 08 31 02 44 00 000  -10.00  -190.00
2001 08 31 02 45 00 000   -9.00  -195.00
2001 08 31 02 46 00 000   -9.00  -200.00
2001 08 31 02 47 00 000   -9.00  -220.00
2001 08 31 02 48 00 000   -9.00  -260.00
2001 08 31 02 49 00 000   -9.00  -237.00
2001 08 31 02 50 00 000   -9.00  -239.00
2001 08 31 02 51 00 000  -10.00  -247.00
2001 08 31 02 52 00 000  -10.00  -280.00
2001 08 31 02 53 00 000  -10.00  -276.00
2001 08 31 02 54 00 000  -10.00  -280.00
2001 08 31 02 55 00 000   -9.00  -301.00
2001 08 31 02 56 00 000   -9.00  -303.00
2001 08 31 02 57 00 000   -9.00  -297.00
2001 08 31 02 58 00 000   -9.00  -297.00
2001 08 31 02 59 00 000   -9.00  -312.00
2001 08 31 03 00 00 000   -9.00  -294.00
2001 08 31 03 01 00 000   -9.00  -288.00
2001 08 31 03 02 00 000   -9.00  -308.00
2001 08 31 03 03 00 000   -9.00  -315.00
2001 08 31 03 04 00 000   -9.00  -323.00
2001 08 31 03 05 00 000   -8.00  -328.00
2001 08 31 03 06 00 000   -8.00  -318.00
2001 08 31 03 07 00 000   -8.00  -302.00
2001 08 31 03 08 00 000   -9.00  -292.00
2001 08 31 03 09 00 000   -8.00  -288.00
2001 08 31 03 10 00 000   -8.00  -281.00
2001 08 31 03 11 00 000   -8.00  -274.00
2001 08 31 03 12 00 000   -8.00  -269.00
2001 08 31 03 13 00 000   -8.00  -263.00
2001 08 31 03 14 00 000   -8.00  -265.00
2001 08 31 03 15 00 000   -8.00  -263.00
2001 08 31 03 16 00 000   -8.00  -266.00
2001 08 31 03 17 00 000   -8.00  -263.00
2001 08 31 03 18 00 000   -7.00  -256.00
2001 08 31 03 19 00 000   -7.00  -251.00
2001 08 31 03 20 00 000   -7.00  -252.00
2001 08 31 03 21 00 000   -7.00  -256.00
2001 08 31 03 22 00 000   -7.00  -255.00
2001 08 31 03 23 00 000   -7.00  -261.00
2001 08 31 03 24 00 000   -8.00  -256.00
2001 08 31 03 25 00 000   -8.00  -251.00
2001 08 31 03 26 00 000   -8.00  -274.00
2001 08 31 03 27 00 000   -8.00  -279.00
2001 08 31 03 28 00 000   -8.00  -285.00
2001 08 31 03 29 00 000   -8.00  -274.00
2001 08 31 03 30 00 000   -8.00  -269.00
2001 08 31 03 31 00 000   -8.00  -266.00
2001 08 31 03 32 00 000   -8.00  -277.00
2001 08 31 03 33 00 000   -8.00  -280.00
2001 08 31 03 34 00 000   -8.00  -273.00
2001 08 31 03 35 00 000   -8.00  -264.00
2001 08 31 03 36 00 000   -8.00  -255.00
2001 08 31 03 37 00 000   -9.00  -248.00
2001 08 31 03 38 00 000   -9.00  -237.00
2001 08 31 03 39 00 000   -9.00  -227.00
2001 08 31 03 40 00 000  -10.00  -224.00
2001 08 31 03 41 00 000  -10.00  -225.00
2001 08 31 03 42 00 000  -10.00  -226.00
2001 08 31 03 43 00 000  -10.00  -222.00
2001 08 31 03 44 00 000  -11.00  -214.00
2001 08 31 03 45 00 000  -11.00  -193.00
2001 08 31 03 46 00 000  -10.00  -182.00
2001 08 31 03 47 00 000  -10.00  -194.00
2001 08 31 03 48 00 000  -11.00  -202.00
2001 08 31 03 49 00 000  -11.00  -195.00
2001 08 31 03 50 00 000  -11.00  -187.00
2001 08 31 03 51 00 000  -10.00  -180.00
2001 08 31 03 52 00 000  -10.00  -186.00
2001 08 31 03 53 00 000  -10.00  -199.00
2001 08 31 03 54 00 000  -11.00  -201.00
2001 08 31 03 55 00 000  -10.00  -199.00
2001 08 31 03 56 00 000  -10.00  -198.00
2001 08 31 03 57 00 000  -11.00  -214.00
2001 08 31 03 58 00 000  -11.00  -213.00
2001 08 31 03 59 00 000  -12.00  -221.00
2001 08 31 04 00 00 000  -12.00  -224.00
2001 08 31 04 01 00 000  -12.00  -222.00
2001 08 31 04 02 00 000  -12.00  -213.00
2001 08 31 04 03 00 000  -13.00  -206.00
2001 08 31 04 04 00 000  -13.00  -199.00
2001 08 31 04 05 00 000  -14.00  -200.00
2001 08 31 04 06 00 000  -13.00  -208.00
2001 08 31 04 07 00 000  -13.00  -213.00
2001 08 31 04 08 00 000  -14.00  -215.00
2001 08 31 04 09 00 000  -14.00  -223.00
2001 08 31 04 10 00 000  -14.00  -224.00
2001 08 31 04 11 00 000  -14.00  -219.00
2001 08 31 04 12 00 000  -14.00  -217.00
2001 08 31 04 13 00 000  -14.00  -213.00
2001 08 31 04 14 00 000  -15.00  -221.00
2001 08 31 04 15 00 000  -15.00  -213.00
2001 08 31 04 16 00 000  -15.00  -199.00
2001 08 31 04 17 00 000  -15.00  -200.00
2001 08 31 04 18 00 000  -15.00  -191.00
2001 08 31 04 19 00 000  -15.00  -188.00
2001 08 31 04 20 00 000  -16.00  -185.00
2001 08 31 04 21 00 000  -16.00  -180.00
2001 08 31 04 22 00 000  -16.00  -173.00
2001 08 31 04 23 00 000  -17.00  -161.00
2001 08 31 04 24 00 000  -17.00  -155.00
2001 08 31 04 25 00 000  -17.00  -158.00
2001 08 31 04 26 00 000  -17.00  -170.00
2001 08 31 04 27 00 000  -17.00  -175.00
2001 08 31 04 28 00 000  -17.00  -166.00
2001 08 31 04 29 00 000  -17.00  -167.00
2001 08 31 04 30 00 000  -17.00  -167.00
2001 08 31 04 31 00 000  -17.00  -161.00
2001 08 31 04 32 00 000  -17.00  -161.00
2001 08 31 04 33 00 000  -17.00  -163.00
2001 08 31 04 34 00 000  -17.00  -157.00
2001 08 31 04 35 00 000  -17.00  -146.00
2001 08 31 04 36 00 000  -17.00  -134.00
2001 08 31 04 37 00 000  -18.00  -138.00
2001 08 31 04 38 00 000  -17.00  -141.00
2001 08 31 04 39 00 000  -17.00  -141.00
2001 08 31 04 40 00 000  -18.00  -143.00
2001 08 31 04 41 00 000  -18.00  -145.00
2001 08 31 04 42 00 000  -18.00  -151.00
2001 08 31 04 43 00 000  -18.00  -154.00
2001 08 31 04 44 00 000  -18.00  -154.00
2001 08 31 04 45 00 000  -18.00  -147.00
2001 08 31 04 46 00 000  -18.00  -137.00
2001 08 31 04 47 00 000  -18.00  -126.00
2001 08 31 04 48 00 000  -18.00  -122.00
2001 08 31 04 49 00 000  -18.00  -122.00
2001 08 31 04 50 00 000  -18.00  -122.00
2001 08 31 04 51 00 000  -18.00  -121.00
2001 08 31 04 52 00 000  -18.00  -122.00
2001 08 31 04 53 00 000  -18.00  -121.00
2001 08 31 04 54 00 000  -18.00  -116.00
2001 08 31 04 55 00 000  -18.00  -111.00
2001 08 31 04 56 00 000  -18.00  -108.00
2001 08 31 04 57 00 000  -18.00  -108.00
2001 08 31 04 58 00 000  -19.00  -107.00
2001 08 31 04 59 00 000  -19.00  -108.00
2001 08 31 05 00 00 000  -18.00  -106.00
2001 08 31 05 01 00 000  -18.00  -102.00
2001 08 31 05 02 00 000  -18.00  -104.00
2001 08 31 05 03 00 000  -18.00  -109.00
2001 08 31 05 04 00 000  -18.00  -106.00
2001 08 31 05 05 00 000  -18.00  -101.00
2001 08 31 05 06 00 000  -18.00   -95.00
2001 08 31 05 07 00 000  -18.00   -97.00
2001 08 31 05 08 00 000  -17.00  -107.00
2001 08 31 05 09 00 000  -17.00  -108.00
2001 08 31 05 10 00 000  -17.00  -108.00
2001 08 31 05 11 00 000  -17.00  -107.00
2001 08 31 05 12 00 000  -17.00  -108.00
2001 08 31 05 13 00 000  -17.00  -107.00
2001 08 31 05 14 00 000  -16.00  -106.00
2001 08 31 05 15 00 000  -16.00  -104.00
2001 08 31 05 16 00 000  -17.00  -105.00
2001 08 31 05 17 00 000  -17.00  -106.00
2001 08 31 05 18 00 000  -17.00  -110.00
2001 08 31 05 19 00 000  -17.00  -107.00
2001 08 31 05 20 00 000  -18.00  -102.00
2001 08 31 05 21 00 000  -18.00   -98.00
2001 08 31 05 22 00 000  -19.00   -94.00
2001 08 31 05 23 00 000  -19.00   -91.00
2001 08 31 05 24 00 000  -18.00   -91.00
2001 08 31 05 25 00 000  -19.00   -92.00
2001 08 31 05 26 00 000  -19.00   -92.00
2001 08 31 05 27 00 000  -18.00   -90.00
2001 08 31 05 28 00 000  -17.00   -90.00
2001 08 31 05 29 00 000  -17.00   -94.00
2001 08 31 05 30 00 000  -17.00   -95.00
2001 08 31 05 31 00 000  -17.00   -96.00
2001 08 31 05 32 00 000  -17.00   -91.00
2001 08 31 05 33 00 000  -17.00   -86.00
2001 08 31 05 34 00 000  -16.00   -82.00
2001 08 31 05 35 00 000  -16.00   -82.00
2001 08 31 05 36 00 000  -17.00   -81.00
2001 08 31 05 37 00 000  -17.00   -78.00
2001 08 31 05 38 00 000  -17.00   -78.00
2001 08 31 05 39 00 000  -16.00   -83.00
2001 08 31 05 40 00 000  -16.00   -89.00
2001 08 31 05 41 00 000  -16.00   -93.00
2001 08 31 05 42 00 000  -16.00   -97.00
2001 08 31 05 43 00 000  -16.00   -94.00
2001 08 31 05 44 00 000  -16.00   -93.00
2001 08 31 05 45 00 000  -16.00   -93.00
2001 08 31 05 46 00 000  -16.00   -96.00
2001 08 31 05 47 00 000  -15.00   -97.00
2001 08 31 05 48 00 000  -15.00   -98.00
2001 08 31 05 49 00 000  -15.00  -102.00
2001 08 31 05 50 00 000  -15.00  -101.00
2001 08 31 05 51 00 000  -15.00  -100.00
2001 08 31 05 52 00 000  -15.00  -103.00
2001 08 31 05 53 00 000  -14.00  -103.00
2001 08 31 05 54 00 000  -15.00  -101.00
2001 08 31 05 55 00 000  -15.00   -98.00
2001 08 31 05 56 00 000  -15.00   -97.00
2001 08 31 05 57 00 000  -16.00  -101.00
2001 08 31 05 58 00 000  -16.00  -107.00
2001 08 31 05 59 00 000  -16.00  -111.00
2001 08 31 06 00 00 000  -16.00  -112.00
2001 08 31 06 01 00 000  -17.00  -110.00
2001 08 31 06 02 00 000  -17.00  -110.00
2001 08 31 06 03 00 000  -17.00  -111.00
2001 08 31 06 04 00 000  -17.00  -106.00
2001 08 31 06 05 00 000  -17.00  -106.00
2001 08 31 06 06 00 000  -17.00  -108.00
2001 08 31 06 07 00 000  -17.00  -125.00
2001 08 31 06 08 00 000  -17.00  -156.00
2001 08 31 06 09 00 000  -17.00  -166.00
2001 08 31 06 10 00 000  -16.00  -178.00
2001 08 31 06 11 00 000  -16.00  -179.00
2001 08 31 06 12 00 000  -15.00  -180.00
2001 08 31 06 13 00 000  -15.00  -171.00
2001 08 31 06 14 00 000  -16.00  -173.00
2001 08 31 06 15 00 000  -16.00  -173.00
2001 08 31 06 16 00 000  -16.00  -170.00
2001 08 31 06 17 00 000  -16.00  -147.00
2001 08 31 06 18 00 000  -16.00  -130.00
2001 08 31 06 19 00 000  -16.00  -129.00
2001 08 31 06 20 00 000  -17.00  -140.00
2001 08 31 06 21 00 000  -17.00  -154.00
2001 08 31 06 22 00 000  -17.00  -154.00
2001 08 31 06 23 00 000  -17.00  -165.00
2001 08 31 06 24 00 000  -18.00  -151.00
2001 08 31 06 25 00 000  -18.00  -172.00
2001 08 31 06 26 00 000  -18.00  -204.00
2001 08 31 06 27 00 000  -18.00  -213.00
2001 08 31 06 28 00 000  -18.00  -196.00
2001 08 31 06 29 00 000  -19.00  -184.00
2001 08 31 06 30 00 000  -19.00  -180.00
2001 08 31 06 31 00 000  -20.00  -186.00
2001 08 31 06 32 00 000  -20.00  -178.00
2001 08 31 06 33 00 000  -21.00  -163.00
2001 08 31 06 34 00 000  -21.00  -161.00
2001 08 31 06 35 00 000  -21.00  -154.00
2001 08 31 06 36 00 000  -21.00  -153.00
2001 08 31 06 37 00 000  -21.00  -160.00
2001 08 31 06 38 00 000  -21.00  -171.00
2001 08 31 06 39 00 000  -22.00  -184.00
2001 08 31 06 40 00 000  -22.00  -195.00
2001 08 31 06 41 00 000  -23.00  -201.00
2001 08 31 06 42 00 000  -23.00  -205.00
2001 08 31 06 43 00 000  -23.00  -204.00
2001 08 31 06 44 00 000  -24.00  -205.00
2001 08 31 06 45 00 000  -24.00  -209.00
2001 08 31 06 46 00 000  -23.00  -209.00
2001 08 31 06 47 00 000  -24.00  -209.00
2001 08 31 06 48 00 000  -24.00  -207.00
2001 08 31 06 49 00 000  -24.00  -205.00
2001 08 31 06 50 00 000  -24.00  -201.00
2001 08 31 06 51 00 000  -25.00  -198.00
2001 08 31 06 52 00 000  -25.00  -194.00
2001 08 31 06 53 00 000  -25.00  -185.00
2001 08 31 06 54 00 000  -25.00  -175.00
2001 08 31 06 55 00 000  -26.00  -174.00
2001 08 31 06 56 00 000  -26.00  -176.00
2001 08 31 06 57 00 000  -26.00  -178.00
2001 08 31 06 58 00 000  -25.00  -182.00
2001 08 31 06 59 00 000  -25.00  -185.00
2001 08 31 07 00 00 000  -25.00  -191.00
2001 08 31 07 01 00 000  -25.00  -199.00
2001 08 31 07 02 00 000  -24.00  -211.00
2001 08 31 07 03 00 000  -24.00  -219.00
2001 08 31 07 04 00 000  -24.00  -220.00
2001 08 31 07 05 00 000  -24.00  -224.00
2001 08 31 07 06 00 000  -25.00  -234.00
2001 08 31 07 07 00 000  -25.00  -241.00
2001 08 31 07 08 00 000  -25.00  -240.00
2001 08 31 07 09 00 000  -26.00  -231.00
2001 08 31 07 10 00 000  -26.00  -230.00
2001 08 31 07 11 00 000  -26.00  -231.00
2001 08 31 07 12 00 000  -26.00  -238.00
2001 08 31 07 13 00 000  -26.00  -239.00
2001 08 31 07 14 00 000  -26.00  -242.00
2001 08 31 07 15 00 000  -26.00  -250.00
2001 08 31 07 16 00 000  -26.00  -262.00
2001 08 31 07 17 00 000  -26.00  -267.00
2001 08 31 07 18 00 000  -27.00  -269.00
2001 08 31 07 19 00 000  -27.00  -266.00
2001 08 31 07 20 00 000  -27.00  -272.00
2001 08 31 07 21 00 000  -27.00  -284.00
2001 08 31 07 22 00 000  -27.00  -297.00
2001 08 31 07 23 00 000  -27.00  -295.00
2001 08 31 07 24 00 000  -28.00  -280.00
2001 08 31 07 25 00 000  -28.00  -259.00
2001 08 31 07 26 00 000  -28.00  -259.00
2001 08 31 07 27 00 000  -28.00  -257.00
2001 08 31 07 28 00 000  -28.00  -255.00
2001 08 31 07 29 00 000  -28.00  -258.00
2001 08 31 07 30 00 000  -28.00  -268.00
2001 08 31 07 31 00 000  -29.00  -278.00
2001 08 31 07 32 00 000  -30.00  -276.00
2001 08 31 07 33 00 000  -29.00  -271.00
2001 08 31 07 34 00 000  -29.00  -269.00
2001 08 31 07 35 00 000  -29.00  -256.00
2001 08 31 07 36 00 000  -29.00  -235.00
2001 08 31 07 37 00 000  -30.00  -233.00
2001 08 31 07 38 00 000  -30.00  -232.00
2001 08 31 07 39 00 000  -31.00  -228.00
2001 08 31 07 40 00 000  -31.00  -227.00
2001 08 31 07 41 00 000  -31.00  -231.00
2001 08 31 07 42 00 000  -32.00  -232.00
2001 08 31 07 43 00 000  -32.00  -225.00
2001 08 31 07 44 00 000  -32.00  -217.00
2001 08 31 07 45 00 000  -32.00  -211.00
2001 08 31 07 46 00 000  -32.00  -211.00
2001 08 31 07 47 00 000  -32.00  -208.00
2001 08 31 07 48 00 000  -32.00  -196.00
2001 08 31 07 49 00 000  -32.00  -194.00
2001 08 31 07 50 00 000  -32.00  -206.00
2001 08 31 07 51 00 000  -32.00  -213.00
2001 08 31 07 52 00 000  -32.00  -219.00
2001 08 31 07 53 00 000  -33.00  -227.00
2001 08 31 07 54 00 000  -33.00  -222.00
2001 08 31 07 55 00 000  -33.00  -226.00
2001 08 31 07 56 00 000  -33.00  -229.00
2001 08 31 07 57 00 000  -33.00  -237.00
2001 08 31 07 58 00 000  -34.00  -240.00
2001 08 31 07 59 00 000  -33.00  -239.00
2001 08 31 08 00 00 000  -34.00  -271.00
2001 08 31 08 01 00 000  -34.00  -295.00
2001 08 31 08 02 00 000  -34.00  -260.00
2001 08 31 08 03 00 000  -34.00  -251.00
2001 08 31 08 04 00 000  -34.00  -258.00
2001 08 31 08 05 00 000  -35.00  -304.00
2001 08 31 08 06 00 000  -35.00  -288.00
2001 08 31 08 07 00 000  -35.00  -200.00
2001 08 31 08 08 00 000  -35.00  -163.00
2001 08 31 08 09 00 000  -35.00  -144.00
2001 08 31 08 10 00 000  -35.00  -161.00
2001 08 31 08 11 00 000  -35.00  -170.00
2001 08 31 08 12 00 000  -35.00  -163.00
2001 08 31 08 13 00 000  -35.00  -170.00
2001 08 31 08 14 00 000  -35.00  -194.00
2001 08 31 08 15 00 000  -35.00  -211.00
2001 08 31 08 16 00 000  -35.00  -215.00
2001 08 31 08 17 00 000  -35.00  -212.00
2001 08 31 08 18 00 000  -35.00  -201.00
2001 08 31 08 19 00 000  -35.00  -206.00
2001 08 31 08 20 00 000  -36.00  -225.00
2001 08 31 08 21 00 000  -36.00  -245.00
2001 08 31 08 22 00 000  -36.00  -246.00
2001 08 31 08 23 00 000  -35.00  -244.00
2001 08 31 08 24 00 000  -35.00  -241.00
2001 08 31 08 25 00 000  -36.00  -241.00
2001 08 31 08 26 00 000  -36.00  -240.00
2001 08 31 08 27 00 000  -36.00  -239.00
2001 08 31 08 28 00 000  -36.00  -241.00
2001 08 31 08 29 00 000  -36.00  -240.00
2001 08 31 08 30 00 000  -37.00  -242.00
2001 08 31 08 31 00 000  -37.00  -250.00
2001 08 31 08 32 00 000  -37.00  -241.00
2001 08 31 08 33 00 000  -38.00  -239.00
2001 08 31 08 34 00 000  -38.00  -245.00
2001 08 31 08 35 00 000  -39.00  -246.00
2001 08 31 08 36 00 000  -39.00  -248.00
2001 08 31 08 37 00 000  -39.00  -259.00
2001 08 31 08 38 00 000  -40.00  -267.00
2001 08 31 08 39 00 000  -40.00  -276.00
2001 08 31 08 40 00 000  -40.00  -281.00
2001 08 31 08 41 00 000  -41.00  -278.00
2001 08 31 08 42 00 000  -41.00  -285.00
2001 08 31 08 43 00 000  -41.00  -293.00
2001 08 31 08 44 00 000  -41.00  -302.00
2001 08 31 08 45 00 000  -41.00  -303.00
2001 08 31 08 46 00 000  -41.00  -301.00
2001 08 31 08 47 00 000  -41.00  -290.00
2001 08 31 08 48 00 000  -40.00  -287.00
2001 08 31 08 49 00 000  -40.00  -286.00
2001 08 31 08 50 00 000  -40.00  -287.00
2001 08 31 08 51 00 000  -40.00  -287.00
2001 08 31 08 52 00 000  -39.00  -295.00
2001 08 31 08 53 00 000  -39.00  -302.00
2001 08 31 08 54 00 000  -39.00  -314.00
2001 08 31 08 55 00 000  -39.00  -314.00
2001 08 31 08 56 00 000  -40.00  -309.00
2001 08 31 08 57 00 000  -41.00  -303.00
2001 08 31 08 58 00 000  -41.00  -303.00
2001 08 31 08 59 00 000  -41.00  -310.00
2001 08 31 09 00 00 000  -41.00  -304.00
2001 08 31 09 01 00 000  -41.00  -299.00
2001 08 31 09 02 00 000  -41.00  -305.00
2001 08 31 09 03 00 000  -41.00  -335.00
2001 08 31 09 04 00 000  -42.00  -345.00
2001 08 31 09 05 00 000  -43.00  -341.00
2001 08 31 09 06 00 000  -43.00  -341.00
2001 08 31 09 07 00 000  -44.00  -332.00
2001 08 31 09 08 00 000  -44.00  -326.00
2001 08 31 09 09 00 000  -45.00  -322.00
2001 08 31 09 10 00 000  -45.00  -332.00
2001 08 31 09 11 00 000  -45.00  -330.00
2001 08 31 09 12 00 000  -46.00  -336.00
2001 08 31 09 13 00 000  -46.00  -353.00
2001 08 31 09 14 00 000  -45.00  -360.00
2001 08 31 09 15 00 000  -45.00  -356.00
2001 08 31 09 16 00 000  -46.00  -337.00
2001 08 31 09 17 00 000  -45.00  -322.00
2001 08 31 09 18 00 000  -45.00  -308.00
2001 08 31 09 19 00 000  -44.00  -302.00
2001 08 31 09 20 00 000  -44.00  -303.00
2001 08 31 09 21 00 000  -44.00  -308.00
2001 08 31 09 22 00 000  -44.00  -347.00
2001 08 31 09 23 00 000  -43.00  -384.00
2001 08 31 09 24 00 000  -43.00  -407.00
2001 08 31 09 25 00 000  -42.00  -432.00
2001 08 31 09 26 00 000  -42.00  -466.00
2001 08 31 09 27 00 000  -42.00  -480.00
2001 08 31 09 28 00 000  -42.00  -459.00
2001 08 31 09 29 00 000  -42.00  -427.00
2001 08 31 09 30 00 000  -42.00  -397.00
2001 08 31 09 31 00 000  -42.00  -370.00
2001 08 31 09 32 00 000  -42.00  -356.00
2001 08 31 09 33 00 000  -43.00  -344.00
2001 08 31 09 34 00 000  -43.00  -350.00
2001 08 31 09 35 00 000  -43.00  -331.00
2001 08 31 09 36 00 000  -43.00  -313.00
2001 08 31 09 37 00 000  -42.00  -319.00
2001 08 31 09 38 00 000  -41.00  -322.00
2001 08 31 09 39 00 000  -41.00  -314.00
2001 08 31 09 40 00 000  -41.00  -312.00
2001 08 31 09 41 00 000  -41.00  -297.00
2001 08 31 09 42 00 000  -41.00  -281.00
2001 08 31 09 43 00 000  -41.00  -259.00
2001 08 31 09 44 00 000  -41.00  -289.00
2001 08 31 09 45 00 000  -41.00  -282.00
2001 08 31 09 46 00 000  -41.00  -284.00
2001 08 31 09 47 00 000  -42.00  -279.00
2001 08 31 09 48 00 000  -42.00  -301.00
2001 08 31 09 49 00 000  -42.00  -338.00
2001 08 31 09 50 00 000  -42.00  -339.00
2001 08 31 09 51 00 000  -42.00  -354.00
2001 08 31 09 52 00 000  -42.00  -374.00
2001 08 31 09 53 00 000  -42.00  -397.00
2001 08 31 09 54 00 000  -42.00  -416.00
2001 08 31 09 55 00 000  -42.00  -426.00
2001 08 31 09 56 00 000  -42.00  -440.00
2001 08 31 09 57 00 000  -43.00  -452.00
2001 08 31 09 58 00 000  -43.00  -462.00
2001 08 31 09 59 00 000  -44.00  -480.00
2001 08 31 10 00 00 000  -44.00  -483.00
2001 08 31 10 01 00 000  -44.00  -481.00
2001 08 31 10 02 00 000  -45.00  -467.00
2001 08 31 10 03 00 000  -45.00  -463.00
2001 08 31 10 04 00 000  -45.00  -457.00
2001 08 31 10 05 00 000  -46.00  -436.00
2001 08 31 10 06 00 000  -46.00  -410.00
2001 08 31 10 07 00 000  -46.00  -392.00
2001 08 31 10 08 00 000  -46.00  -386.00
2001 08 31 10 09 00 000  -46.00  -371.00
2001 08 31 10 10 00 000  -46.00  -366.00
2001 08 31 10 11 00 000  -46.00  -357.00
2001 08 31 10 12 00 000  -46.00  -338.00
2001 08 31 10 13 00 000  -45.00  -344.00
2001 08 31 10 14 00 000  -45.00  -580.00
2001 08 31 10 15 00 000  -45.00  -556.00
2001 08 31 10 16 00 000  -44.00  -525.00
2001 08 31 10 17 00 000  -44.00  -664.00
2001 08 31 10 18 00 000  -43.00  -701.00
2001 08 31 10 19 00 000  -42.00  -706.00
2001 08 31 10 20 00 000  -42.00  -687.00
2001 08 31 10 21 00 000  -41.00  -622.00
2001 08 31 10 22 00 000  -41.00  -625.00
2001 08 31 10 23 00 000  -41.00  -640.00
2001 08 31 10 24 00 000  -40.00  -680.00
2001 08 31 10 25 00 000  -39.00  -695.00
2001 08 31 10 26 00 000  -38.00  -681.00
2001 08 31 10 27 00 000  -37.00  -668.00
2001 08 31 10 28 00 000  -36.00  -593.00
2001 08 31 10 29 00 000  -36.00  -509.00
2001 08 31 10 30 00 000  -37.00  -397.00
2001 08 31 10 31 00 000  -38.00  -333.00
2001 08 31 10 32 00 000  -39.00  -277.00
2001 08 31 10 33 00 000  -40.00  -178.00
2001 08 31 10 34 00 000  -41.00  -151.00
2001 08 31 10 35 00 000  -42.00  -147.00
2001 08 31 10 36 00 000  -43.00  -150.00
2001 08 31 10 37 00 000  -44.00  -166.00
2001 08 31 10 38 00 000  -44.00  -173.00
2001 08 31 10 39 00 000  -45.00  -167.00
2001 08 31 10 40 00 000  -45.00  -154.00
2001 08 31 10 41 00 000  -45.00  -147.00
2001 08 31 10 42 00 000  -45.00  -151.00
2001 08 31 10 43 00 000  -44.00  -152.00
2001 08 31 10 44 00 000  -44.00  -142.00
2001 08 31 10 45 00 000  -44.00  -127.00
2001 08 31 10 46 00 000  -43.00  -114.00
2001 08 31 10 47 00 000  -42.00  -131.00
2001 08 31 10 48 00 000  -42.00  -151.00
2001 08 31 10 49 00 000  -42.00  -165.00
2001 08 31 10 50 00 000  -41.00  -171.00
2001 08 31 10 51 00 000  -41.00  -171.00
2001 08 31 10 52 00 000  -40.00  -171.00
2001 08 31 10 53 00 000  -40.00  -165.00
2001 08 31 10 54 00 000  -39.00  -158.00
2001 08 31 10 55 00 000  -38.00  -153.00
2001 08 31 10 56 00 000  -38.00  -150.00
2001 08 31 10 57 00 000  -38.00  -145.00
2001 08 31 10 58 00 000  -37.00  -137.00
2001 08 31 10 59 00 000  -37.00  -126.00
2001 08 31 11 00 00 000  -37.00  -138.00
2001 08 31 11 01 00 000  -37.00  -153.00
2001 08 31 11 02 00 000  -37.00  -165.00
2001 08 31 11 03 00 000  -36.00  -155.00
2001 08 31 11 04 00 000  -37.00  -150.00
2001 08 31 11 05 00 000  -36.00  -147.00
2001 08 31 11 06 00 000  -37.00  -141.00
2001 08 31 11 07 00 000  -36.00  -127.00
2001 08 31 11 08 00 000  -36.00  -102.00
2001 08 31 11 09 00 000  -36.00  -100.00
2001 08 31 11 10 00 000  -36.00  -109.00
2001 08 31 11 11 00 000  -36.00   -92.00
2001 08 31 11 12 00 000  -36.00   -82.00
2001 08 31 11 13 00 000  -36.00   -80.00
2001 08 31 11 14 00 000  -36.00   -79.00
2001 08 31 11 15 00 000  -35.00   -81.00
2001 08 31 11 16 00 000  -35.00   -71.00
2001 08 31 11 17 00 000  -35.00   -59.00
2001 08 31 11 18 00 000  -35.00   -55.00
2001 08 31 11 19 00 000  -35.00   -47.00
2001 08 31 11 20 00 000  -34.00   -36.00
2001 08 31 11 21 00 000  -34.00   -33.00
2001 08 31 11 22 00 000  -34.00   -36.00
2001 08 31 11 23 00 000  -34.00   -38.00
2001 08 31 11 24 00 000  -34.00   -33.00
2001 08 31 11 25 00 000  -33.00   -37.00
2001 08 31 11 26 00 000  -33.00   -36.00
2001 08 31 11 27 00 000  -33.00   -37.00
2001 08 31 11 28 00 000  -33.00   -32.00
2001 08 31 11 29 00 000  -33.00   -35.00
2001 08 31 11 30 00 000  -33.00   -32.00
2001 08 31 11 31 00 000  -33.00   -40.00
2001 08 31 11 32 00 000  -32.00   -46.00
2001 08 31 11 33 00 000  -32.00   -43.00
2001 08 31 11 34 00 000  -32.00   -38.00
2001 08 31 11 35 00 000  -32.00   -61.00
2001 08 31 11 36 00 000  -32.00   -91.00
2001 08 31 11 37 00 000  -32.00   -96.00
2001 08 31 11 38 00 000  -32.00  -112.00
2001 08 31 11 39 00 000  -31.00  -123.00
2001 08 31 11 40 00 000  -31.00  -137.00
2001 08 31 11 41 00 000  -30.00  -155.00
2001 08 31 11 42 00 000  -30.00  -168.00
2001 08 31 11 43 00 000  -30.00  -195.00
2001 08 31 11 44 00 000  -30.00  -195.00
2001 08 31 11 45 00 000  -29.00  -185.00
2001 08 31 11 46 00 000  -29.00  -204.00
2001 08 31 11 47 00 000  -29.00  -234.00
2001 08 31 11 48 00 000  -28.00  -234.00
2001 08 31 11 49 00 000  -28.00  -248.00
2001 08 31 11 50 00 000  -28.00  -276.00
2001 08 31 11 51 00 000  -27.00  -281.00
2001 08 31 11 52 00 000  -27.00  -300.00
2001 08 31 11 53 00 000  -27.00  -305.00
2001 08 31 11 54 00 000  -26.00  -309.00
2001 08 31 11 55 00 000  -26.00  -320.00
2001 08 31 11 56 00 000  -26.00  -329.00
2001 08 31 11 57 00 000  -26.00  -330.00
2001 08 31 11 58 00 000  -26.00  -330.00
2001 08 31 11 59 00 000  -25.00  -321.00
2001 08 31 12 00 00 000  -25.00  -322.00
2001 08 31 12 01 00 000  -25.00  -298.00
2001 08 31 12 02 00 000  -25.00  -280.00
2001 08 31 12 03 00 000  -25.00  -270.00
2001 08 31 12 04 00 000  -25.00  -265.00
2001 08 31 12 05 00 000  -25.00  -269.00
2001 08 31 12 06 00 000  -25.00  -265.00
2001 08 31 12 07 00 000  -24.00  -256.00
2001 08 31 12 08 00 000  -24.00  -247.00
2001 08 31 12 09 00 000  -24.00  -252.00
2001 08 31 12 10 00 000  -24.00  -247.00
2001 08 31 12 11 00 000  -23.00  -252.00
2001 08 31 12 12 00 000  -23.00  -255.00
2001 08 31 12 13 00 000  -23.00  -264.00
2001 08 31 12 14 00 000  -23.00  -262.00
2001 08 31 12 15 00 000  -23.00  -243.00
2001 08 31 12 16 00 000  -23.00  -234.00
2001 08 31 12 17 00 000  -23.00  -238.00
2001 08 31 12 18 00 000  -23.00  -239.00
2001 08 31 12 19 00 000  -23.00  -234.00
2001 08 31 12 20 00 000  -23.00  -227.00
2001 08 31 12 21 00 000  -23.00  -226.00
2001 08 31 12 22 00 000  -24.00  -228.00
2001 08 31 12 23 00 000  -24.00  -220.00
2001 08 31 12 24 00 000  -24.00  -223.00
2001 08 31 12 25 00 000  -24.00  -216.00
2001 08 31 12 26 00 000  -24.00  -226.00
2001 08 31 12 27 00 000  -24.00  -227.00
2001 08 31 12 28 00 000  -24.00  -226.00
2001 08 31 12 29 00 000  -24.00  -219.00
2001 08 31 12 30 00 000  -24.00  -236.00
2001 08 31 12 31 00 000  -24.00  -233.00
2001 08 31 12 32 00 000  -23.00  -198.00
2001 08 31 12 33 00 000  -24.00  -200.00
2001 08 31 12 34 00 000  -23.00  -182.00
2001 08 31 12 35 00 000  -23.00  -171.00
2001 08 31 12 36 00 000  -23.00  -151.00
2001 08 31 12 37 00 000  -23.00  -146.00
2001 08 31 12 38 00 000  -23.00  -142.00
2001 08 31 12 39 00 000  -24.00  -138.00
2001 08 31 12 40 00 000  -24.00  -118.00
2001 08 31 12 41 00 000  -24.00   -93.00
2001 08 31 12 42 00 000  -25.00   -86.00
2001 08 31 12 43 00 000  -25.00   -78.00
2001 08 31 12 44 00 000  -25.00   -96.00
2001 08 31 12 45 00 000  -25.00   -93.00
2001 08 31 12 46 00 000  -26.00   -93.00
2001 08 31 12 47 00 000  -26.00   -85.00
2001 08 31 12 48 00 000  -26.00   -85.00
2001 08 31 12 49 00 000  -26.00   -76.00
2001 08 31 12 50 00 000  -26.00   -68.00
2001 08 31 12 51 00 000  -26.00   -65.00
2001 08 31 12 52 00 000  -26.00   -62.00
2001 08 31 12 53 00 000  -26.00   -58.00
2001 08 31 12 54 00 000  -26.00   -46.00
2001 08 31 12 55 00 000  -26.00   -40.00
2001 08 31 12 56 00 000  -26.00   -43.00
2001 08 31 12 57 00 000  -26.00   -44.00
2001 08 31 12 58 00 000  -26.00   -43.00
2001 08 31 12 59 00 000  -25.00   -36.00
2001 08 31 13 00 00 000  -26.00   -25.00
2001 08 31 13 01 00 000  -25.00   -18.00
2001 08 31 13 02 00 000  -26.00   -13.00
2001 08 31 13 03 00 000  -26.00    -7.00
2001 08 31 13 04 00 000  -25.00   -14.00
2001 08 31 13 05 00 000  -25.00   -24.00
2001 08 31 13 06 00 000  -25.00   -25.00
2001 08 31 13 07 00 000  -25.00   -24.00
2001 08 31 13 08 00 000  -26.00   -18.00
2001 08 31 13 09 00 000  -26.00   -17.00
2001 08 31 13 10 00 000  -26.00   -13.00
2001 08 31 13 11 00 000  -26.00   -12.00
2001 08 31 13 12 00 000  -26.00   -23.00
2001 08 31 13 13 00 000  -26.00   -29.00
2001 08 31 13 14 00 000  -26.00   -30.00
2001 08 31 13 15 00 000  -26.00   -28.00
2001 08 31 13 16 00 000  -26.00   -28.00
2001 08 31 13 17 00 000  -26.00   -30.00
2001 08 31 13 18 00 000  -26.00   -31.00
2001 08 31 13 19 00 000  -26.00   -29.00
2001 08 31 13 20 00 000  -26.00   -24.00
2001 08 31 13 21 00 000  -26.00   -19.00
2001 08 31 13 22 00 000  -26.00   -15.00
2001 08 31 13 23 00 000  -26.00   -11.00
2001 08 31 13 24 00 000  -26.00    -9.00
2001 08 31 13 25 00 000  -27.00    -8.00
2001 08 31 13 26 00 000  -27.00   -10.00
2001 08 31 13 27 00 000  -27.00   -10.00
2001 08 31 13 28 00 000  -27.00   -13.00
2001 08 31 13 29 00 000  -27.00   -14.00
2001 08 31 13 30 00 000  -26.00   -14.00
2001 08 31 13 31 00 000  -27.00   -14.00
2001 08 31 13 32 00 000  -27.00   -13.00
2001 08 31 13 33 00 000  -27.00   -15.00
2001 08 31 13 34 00 000  -27.00   -16.00
2001 08 31 13 35 00 000  -27.00   -16.00
2001 08 31 13 36 00 000  -27.00   -16.00
2001 08 31 13 37 00 000  -27.00   -18.00
2001 08 31 13 38 00 000  -27.00   -22.00
2001 08 31 13 39 00 000  -27.00   -24.00
2001 08 31 13 40 00 000  -27.00   -22.00
2001 08 31 13 41 00 000  -28.00   -19.00
2001 08 31 13 42 00 000  -27.00   -19.00
2001 08 31 13 43 00 000  -28.00   -19.00
2001 08 31 13 44 00 000  -28.00   -18.00
2001 08 31 13 45 00 000  -28.00   -18.00
2001 08 31 13 46 00 000  -28.00   -19.00
2001 08 31 13 47 00 000  -28.00   -20.00
2001 08 31 13 48 00 000  -28.00   -18.00
2001 08 31 13 49 00 000  -28.00   -20.00
2001 08 31 13 50 00 000  -28.00   -21.00
2001 08 31 13 51 00 000  -28.00   -22.00
2001 08 31 13 52 00 000  -28.00   -21.00
2001 08 31 13 53 00 000  -28.00   -20.00
2001 08 31 13 54 00 000  -28.00   -22.00
2001 08 31 13 55 00 000  -28.00   -22.00
2001 08 31 13 56 00 000  -28.00   -21.00
2001 08 31 13 57 00 000  -28.00   -20.00
2001 08 31 13 58 00 000  -28.00   -20.00
2001 08 31 13 59 00 000  -28.00   -21.00
2001 08 31 14 00 00 000  -28.00   -21.00
2001 08 31 14 01 00 000  -29.00   -22.00
2001 08 31 14 02 00 000  -29.00   -23.00
2001 08 31 14 03 00 000  -28.00   -24.00
2001 08 31 14 04 00 000  -29.00   -25.00
2001 08 31 14 05 00 000  -29.00   -26.00
2001 08 31 14 06 00 000  -28.00   -26.00
2001 08 31 14 07 00 000  -29.00   -25.00
2001 08 31 14 08 00 000  -29.00   -25.00
2001 08 31 14 09 00 000  -29.00   -25.00
2001 08 31 14 10 00 000  -29.00   -28.00
2001 08 31 14 11 00 000  -29.00   -29.00
2001 08 31 14 12 00 000  -27.00   -28.00
2001 08 31 14 13 00 000  -27.00   -28.00
2001 08 31 14 14 00 000  -27.00   -27.00
2001 08 31 14 15 00 000  -27.00   -26.00
2001 08 31 14 16 00 000  -27.00   -25.00
2001 08 31 14 17 00 000  -27.00   -26.00
2001 08 31 14 18 00 000  -27.00   -28.00
2001 08 31 14 19 00 000  -27.00   -27.00
2001 08 31 14 20 00 000  -27.00   -28.00
2001 08 31 14 21 00 000  -27.00   -29.00
2001 08 31 14 22 00 000  -27.00   -28.00
2001 08 31 14 23 00 000  -27.00   -27.00
2001 08 31 14 24 00 000  -28.00   -26.00
2001 08 31 14 25 00 000  -28.00   -26.00
2001 08 31 14 26 00 000  -28.00   -27.00
2001 08 31 14 27 00 000  -28.00   -29.00
2001 08 31 14 28 00 000  -28.00   -30.00
2001 08 31 14 29 00 000  -28.00   -30.00
2001 08 31 14 30 00 000  -28.00   -30.00
2001 08 31 14 31 00 000  -28.00   -29.00
2001 08 31 14 32 00 000  -28.00   -30.00
2001 08 31 14 33 00 000  -28.00   -31.00
2001 08 31 14 34 00 000  -28.00   -31.00
2001 08 31 14 35 00 000  -28.00   -29.00
2001 08 31 14 36 00 000  -28.00   -27.00
2001 08 31 14 37 00 000  -28.00   -27.00
2001 08 31 14 38 00 000  -28.00   -27.00
2001 08 31 14 39 00 000  -28.00   -29.00
2001 08 31 14 40 00 000  -28.00   -29.00
2001 08 31 14 41 00 000  -28.00   -29.00
2001 08 31 14 42 00 000  -28.00   -30.00
2001 08 31 14 43 00 000  -28.00   -31.00
2001 08 31 14 44 00 000  -28.00   -30.00
2001 08 31 14 45 00 000  -28.00   -30.00
2001 08 31 14 46 00 000  -28.00   -30.00
2001 08 31 14 47 00 000  -28.00   -31.00
2001 08 31 14 48 00 000  -30.00   -33.00
2001 08 31 14 49 00 000  -30.00   -34.00
2001 08 31 14 50 00 000  -30.00   -32.00
2001 08 31 14 51 00 000  -30.00   -33.00
2001 08 31 14 52 00 000  -30.00   -36.00
2001 08 31 14 53 00 000  -30.00   -37.00
2001 08 31 14 54 00 000  -30.00   -37.00
2001 08 31 14 55 00 000  -30.00   -36.00
2001 08 31 14 56 00 000  -30.00   -36.00
2001 08 31 14 57 00 000  -30.00   -36.00
2001 08 31 14 58 00 000  -30.00   -36.00
2001 08 31 14 59 00 000  -30.00   -34.00
2001 08 31 15 00 00 000  -30.00   -33.00
2001 08 31 15 01 00 000  -29.00   -31.00
2001 08 31 15 02 00 000  -29.00   -30.00
2001 08 31 15 03 00 000  -29.00   -33.00
2001 08 31 15 04 00 000  -29.00   -34.00
2001 08 31 15 05 00 000  -29.00   -35.00
2001 08 31 15 06 00 000  -29.00   -36.00
2001 08 31 15 07 00 000  -29.00   -39.00
2001 08 31 15 08 00 000  -29.00   -41.00
2001 08 31 15 09 00 000  -29.00   -41.00
2001 08 31 15 10 00 000  -29.00   -40.00
2001 08 31 15 11 00 000  -29.00   -40.00
2001 08 31 15 12 00 000  -29.00   -38.00
2001 08 31 15 13 00 000  -29.00   -38.00
2001 08 31 15 14 00 000  -28.00   -38.00
2001 08 31 15 15 00 000  -28.00   -37.00
2001 08 31 15 16 00 000  -28.00   -34.00
2001 08 31 15 17 00 000  -28.00   -34.00
2001 08 31 15 18 00 000  -28.00   -35.00
2001 08 31 15 19 00 000  -28.00   -37.00
2001 08 31 15 20 00 000  -28.00   -36.00
2001 08 31 15 21 00 000  -28.00   -36.00
2001 08 31 15 22 00 000  -28.00   -38.00
2001 08 31 15 23 00 000  -28.00   -39.00
2001 08 31 15 24 00 000  -28.00   -40.00
2001 08 31 15 25 00 000  -28.00   -40.00
2001 08 31 15 26 00 000  -28.00   -42.00
2001 08 31 15 27 00 000  -27.00   -42.00
2001 08 31 15 28 00 000  -27.00   -39.00
2001 08 31 15 29 00 000  -27.00   -38.00
2001 08 31 15 30 00 000  -27.00   -37.00
2001 08 31 15 31 00 000  -27.00   -38.00
2001 08 31 15 32 00 000  -28.00   -38.00
2001 08 31 15 33 00 000  -27.00   -38.00
2001 08 31 15 34 00 000  -27.00   -39.00
2001 08 31 15 35 00 000  -28.00   -39.00
2001 08 31 15 36 00 000  -28.00   -41.00
2001 08 31 15 37 00 000  -28.00   -39.00
2001 08 31 15 38 00 000  -28.00   -37.00
2001 08 31 15 39 00 000  -28.00   -36.00
2001 08 31 15 40 00 000  -28.00   -35.00
2001 08 31 15 41 00 000  -28.00   -35.00
2001 08 31 15 42 00 000  -28.00   -33.00
2001 08 31 15 43 00 000  -27.00   -33.00
2001 08 31 15 44 00 000  -28.00   -33.00
2001 08 31 15 45 00 000  -27.00   -34.00
2001 08 31 15 46 00 000  -27.00   -35.00
2001 08 31 15 47 00 000  -27.00   -36.00
2001 08 31 15 48 00 000  -26.00   -35.00
2001 08 31 15 49 00 000  -26.00   -36.00
2001 08 31 15 50 00 000  -26.00   -37.00
2001 08 31 15 51 00 000  -26.00   -36.00
2001 08 31 15 52 00 000  -26.00   -37.00
2001 08 31 15 53 00 000  -26.00   -38.00
2001 08 31 15 54 00 000  -26.00   -38.00
2001 08 31 15 55 00 000  -26.00   -38.00
2001 08 31 15 56 00 000  -26.00   -38.00
2001 08 31 15 57 00 000  -26.00   -36.00
2001 08 31 15 58 00 000  -26.00   -34.00
2001 08 31 15 59 00 000  -26.00   -34.00
2001 08 31 16 00 00 000  -26.00   -34.00
2001 08 31 16 01 00 000  -26.00   -34.00
2001 08 31 16 02 00 000  -26.00   -34.00
2001 08 31 16 03 00 000  -26.00   -34.00
2001 08 31 16 04 00 000  -26.00   -34.00
2001 08 31 16 05 00 000  -26.00   -34.00
2001 08 31 16 06 00 000  -26.00   -34.00
2001 08 31 16 07 00 000  -25.00   -36.00
2001 08 31 16 08 00 000  -25.00   -35.00
2001 08 31 16 09 00 000  -25.00   -35.00
2001 08 31 16 10 00 000  -25.00   -35.00
2001 08 31 16 11 00 000  -25.00   -35.00
2001 08 31 16 12 00 000  -24.00   -34.00
2001 08 31 16 13 00 000  -24.00   -36.00
2001 08 31 16 14 00 000  -24.00   -37.00
2001 08 31 16 15 00 000  -24.00   -38.00
2001 08 31 16 16 00 000  -24.00   -38.00
2001 08 31 16 17 00 000  -24.00   -38.00
2001 08 31 16 18 00 000  -23.00   -39.00
2001 08 31 16 19 00 000  -23.00   -40.00
2001 08 31 16 20 00 000  -23.00   -41.00
2001 08 31 16 21 00 000  -23.00   -41.00
2001 08 31 16 22 00 000  -23.00   -38.00
2001 08 31 16 23 00 000  -22.00   -36.00
2001 08 31 16 24 00 000  -22.00   -37.00
2001 08 31 16 25 00 000  -22.00   -39.00
2001 08 31 16 26 00 000  -22.00   -42.00
2001 08 31 16 27 00 000  -22.00   -44.00
2001 08 31 16 28 00 000  -21.00   -45.00
2001 08 31 16 29 00 000  -21.00   -43.00
2001 08 31 16 30 00 000  -21.00   -38.00
2001 08 31 16 31 00 000  -21.00   -38.00
2001 08 31 16 32 00 000  -22.00   -43.00
2001 08 31 16 33 00 000  -22.00   -36.00
2001 08 31 16 34 00 000  -22.00   -35.00
2001 08 31 16 35 00 000  -22.00   -33.00
2001 08 31 16 36 00 000  -22.00   -31.00
2001 08 31 16 37 00 000  -22.00   -30.00
2001 08 31 16 38 00 000  -21.00   -31.00
2001 08 31 16 39 00 000  -21.00   -35.00
2001 08 31 16 40 00 000  -21.00   -30.00
2001 08 31 16 41 00 000  -21.00   -30.00
2001 08 31 16 42 00 000  -21.00   -32.00
2001 08 31 16 43 00 000  -21.00   -33.00
2001 08 31 16 44 00 000  -21.00   -33.00
2001 08 31 16 45 00 000  -21.00   -34.00
2001 08 31 16 46 00 000  -22.00   -32.00
2001 08 31 16 47 00 000  -21.00   -29.00
2001 08 31 16 48 00 000  -21.00   -28.00
2001 08 31 16 49 00 000  -21.00   -27.00
2001 08 31 16 50 00 000  -21.00   -31.00
2001 08 31 16 51 00 000  -21.00   -34.00
2001 08 31 16 52 00 000  -21.00   -33.00
2001 08 31 16 53 00 000  -20.00   -34.00
2001 08 31 16 54 00 000  -20.00   -31.00
2001 08 31 16 55 00 000  -19.00   -27.00
2001 08 31 16 56 00 000  -19.00   -27.00
2001 08 31 16 57 00 000  -19.00   -26.00
2001 08 31 16 58 00 000  -19.00   -25.00
2001 08 31 16 59 00 000  -18.00   -28.00
2001 08 31 17 00 00 000  -18.00   -33.00
2001 08 31 17 01 00 000  -18.00   -38.00
2001 08 31 17 02 00 000  -15.00   -43.00
2001 08 31 17 03 00 000  -14.00   -41.00
2001 08 31 17 04 00 000  -14.00   -52.00
2001 08 31 17 05 00 000  -14.00   -69.00
2001 08 31 17 06 00 000  -13.00   -67.00
2001 08 31 17 07 00 000  -12.00   -67.00
2001 08 31 17 08 00 000  -10.00   -72.00
2001 08 31 17 09 00 000   -8.00   -58.00
2001 08 31 17 10 00 000   -6.00   -53.00
2001 08 31 17 11 00 000   -5.00   -61.00
2001 08 31 17 12 00 000   -3.00  -114.00
2001 08 31 17 13 00 000   -1.00  -113.00
2001 08 31 17 14 00 000    0.00  -133.00
2001 08 31 17 15 00 000   -2.00   -91.00
2001 08 31 17 16 00 000   -3.00   -69.00
2001 08 31 17 17 00 000   -5.00   -62.00
2001 08 31 17 18 00 000   -5.00   -73.00
2001 08 31 17 19 00 000   -6.00   -59.00
2001 08 31 17 20 00 000   -6.00   -69.00
2001 08 31 17 21 00 000   -7.00   -62.00
2001 08 31 17 22 00 000   -8.00   -77.00
2001 08 31 17 23 00 000   -8.00  -142.00
2001 08 31 17 24 00 000   -8.00  -136.00
2001 08 31 17 25 00 000   -9.00  -120.00
2001 08 31 17 26 00 000   -9.00  -105.00
2001 08 31 17 27 00 000  -10.00  -109.00
2001 08 31 17 28 00 000  -10.00  -118.00
2001 08 31 17 29 00 000  -10.00   -97.00
2001 08 31 17 30 00 000  -11.00   -89.00
2001 08 31 17 31 00 000  -12.00  -119.00
2001 08 31 17 32 00 000  -13.00  -170.00
2001 08 31 17 33 00 000  -14.00  -184.00
2001 08 31 17 34 00 000  -15.00  -147.00
2001 08 31 17 35 00 000  -15.00  -132.00
2001 08 31 17 36 00 000  -15.00  -127.00
2001 08 31 17 37 00 000  -15.00  -125.00
2001 08 31 17 38 00 000  -15.00  -114.00
2001 08 31 17 39 00 000  -16.00   -97.00
2001 08 31 17 40 00 000  -16.00   -98.00
2001 08 31 17 41 00 000  -17.00  -105.00
2001 08 31 17 42 00 000  -18.00  -123.00
2001 08 31 17 43 00 000  -19.00  -142.00
2001 08 31 17 44 00 000  -20.00  -120.00
2001 08 31 17 45 00 000  -21.00   -72.00
2001 08 31 17 46 00 000  -21.00   -50.00
2001 08 31 17 47 00 000  -22.00   -84.00
2001 08 31 17 48 00 000  -23.00  -120.00
2001 08 31 17 49 00 000  -24.00  -129.00
2001 08 31 17 50 00 000  -24.00  -101.00
2001 08 31 17 51 00 000  -25.00   -59.00
2001 08 31 17 52 00 000  -25.00   -49.00
2001 08 31 17 53 00 000  -26.00   -44.00
2001 08 31 17 54 00 000  -25.00   -51.00
2001 08 31 17 55 00 000  -26.00   -72.00
2001 08 31 17 56 00 000  -26.00   -64.00
2001 08 31 17 57 00 000  -27.00   -50.00
2001 08 31 17 58 00 000  -26.00   -49.00
2001 08 31 17 59 00 000  -27.00   -60.00
2001 08 31 18 00 00 000  -27.00   -74.00
2001 08 31 18 01 00 000  -27.00   -85.00
2001 08 31 18 02 00 000  -27.00   -84.00
2001 08 31 18 03 00 000  -27.00   -69.00
2001 08 31 18 04 00 000  -27.00   -51.00
2001 08 31 18 05 00 000  -26.00   -48.00
2001 08 31 18 06 00 000  -26.00   -59.00
2001 08 31 18 07 00 000  -26.00   -70.00
2001 08 31 18 08 00 000  -26.00   -77.00
2001 08 31 18 09 00 000  -25.00   -83.00
2001 08 31 18 10 00 000  -25.00   -84.00
2001 08 31 18 11 00 000  -25.00   -83.00
2001 08 31 18 12 00 000  -24.00   -83.00
2001 08 31 18 13 00 000  -24.00   -88.00
2001 08 31 18 14 00 000  -24.00   -93.00
2001 08 31 18 15 00 000  -24.00   -97.00
2001 08 31 18 16 00 000  -23.00  -100.00
2001 08 31 18 17 00 000  -23.00   -98.00
2001 08 31 18 18 00 000  -23.00   -96.00
2001 08 31 18 19 00 000  -23.00   -93.00
2001 08 31 18 20 00 000  -23.00   -93.00
2001 08 31 18 21 00 000  -23.00   -95.00
2001 08 31 18 22 00 000  -22.00   -96.00
2001 08 31 18 23 00 000  -23.00   -94.00
2001 08 31 18 24 00 000  -22.00   -90.00
2001 08 31 18 25 00 000  -23.00   -87.00
2001 08 31 18 26 00 000  -22.00   -87.00
2001 08 31 18 27 00 000  -22.00   -93.00
2001 08 31 18 28 00 000  -23.00  -100.00
2001 08 31 18 29 00 000  -23.00  -105.00
2001 08 31 18 30 00 000  -23.00  -105.00
2001 08 31 18 31 00 000  -23.00  -102.00
2001 08 31 18 32 00 000  -23.00  -100.00
2001 08 31 18 33 00 000  -23.00  -100.00
2001 08 31 18 34 00 000  -23.00  -103.00
2001 08 31 18 35 00 000  -24.00  -104.00
2001 08 31 18 36 00 000  -24.00  -102.00
2001 08 31 18 37 00 000  -24.00  -103.00
2001 08 31 18 38 00 000  -24.00  -104.00
2001 08 31 18 39 00 000  -24.00  -100.00
2001 08 31 18 40 00 000  -24.00   -93.00
2001 08 31 18 41 00 000  -24.00  -104.00
2001 08 31 18 42 00 000  -24.00  -103.00
2001 08 31 18 43 00 000  -23.00  -110.00
2001 08 31 18 44 00 000  -23.00  -109.00
2001 08 31 18 45 00 000  -23.00  -103.00
2001 08 31 18 46 00 000  -23.00  -108.00
2001 08 31 18 47 00 000  -23.00  -105.00
2001 08 31 18 48 00 000  -22.00   -99.00
2001 08 31 18 49 00 000  -23.00   -88.00
2001 08 31 18 50 00 000  -23.00   -82.00
2001 08 31 18 51 00 000  -22.00   -86.00
2001 08 31 18 52 00 000  -23.00   -90.00
2001 08 31 18 53 00 000  -22.00   -94.00
2001 08 31 18 54 00 000  -22.00   -96.00
2001 08 31 18 55 00 000  -22.00   -97.00
2001 08 31 18 56 00 000  -23.00   -96.00
2001 08 31 18 57 00 000  -23.00   -95.00
2001 08 31 18 58 00 000  -23.00   -95.00
2001 08 31 18 59 00 000  -23.00   -88.00
2001 08 31 19 00 00 000  -23.00   -83.00
2001 08 31 19 01 00 000  -23.00   -85.00
2001 08 31 19 02 00 000  -23.00   -87.00
2001 08 31 19 03 00 000  -23.00   -84.00
2001 08 31 19 04 00 000  -23.00   -82.00
2001 08 31 19 05 00 000  -23.00   -83.00
2001 08 31 19 06 00 000  -23.00   -84.00
2001 08 31 19 07 00 000  -23.00   -82.00
2001 08 31 19 08 00 000  -23.00   -78.00
2001 08 31 19 09 00 000  -24.00   -75.00
2001 08 31 19 10 00 000  -24.00   -74.00
2001 08 31 19 11 00 000  -24.00   -71.00
2001 08 31 19 12 00 000  -24.00   -68.00
2001 08 31 19 13 00 000  -24.00   -66.00
2001 08 31 19 14 00 000  -24.00   -61.00
2001 08 31 19 15 00 000  -24.00   -60.00
2001 08 31 19 16 00 000  -24.00   -58.00
2001 08 31 19 17 00 000  -24.00   -57.00
2001 08 31 19 18 00 000  -24.00   -55.00
2001 08 31 19 19 00 000  -24.00   -52.00
2001 08 31 19 20 00 000  -24.00   -44.00
2001 08 31 19 21 00 000  -24.00   -44.00
2001 08 31 19 22 00 000  -24.00   -36.00
2001 08 31 19 23 00 000  -24.00   -33.00
2001 08 31 19 24 00 000  -24.00   -35.00
2001 08 31 19 25 00 000  -24.00   -36.00
2001 08 31 19 26 00 000  -23.00   -37.00
2001 08 31 19 27 00 000  -23.00   -34.00
2001 08 31 19 28 00 000  -23.00   -35.00
2001 08 31 19 29 00 000  -23.00   -35.00
2001 08 31 19 30 00 000  -23.00   -34.00
2001 08 31 19 31 00 000  -23.00   -30.00
2001 08 31 19 32 00 000  -23.00   -31.00
2001 08 31 19 33 00 000  -23.00   -32.00
2001 08 31 19 34 00 000  -23.00   -33.00
2001 08 31 19 35 00 000  -23.00   -34.00
2001 08 31 19 36 00 000  -22.00   -39.00
2001 08 31 19 37 00 000  -22.00   -41.00
2001 08 31 19 38 00 000  -22.00   -38.00
2001 08 31 19 39 00 000  -22.00   -37.00
2001 08 31 19 40 00 000  -22.00   -43.00
2001 08 31 19 41 00 000  -22.00   -52.00
2001 08 31 19 42 00 000  -22.00   -45.00
2001 08 31 19 43 00 000  -22.00   -34.00
2001 08 31 19 44 00 000  -22.00   -32.00
2001 08 31 19 45 00 000  -22.00   -29.00
2001 08 31 19 46 00 000  -22.00   -33.00
2001 08 31 19 47 00 000  -22.00   -40.00
2001 08 31 19 48 00 000  -22.00   -30.00
2001 08 31 19 49 00 000  -23.00   -26.00
2001 08 31 19 50 00 000  -23.00   -21.00
2001 08 31 19 51 00 000  -23.00   -22.00
2001 08 31 19 52 00 000  -23.00   -21.00
2001 08 31 19 53 00 000  -22.00   -21.00
2001 08 31 19 54 00 000  -22.00   -22.00
2001 08 31 19 55 00 000  -22.00   -23.00
2001 08 31 19 56 00 000  -22.00   -25.00
2001 08 31 19 57 00 000  -22.00   -26.00
2001 08 31 19 58 00 000  -22.00   -27.00
2001 08 31 19 59 00 000  -22.00   -28.00
2001 08 31 20 00 00 000  -22.00   -30.00
2001 08 31 20 01 00 000  -21.00   -35.00
2001 08 31 20 02 00 000  -22.00   -31.00
2001 08 31 20 03 00 000  -22.00   -29.00
2001 08 31 20 04 00 000  -22.00   -27.00
2001 08 31 20 05 00 000  -22.00   -26.00
2001 08 31 20 06 00 000  -22.00   -27.00
2001 08 31 20 07 00 000  -22.00   -27.00
2001 08 31 20 08 00 000  -22.00   -29.00
2001 08 31 20 09 00 000  -21.00   -28.00
2001 08 31 20 10 00 000  -21.00   -27.00
2001 08 31 20 11 00 000  -21.00   -28.00
2001 08 31 20 12 00 000  -21.00   -28.00
2001 08 31 20 13 00 000  -20.00   -29.00
2001 08 31 20 14 00 000  -20.00   -31.00
2001 08 31 20 15 00 000  -20.00   -32.00
2001 08 31 20 16 00 000  -20.00   -34.00
2001 08 31 20 17 00 000  -20.00   -34.00
2001 08 31 20 18 00 000  -20.00   -33.00
2001 08 31 20 19 00 000  -20.00   -35.00
2001 08 31 20 20 00 000  -19.00   -40.00
2001 08 31 20 21 00 000  -19.00   -40.00
2001 08 31 20 22 00 000  -19.00   -51.00
2001 08 31 20 23 00 000  -19.00   -54.00
2001 08 31 20 24 00 000  -19.00   -53.00
2001 08 31 20 25 00 000  -19.00   -56.00
2001 08 31 20 26 00 000  -19.00   -59.00
2001 08 31 20 27 00 000  -19.00   -65.00
2001 08 31 20 28 00 000  -19.00   -66.00
2001 08 31 20 29 00 000  -19.00   -72.00
2001 08 31 20 30 00 000  -19.00   -70.00
2001 08 31 20 31 00 000  -19.00   -63.00
2001 08 31 20 32 00 000  -19.00   -61.00
2001 08 31 20 33 00 000  -20.00   -62.00
2001 08 31 20 34 00 000  -20.00   -67.00
2001 08 31 20 35 00 000  -20.00   -67.00
2001 08 31 20 36 00 000  -20.00   -60.00
2001 08 31 20 37 00 000  -21.00   -54.00
2001 08 31 20 38 00 000  -21.00   -58.00
2001 08 31 20 39 00 000  -21.00   -66.00
2001 08 31 20 40 00 000  -20.00   -66.00
2001 08 31 20 41 00 000  -20.00   -67.00
2001 08 31 20 42 00 000  -20.00   -64.00
2001 08 31 20 43 00 000  -20.00   -62.00
2001 08 31 20 44 00 000  -20.00   -62.00
2001 08 31 20 45 00 000  -20.00   -62.00
2001 08 31 20 46 00 000  -20.00   -64.00
2001 08 31 20 47 00 000  -20.00   -72.00
2001 08 31 20 48 00 000  -19.00   -81.00
2001 08 31 20 49 00 000  -19.00   -79.00
2001 08 31 20 50 00 000  -19.00   -76.00
2001 08 31 20 51 00 000  -19.00   -71.00
2001 08 31 20 52 00 000  -19.00   -68.00
2001 08 31 20 53 00 000  -19.00   -63.00
2001 08 31 20 54 00 000  -20.00   -59.00
2001 08 31 20 55 00 000  -19.00   -57.00
2001 08 31 20 56 00 000  -20.00   -57.00
2001 08 31 20 57 00 000  -20.00   -50.00
2001 08 31 20 58 00 000  -20.00   -50.00
2001 08 31 20 59 00 000  -20.00   -49.00
2001 08 31 21 00 00 000  -20.00   -46.00
2001 08 31 21 01 00 000  -20.00   -44.00
2001 08 31 21 02 00 000  -20.00   -45.00
2001 08 31 21 03 00 000  -20.00   -45.00
2001 08 31 21 04 00 000  -20.00   -43.00
2001 08 31 21 05 00 000  -20.00   -43.00
2001 08 31 21 06 00 000  -21.00   -42.00
2001 08 31 21 07 00 000  -20.00   -36.00
2001 08 31 21 08 00 000  -21.00   -37.00
2001 08 31 21 09 00 000  -21.00   -37.00
2001 08 31 21 10 00 000  -21.00   -42.00
2001 08 31 21 11 00 000  -21.00   -44.00
2001 08 31 21 12 00 000  -21.00   -52.00
2001 08 31 21 13 00 000  -21.00   -53.00
2001 08 31 21 14 00 000  -21.00   -56.00
2001 08 31 21 15 00 000  -21.00   -60.00
2001 08 31 21 16 00 000  -21.00   -65.00
2001 08 31 21 17 00 000  -21.00   -70.00
2001 08 31 21 18 00 000  -21.00   -68.00
2001 08 31 21 19 00 000  -21.00   -71.00
2001 08 31 21 20 00 000  -21.00   -75.00
2001 08 31 21 21 00 000  -21.00   -72.00
2001 08 31 21 22 00 000  -21.00   -70.00
2001 08 31 21 23 00 000  -21.00   -75.00
2001 08 31 21 24 00 000  -20.00   -72.00
2001 08 31 21 25 00 000  -20.00   -83.00
2001 08 31 21 26 00 000  -20.00   -75.00
2001 08 31 21 27 00 000  -20.00   -62.00
2001 08 31 21 28 00 000  -21.00   -51.00
2001 08 31 21 29 00 000  -21.00   -68.00
2001 08 31 21 30 00 000  -21.00   -74.00
2001 08 31 21 31 00 000  -21.00   -74.00
2001 08 31 21 32 00 000  -22.00   -79.00
2001 08 31 21 33 00 000  -22.00   -76.00
2001 08 31 21 34 00 000  -22.00   -71.00
2001 08 31 21 35 00 000  -22.00   -76.00
2001 08 31 21 36 00 000  -22.00   -85.00
2001 08 31 21 37 00 000  -21.00   -90.00
2001 08 31 21 38 00 000  -21.00   -86.00
2001 08 31 21 39 00 000  -21.00   -80.00
2001 08 31 21 40 00 000  -21.00   -77.00
2001 08 31 21 41 00 000  -21.00   -76.00
2001 08 31 21 42 00 000  -21.00   -83.00
2001 08 31 21 43 00 000  -21.00   -84.00
2001 08 31 21 44 00 000  -21.00   -80.00
2001 08 31 21 45 00 000  -21.00   -79.00
2001 08 31 21 46 00 000  -21.00   -84.00
2001 08 31 21 47 00 000  -21.00   -82.00
2001 08 31 21 48 00 000  -22.00   -76.00
2001 08 31 21 49 00 000  -21.00   -76.00
2001 08 31 21 50 00 000  -22.00   -71.00
2001 08 31 21 51 00 000  -21.00   -62.00
2001 08 31 21 52 00 000  -22.00   -52.00
2001 08 31 21 53 00 000  -22.00   -53.00
2001 08 31 21 54 00 000  -22.00   -60.00
2001 08 31 21 55 00 000  -22.00   -65.00
2001 08 31 21 56 00 000  -22.00   -59.00
2001 08 31 21 57 00 000  -22.00   -52.00
2001 08 31 21 58 00 000  -23.00   -54.00
2001 08 31 21 59 00 000  -22.00   -61.00
2001 08 31 22 00 00 000  -22.00   -56.00
2001 08 31 22 01 00 000  -22.00   -48.00
2001 08 31 22 02 00 000  -22.00   -47.00
2001 08 31 22 03 00 000  -21.00   -45.00
2001 08 31 22 04 00 000  -21.00   -44.00
2001 08 31 22 05 00 000  -22.00   -46.00
2001 08 31 22 06 00 000  -22.00   -46.00
2001 08 31 22 07 00 000  -22.00   -47.00
2001 08 31 22 08 00 000  -22.00   -44.00
2001 08 31 22 09 00 000  -22.00   -37.00
2001 08 31 22 10 00 000  -22.00   -40.00
2001 08 31 22 11 00 000  -22.00   -41.00
2001 08 31 22 12 00 000  -21.00   -44.00
2001 08 31 22 13 00 000  -21.00   -48.00
2001 08 31 22 14 00 000  -21.00   -49.00
2001 08 31 22 15 00 000  -21.00   -56.00
2001 08 31 22 16 00 000  -21.00   -64.00
2001 08 31 22 17 00 000  -20.00   -69.00
2001 08 31 22 18 00 000  -20.00   -68.00
2001 08 31 22 19 00 000  -20.00   -63.00
2001 08 31 22 20 00 000  -20.00   -50.00
2001 08 31 22 21 00 000  -20.00   -50.00
2001 08 31 22 22 00 000  -19.00   -52.00
2001 08 31 22 23 00 000  -18.00   -49.00
2001 08 31 22 24 00 000  -18.00   -53.00
2001 08 31 22 25 00 000  -18.00   -71.00
2001 08 31 22 26 00 000  -17.00   -83.00
2001 08 31 22 27 00 000  -17.00   -75.00
2001 08 31 22 28 00 000  -17.00   -63.00
2001 08 31 22 29 00 000  -17.00   -65.00
2001 08 31 22 30 00 000  -17.00   -72.00
2001 08 31 22 31 00 000  -17.00   -72.00
2001 08 31 22 32 00 000  -18.00   -63.00
2001 08 31 22 33 00 000  -18.00   -65.00
2001 08 31 22 34 00 000  -19.00   -66.00
2001 08 31 22 35 00 000  -19.00   -68.00
2001 08 31 22 36 00 000  -19.00   -67.00
2001 08 31 22 37 00 000  -20.00   -66.00
2001 08 31 22 38 00 000  -20.00   -68.00
2001 08 31 22 39 00 000  -20.00   -69.00
2001 08 31 22 40 00 000  -20.00   -71.00
2001 08 31 22 41 00 000  -20.00   -72.00
2001 08 31 22 42 00 000  -21.00   -73.00
2001 08 31 22 43 00 000  -20.00   -73.00
2001 08 31 22 44 00 000  -20.00   -73.00
2001 08 31 22 45 00 000  -21.00   -73.00
2001 08 31 22 46 00 000  -20.00   -71.00
2001 08 31 22 47 00 000  -20.00   -68.00
2001 08 31 22 48 00 000  -21.00   -65.00
2001 08 31 22 49 00 000  -21.00   -63.00
2001 08 31 22 50 00 000  -21.00   -61.00
2001 08 31 22 51 00 000  -21.00   -58.00
2001 08 31 22 52 00 000  -21.00   -56.00
2001 08 31 22 53 00 000  -21.00   -55.00
2001 08 31 22 54 00 000  -21.00   -53.00
2001 08 31 22 55 00 000  -21.00   -53.00
2001 08 31 22 56 00 000  -21.00   -49.00
2001 08 31 22 57 00 000  -21.00   -50.00
2001 08 31 22 58 00 000  -21.00   -49.00
2001 08 31 22 59 00 000  -22.00   -48.00
2001 08 31 23 00 00 000  -22.00   -49.00
2001 08 31 23 01 00 000  -22.00   -46.00
2001 08 31 23 02 00 000  -22.00   -45.00
2001 08 31 23 03 00 000  -22.00   -44.00
2001 08 31 23 04 00 000  -22.00   -41.00
2001 08 31 23 05 00 000  -22.00   -42.00
2001 08 31 23 06 00 000  -22.00   -40.00
2001 08 31 23 07 00 000  -22.00   -41.00
2001 08 31 23 08 00 000  -22.00   -37.00
2001 08 31 23 09 00 000  -22.00   -38.00
2001 08 31 23 10 00 000  -22.00   -37.00
2001 08 31 23 11 00 000  -22.00   -37.00
2001 08 31 23 12 00 000  -22.00   -37.00
2001 08 31 23 13 00 000  -22.00   -36.00
2001 08 31 23 14 00 000  -22.00   -37.00
2001 08 31 23 15 00 000  -22.00   -37.00
2001 08 31 23 16 00 000  -22.00   -37.00
2001 08 31 23 17 00 000  -22.00   -37.00
2001 08 31 23 18 00 000  -22.00   -37.00
2001 08 31 23 19 00 000  -22.00   -36.00
2001 08 31 23 20 00 000  -22.00   -34.00
2001 08 31 23 21 00 000  -22.00   -36.00
2001 08 31 23 22 00 000  -22.00   -46.00
2001 08 31 23 23 00 000  -22.00   -43.00
2001 08 31 23 24 00 000  -22.00   -38.00
2001 08 31 23 25 00 000  -22.00   -40.00
2001 08 31 23 26 00 000  -22.00   -37.00
2001 08 31 23 27 00 000  -22.00   -37.00
2001 08 31 23 28 00 000  -22.00   -38.00
2001 08 31 23 29 00 000  -22.00   -37.00
2001 08 31 23 30 00 000  -22.00   -37.00
2001 08 31 23 31 00 000  -22.00   -48.00
2001 08 31 23 32 00 000  -22.00   -38.00
2001 08 31 23 33 00 000  -22.00   -45.00
2001 08 31 23 34 00 000  -22.00   -43.00
2001 08 31 23 35 00 000  -21.00   -40.00
2001 08 31 23 36 00 000  -21.00   -35.00
2001 08 31 23 37 00 000  -22.00   -40.00
2001 08 31 23 38 00 000  -21.00   -45.00
2001 08 31 23 39 00 000  -21.00   -55.00
2001 08 31 23 40 00 000  -21.00   -57.00
2001 08 31 23 41 00 000  -21.00   -56.00
2001 08 31 23 42 00 000  -21.00   -61.00
2001 08 31 23 43 00 000  -21.00   -76.00
2001 08 31 23 44 00 000  -20.00   -73.00
2001 08 31 23 45 00 000  -20.00   -71.00
2001 08 31 23 46 00 000  -20.00   -71.00
2001 08 31 23 47 00 000  -20.00   -67.00
2001 08 31 23 48 00 000  -20.00   -71.00
2001 08 31 23 49 00 000  -20.00   -63.00
2001 08 31 23 50 00 000  -19.00   -76.00
2001 08 31 23 51 00 000  -19.00   -76.00
2001 08 31 23 52 00 000  -19.00   -66.00
2001 08 31 23 53 00 000  -19.00   -63.00
2001 08 31 23 54 00 000  -19.00   -58.00
2001 08 31 23 55 00 000  -19.00   -57.00
2001 08 31 23 56 00 000  -19.00   -58.00
2001 08 31 23 57 00 000  -19.00   -64.00
2001 08 31 23 58 00 000  -19.00   -78.00
2001 08 31 23 59 00 000  -19.00   -88.00
