Sym-H obtained from Kyoto WDC for SWPC Event 1
year mo dy hr mn sc msc dst_sm
2003 10 29 00 35 00 000  -39.00
2003 10 29 00 36 00 000  -40.00
2003 10 29 00 37 00 000  -41.00
2003 10 29 00 38 00 000  -42.00
2003 10 29 00 39 00 000  -43.00
2003 10 29 00 40 00 000  -43.00
2003 10 29 00 41 00 000  -42.00
2003 10 29 00 42 00 000  -42.00
2003 10 29 00 43 00 000  -43.00
2003 10 29 00 44 00 000  -44.00
2003 10 29 00 45 00 000  -44.00
2003 10 29 00 46 00 000  -44.00
2003 10 29 00 47 00 000  -44.00
2003 10 29 00 48 00 000  -44.00
2003 10 29 00 49 00 000  -45.00
2003 10 29 00 50 00 000  -45.00
2003 10 29 00 51 00 000  -47.00
2003 10 29 00 52 00 000  -47.00
2003 10 29 00 53 00 000  -48.00
2003 10 29 00 54 00 000  -48.00
2003 10 29 00 55 00 000  -48.00
2003 10 29 00 56 00 000  -48.00
2003 10 29 00 57 00 000  -48.00
2003 10 29 00 58 00 000  -48.00
2003 10 29 00 59 00 000  -48.00
2003 10 29 01 00 00 000  -48.00
2003 10 29 01 01 00 000  -48.00
2003 10 29 01 02 00 000  -49.00
2003 10 29 01 03 00 000  -49.00
2003 10 29 01 04 00 000  -49.00
2003 10 29 01 05 00 000  -49.00
2003 10 29 01 06 00 000  -49.00
2003 10 29 01 07 00 000  -49.00
2003 10 29 01 08 00 000  -49.00
2003 10 29 01 09 00 000  -49.00
2003 10 29 01 10 00 000  -48.00
2003 10 29 01 11 00 000  -48.00
2003 10 29 01 12 00 000  -48.00
2003 10 29 01 13 00 000  -48.00
2003 10 29 01 14 00 000  -48.00
2003 10 29 01 15 00 000  -47.00
2003 10 29 01 16 00 000  -48.00
2003 10 29 01 17 00 000  -48.00
2003 10 29 01 18 00 000  -48.00
2003 10 29 01 19 00 000  -48.00
2003 10 29 01 20 00 000  -47.00
2003 10 29 01 21 00 000  -47.00
2003 10 29 01 22 00 000  -48.00
2003 10 29 01 23 00 000  -47.00
2003 10 29 01 24 00 000  -47.00
2003 10 29 01 25 00 000  -46.00
2003 10 29 01 26 00 000  -45.00
2003 10 29 01 27 00 000  -43.00
2003 10 29 01 28 00 000  -42.00
2003 10 29 01 29 00 000  -42.00
2003 10 29 01 30 00 000  -43.00
2003 10 29 01 31 00 000  -44.00
2003 10 29 01 32 00 000  -44.00
2003 10 29 01 33 00 000  -43.00
2003 10 29 01 34 00 000  -42.00
2003 10 29 01 35 00 000  -42.00
2003 10 29 01 36 00 000  -41.00
2003 10 29 01 37 00 000  -42.00
2003 10 29 01 38 00 000  -42.00
2003 10 29 01 39 00 000  -43.00
2003 10 29 01 40 00 000  -42.00
2003 10 29 01 41 00 000  -42.00
2003 10 29 01 42 00 000  -43.00
2003 10 29 01 43 00 000  -42.00
2003 10 29 01 44 00 000  -42.00
2003 10 29 01 45 00 000  -42.00
2003 10 29 01 46 00 000  -42.00
2003 10 29 01 47 00 000  -43.00
2003 10 29 01 48 00 000  -43.00
2003 10 29 01 49 00 000  -43.00
2003 10 29 01 50 00 000  -43.00
2003 10 29 01 51 00 000  -43.00
2003 10 29 01 52 00 000  -44.00
2003 10 29 01 53 00 000  -44.00
2003 10 29 01 54 00 000  -44.00
2003 10 29 01 55 00 000  -44.00
2003 10 29 01 56 00 000  -44.00
2003 10 29 01 57 00 000  -43.00
2003 10 29 01 58 00 000  -43.00
2003 10 29 01 59 00 000  -43.00
2003 10 29 02 00 00 000  -44.00
2003 10 29 02 01 00 000  -43.00
2003 10 29 02 02 00 000  -43.00
2003 10 29 02 03 00 000  -42.00
2003 10 29 02 04 00 000  -41.00
2003 10 29 02 05 00 000  -41.00
2003 10 29 02 06 00 000  -41.00
2003 10 29 02 07 00 000  -41.00
2003 10 29 02 08 00 000  -40.00
2003 10 29 02 09 00 000  -40.00
2003 10 29 02 10 00 000  -39.00
2003 10 29 02 11 00 000  -39.00
2003 10 29 02 12 00 000  -38.00
2003 10 29 02 13 00 000  -37.00
2003 10 29 02 14 00 000  -36.00
2003 10 29 02 15 00 000  -35.00
2003 10 29 02 16 00 000  -37.00
2003 10 29 02 17 00 000  -37.00
2003 10 29 02 18 00 000  -37.00
2003 10 29 02 19 00 000  -37.00
2003 10 29 02 20 00 000  -36.00
2003 10 29 02 21 00 000  -36.00
2003 10 29 02 22 00 000  -36.00
2003 10 29 02 23 00 000  -36.00
2003 10 29 02 24 00 000  -35.00
2003 10 29 02 25 00 000  -35.00
2003 10 29 02 26 00 000  -35.00
2003 10 29 02 27 00 000  -34.00
2003 10 29 02 28 00 000  -34.00
2003 10 29 02 29 00 000  -33.00
2003 10 29 02 30 00 000  -33.00
2003 10 29 02 31 00 000  -32.00
2003 10 29 02 32 00 000  -32.00
2003 10 29 02 33 00 000  -32.00
2003 10 29 02 34 00 000  -32.00
2003 10 29 02 35 00 000  -32.00
2003 10 29 02 36 00 000  -31.00
2003 10 29 02 37 00 000  -30.00
2003 10 29 02 38 00 000  -30.00
2003 10 29 02 39 00 000  -29.00
2003 10 29 02 40 00 000  -29.00
2003 10 29 02 41 00 000  -28.00
2003 10 29 02 42 00 000  -27.00
2003 10 29 02 43 00 000  -27.00
2003 10 29 02 44 00 000  -27.00
2003 10 29 02 45 00 000  -27.00
2003 10 29 02 46 00 000  -27.00
2003 10 29 02 47 00 000  -29.00
2003 10 29 02 48 00 000  -29.00
2003 10 29 02 49 00 000  -29.00
2003 10 29 02 50 00 000  -30.00
2003 10 29 02 51 00 000  -31.00
2003 10 29 02 52 00 000  -31.00
2003 10 29 02 53 00 000  -31.00
2003 10 29 02 54 00 000  -32.00
2003 10 29 02 55 00 000  -33.00
2003 10 29 02 56 00 000  -32.00
2003 10 29 02 57 00 000  -32.00
2003 10 29 02 58 00 000  -32.00
2003 10 29 02 59 00 000  -32.00
2003 10 29 03 00 00 000  -29.00
2003 10 29 03 01 00 000  -29.00
2003 10 29 03 02 00 000  -28.00
2003 10 29 03 03 00 000  -28.00
2003 10 29 03 04 00 000  -27.00
2003 10 29 03 05 00 000  -28.00
2003 10 29 03 06 00 000  -29.00
2003 10 29 03 07 00 000  -29.00
2003 10 29 03 08 00 000  -29.00
2003 10 29 03 09 00 000  -29.00
2003 10 29 03 10 00 000  -29.00
2003 10 29 03 11 00 000  -29.00
2003 10 29 03 12 00 000  -29.00
2003 10 29 03 13 00 000  -29.00
2003 10 29 03 14 00 000  -29.00
2003 10 29 03 15 00 000  -30.00
2003 10 29 03 16 00 000  -30.00
2003 10 29 03 17 00 000  -31.00
2003 10 29 03 18 00 000  -31.00
2003 10 29 03 19 00 000  -32.00
2003 10 29 03 20 00 000  -33.00
2003 10 29 03 21 00 000  -33.00
2003 10 29 03 22 00 000  -33.00
2003 10 29 03 23 00 000  -33.00
2003 10 29 03 24 00 000  -32.00
2003 10 29 03 25 00 000  -32.00
2003 10 29 03 26 00 000  -32.00
2003 10 29 03 27 00 000  -31.00
2003 10 29 03 28 00 000  -33.00
2003 10 29 03 29 00 000  -33.00
2003 10 29 03 30 00 000  -32.00
2003 10 29 03 31 00 000  -31.00
2003 10 29 03 32 00 000  -31.00
2003 10 29 03 33 00 000  -31.00
2003 10 29 03 34 00 000  -32.00
2003 10 29 03 35 00 000  -32.00
2003 10 29 03 36 00 000  -31.00
2003 10 29 03 37 00 000  -31.00
2003 10 29 03 38 00 000  -31.00
2003 10 29 03 39 00 000  -31.00
2003 10 29 03 40 00 000  -32.00
2003 10 29 03 41 00 000  -32.00
2003 10 29 03 42 00 000  -32.00
2003 10 29 03 43 00 000  -33.00
2003 10 29 03 44 00 000  -32.00
2003 10 29 03 45 00 000  -33.00
2003 10 29 03 46 00 000  -34.00
2003 10 29 03 47 00 000  -34.00
2003 10 29 03 48 00 000  -35.00
2003 10 29 03 49 00 000  -36.00
2003 10 29 03 50 00 000  -35.00
2003 10 29 03 51 00 000  -34.00
2003 10 29 03 52 00 000  -33.00
2003 10 29 03 53 00 000  -35.00
2003 10 29 03 54 00 000  -36.00
2003 10 29 03 55 00 000  -37.00
2003 10 29 03 56 00 000  -37.00
2003 10 29 03 57 00 000  -37.00
2003 10 29 03 58 00 000  -37.00
2003 10 29 03 59 00 000  -37.00
2003 10 29 04 00 00 000  -37.00
2003 10 29 04 01 00 000  -37.00
2003 10 29 04 02 00 000  -38.00
2003 10 29 04 03 00 000  -39.00
2003 10 29 04 04 00 000  -37.00
2003 10 29 04 05 00 000  -36.00
2003 10 29 04 06 00 000  -36.00
2003 10 29 04 07 00 000  -36.00
2003 10 29 04 08 00 000  -35.00
2003 10 29 04 09 00 000  -36.00
2003 10 29 04 10 00 000  -36.00
2003 10 29 04 11 00 000  -36.00
2003 10 29 04 12 00 000  -36.00
2003 10 29 04 13 00 000  -35.00
2003 10 29 04 14 00 000  -36.00
2003 10 29 04 15 00 000  -37.00
2003 10 29 04 16 00 000  -36.00
2003 10 29 04 17 00 000  -35.00
2003 10 29 04 18 00 000  -36.00
2003 10 29 04 19 00 000  -35.00
2003 10 29 04 20 00 000  -36.00
2003 10 29 04 21 00 000  -36.00
2003 10 29 04 22 00 000  -36.00
2003 10 29 04 23 00 000  -36.00
2003 10 29 04 24 00 000  -35.00
2003 10 29 04 25 00 000  -34.00
2003 10 29 04 26 00 000  -33.00
2003 10 29 04 27 00 000  -33.00
2003 10 29 04 28 00 000  -33.00
2003 10 29 04 29 00 000  -32.00
2003 10 29 04 30 00 000  -32.00
2003 10 29 04 31 00 000  -33.00
2003 10 29 04 32 00 000  -33.00
2003 10 29 04 33 00 000  -33.00
2003 10 29 04 34 00 000  -33.00
2003 10 29 04 35 00 000  -34.00
2003 10 29 04 36 00 000  -35.00
2003 10 29 04 37 00 000  -36.00
2003 10 29 04 38 00 000  -37.00
2003 10 29 04 39 00 000  -37.00
2003 10 29 04 40 00 000  -37.00
2003 10 29 04 41 00 000  -37.00
2003 10 29 04 42 00 000  -37.00
2003 10 29 04 43 00 000  -37.00
2003 10 29 04 44 00 000  -38.00
2003 10 29 04 45 00 000  -37.00
2003 10 29 04 46 00 000  -38.00
2003 10 29 04 47 00 000  -37.00
2003 10 29 04 48 00 000  -37.00
2003 10 29 04 49 00 000  -36.00
2003 10 29 04 50 00 000  -36.00
2003 10 29 04 51 00 000  -36.00
2003 10 29 04 52 00 000  -37.00
2003 10 29 04 53 00 000  -37.00
2003 10 29 04 54 00 000  -37.00
2003 10 29 04 55 00 000  -37.00
2003 10 29 04 56 00 000  -37.00
2003 10 29 04 57 00 000  -38.00
2003 10 29 04 58 00 000  -38.00
2003 10 29 04 59 00 000  -39.00
2003 10 29 05 00 00 000  -40.00
2003 10 29 05 01 00 000  -38.00
2003 10 29 05 02 00 000  -36.00
2003 10 29 05 03 00 000  -37.00
2003 10 29 05 04 00 000  -38.00
2003 10 29 05 05 00 000  -39.00
2003 10 29 05 06 00 000  -40.00
2003 10 29 05 07 00 000  -40.00
2003 10 29 05 08 00 000  -40.00
2003 10 29 05 09 00 000  -40.00
2003 10 29 05 10 00 000  -40.00
2003 10 29 05 11 00 000  -39.00
2003 10 29 05 12 00 000  -39.00
2003 10 29 05 13 00 000  -39.00
2003 10 29 05 14 00 000  -40.00
2003 10 29 05 15 00 000  -41.00
2003 10 29 05 16 00 000  -41.00
2003 10 29 05 17 00 000  -42.00
2003 10 29 05 18 00 000  -41.00
2003 10 29 05 19 00 000  -42.00
2003 10 29 05 20 00 000  -43.00
2003 10 29 05 21 00 000  -43.00
2003 10 29 05 22 00 000  -43.00
2003 10 29 05 23 00 000  -42.00
2003 10 29 05 24 00 000  -42.00
2003 10 29 05 25 00 000  -42.00
2003 10 29 05 26 00 000  -41.00
2003 10 29 05 27 00 000  -41.00
2003 10 29 05 28 00 000  -41.00
2003 10 29 05 29 00 000  -41.00
2003 10 29 05 30 00 000  -41.00
2003 10 29 05 31 00 000  -42.00
2003 10 29 05 32 00 000  -42.00
2003 10 29 05 33 00 000  -41.00
2003 10 29 05 34 00 000  -41.00
2003 10 29 05 35 00 000  -40.00
2003 10 29 05 36 00 000  -40.00
2003 10 29 05 37 00 000  -40.00
2003 10 29 05 38 00 000  -40.00
2003 10 29 05 39 00 000  -41.00
2003 10 29 05 40 00 000  -41.00
2003 10 29 05 41 00 000  -41.00
2003 10 29 05 42 00 000  -41.00
2003 10 29 05 43 00 000  -40.00
2003 10 29 05 44 00 000  -39.00
2003 10 29 05 45 00 000  -39.00
2003 10 29 05 46 00 000  -38.00
2003 10 29 05 47 00 000  -38.00
2003 10 29 05 48 00 000  -37.00
2003 10 29 05 49 00 000  -37.00
2003 10 29 05 50 00 000  -38.00
2003 10 29 05 51 00 000  -38.00
2003 10 29 05 52 00 000  -36.00
2003 10 29 05 53 00 000  -35.00
2003 10 29 05 54 00 000  -36.00
2003 10 29 05 55 00 000  -36.00
2003 10 29 05 56 00 000  -37.00
2003 10 29 05 57 00 000  -37.00
2003 10 29 05 58 00 000  -37.00
2003 10 29 05 59 00 000  -35.00
2003 10 29 06 00 00 000  -34.00
2003 10 29 06 01 00 000  -34.00
2003 10 29 06 02 00 000  -35.00
2003 10 29 06 03 00 000  -34.00
2003 10 29 06 04 00 000  -34.00
2003 10 29 06 05 00 000  -33.00
2003 10 29 06 06 00 000  -33.00
2003 10 29 06 07 00 000  -31.00
2003 10 29 06 08 00 000  -31.00
2003 10 29 06 09 00 000  -32.00
2003 10 29 06 10 00 000  -31.00
2003 10 29 06 11 00 000  -18.00
2003 10 29 06 12 00 000   41.00
2003 10 29 06 13 00 000   44.00
2003 10 29 06 14 00 000   49.00
2003 10 29 06 15 00 000   38.00
2003 10 29 06 16 00 000   37.00
2003 10 29 06 17 00 000   32.00
2003 10 29 06 18 00 000   30.00
2003 10 29 06 19 00 000   29.00
2003 10 29 06 20 00 000   24.00
2003 10 29 06 21 00 000   21.00
2003 10 29 06 22 00 000   21.00
2003 10 29 06 23 00 000   21.00
2003 10 29 06 24 00 000   19.00
2003 10 29 06 25 00 000   21.00
2003 10 29 06 26 00 000   18.00
2003 10 29 06 27 00 000   16.00
2003 10 29 06 28 00 000   13.00
2003 10 29 06 29 00 000    4.00
2003 10 29 06 30 00 000    3.00
2003 10 29 06 31 00 000   22.00
2003 10 29 06 32 00 000   -1.00
2003 10 29 06 33 00 000    2.00
2003 10 29 06 34 00 000    4.00
2003 10 29 06 35 00 000    3.00
2003 10 29 06 36 00 000   -1.00
2003 10 29 06 37 00 000    1.00
2003 10 29 06 38 00 000    2.00
2003 10 29 06 39 00 000   -7.00
2003 10 29 06 40 00 000  -10.00
2003 10 29 06 41 00 000  -13.00
2003 10 29 06 42 00 000  -16.00
2003 10 29 06 43 00 000  -13.00
2003 10 29 06 44 00 000    2.00
2003 10 29 06 45 00 000   12.00
2003 10 29 06 46 00 000   -7.00
2003 10 29 06 47 00 000  -18.00
2003 10 29 06 48 00 000   10.00
2003 10 29 06 49 00 000   10.00
2003 10 29 06 50 00 000   13.00
2003 10 29 06 51 00 000    7.00
2003 10 29 06 52 00 000    1.00
2003 10 29 06 53 00 000   -8.00
2003 10 29 06 54 00 000  -12.00
2003 10 29 06 55 00 000  -17.00
2003 10 29 06 56 00 000  -14.00
2003 10 29 06 57 00 000  -25.00
2003 10 29 06 58 00 000  -18.00
2003 10 29 06 59 00 000  -21.00
2003 10 29 07 00 00 000  -20.00
2003 10 29 07 01 00 000  -32.00
2003 10 29 07 02 00 000  -36.00
2003 10 29 07 03 00 000  -39.00
2003 10 29 07 04 00 000  -34.00
2003 10 29 07 05 00 000  -52.00
2003 10 29 07 06 00 000  -60.00
2003 10 29 07 07 00 000  -60.00
2003 10 29 07 08 00 000  -59.00
2003 10 29 07 09 00 000  -39.00
2003 10 29 07 10 00 000  -42.00
2003 10 29 07 11 00 000  -44.00
2003 10 29 07 12 00 000  -60.00
2003 10 29 07 13 00 000  -63.00
2003 10 29 07 14 00 000  -59.00
2003 10 29 07 15 00 000  -58.00
2003 10 29 07 16 00 000  -58.00
2003 10 29 07 17 00 000  -55.00
2003 10 29 07 18 00 000  -57.00
2003 10 29 07 19 00 000  -57.00
2003 10 29 07 20 00 000  -63.00
2003 10 29 07 21 00 000  -66.00
2003 10 29 07 22 00 000  -71.00
2003 10 29 07 23 00 000  -79.00
2003 10 29 07 24 00 000  -82.00
2003 10 29 07 25 00 000  -81.00
2003 10 29 07 26 00 000  -89.00
2003 10 29 07 27 00 000  -92.00
2003 10 29 07 28 00 000  -93.00
2003 10 29 07 29 00 000  -98.00
2003 10 29 07 30 00 000  -90.00
2003 10 29 07 31 00 000  -97.00
2003 10 29 07 32 00 000 -101.00
2003 10 29 07 33 00 000 -103.00
2003 10 29 07 34 00 000 -104.00
2003 10 29 07 35 00 000 -105.00
2003 10 29 07 36 00 000 -107.00
2003 10 29 07 37 00 000 -112.00
2003 10 29 07 38 00 000 -117.00
2003 10 29 07 39 00 000 -129.00
2003 10 29 07 40 00 000 -135.00
2003 10 29 07 41 00 000 -134.00
2003 10 29 07 42 00 000 -140.00
2003 10 29 07 43 00 000 -142.00
2003 10 29 07 44 00 000 -145.00
2003 10 29 07 45 00 000 -148.00
2003 10 29 07 46 00 000 -145.00
2003 10 29 07 47 00 000 -141.00
2003 10 29 07 48 00 000 -140.00
2003 10 29 07 49 00 000 -140.00
2003 10 29 07 50 00 000 -141.00
2003 10 29 07 51 00 000 -139.00
2003 10 29 07 52 00 000 -142.00
2003 10 29 07 53 00 000 -135.00
2003 10 29 07 54 00 000 -139.00
2003 10 29 07 55 00 000 -143.00
2003 10 29 07 56 00 000 -142.00
2003 10 29 07 57 00 000 -140.00
2003 10 29 07 58 00 000 -143.00
2003 10 29 07 59 00 000 -143.00
2003 10 29 08 00 00 000 -153.00
2003 10 29 08 01 00 000 -150.00
2003 10 29 08 02 00 000 -148.00
2003 10 29 08 03 00 000 -151.00
2003 10 29 08 04 00 000 -148.00
2003 10 29 08 05 00 000 -143.00
2003 10 29 08 06 00 000 -145.00
2003 10 29 08 07 00 000 -145.00
2003 10 29 08 08 00 000 -148.00
2003 10 29 08 09 00 000 -147.00
2003 10 29 08 10 00 000 -149.00
2003 10 29 08 11 00 000 -149.00
2003 10 29 08 12 00 000 -147.00
2003 10 29 08 13 00 000 -145.00
2003 10 29 08 14 00 000 -147.00
2003 10 29 08 15 00 000 -149.00
2003 10 29 08 16 00 000 -147.00
2003 10 29 08 17 00 000 -148.00
2003 10 29 08 18 00 000 -144.00
2003 10 29 08 19 00 000 -148.00
2003 10 29 08 20 00 000 -153.00
2003 10 29 08 21 00 000 -153.00
2003 10 29 08 22 00 000 -151.00
2003 10 29 08 23 00 000 -152.00
2003 10 29 08 24 00 000 -151.00
2003 10 29 08 25 00 000 -150.00
2003 10 29 08 26 00 000 -151.00
2003 10 29 08 27 00 000 -151.00
2003 10 29 08 28 00 000 -151.00
2003 10 29 08 29 00 000 -154.00
2003 10 29 08 30 00 000 -151.00
2003 10 29 08 31 00 000 -156.00
2003 10 29 08 32 00 000 -155.00
2003 10 29 08 33 00 000 -154.00
2003 10 29 08 34 00 000 -156.00
2003 10 29 08 35 00 000 -158.00
2003 10 29 08 36 00 000 -157.00
2003 10 29 08 37 00 000 -159.00
2003 10 29 08 38 00 000 -160.00
2003 10 29 08 39 00 000 -160.00
2003 10 29 08 40 00 000 -163.00
2003 10 29 08 41 00 000 -164.00
2003 10 29 08 42 00 000 -164.00
2003 10 29 08 43 00 000 -166.00
2003 10 29 08 44 00 000 -166.00
2003 10 29 08 45 00 000 -165.00
2003 10 29 08 46 00 000 -164.00
2003 10 29 08 47 00 000 -167.00
2003 10 29 08 48 00 000 -170.00
2003 10 29 08 49 00 000 -172.00
2003 10 29 08 50 00 000 -173.00
2003 10 29 08 51 00 000 -177.00
2003 10 29 08 52 00 000 -181.00
2003 10 29 08 53 00 000 -192.00
2003 10 29 08 54 00 000 -199.00
2003 10 29 08 55 00 000 -187.00
2003 10 29 08 56 00 000 -202.00
2003 10 29 08 57 00 000 -223.00
2003 10 29 08 58 00 000 -217.00
2003 10 29 08 59 00 000 -211.00
2003 10 29 09 00 00 000 -212.00
2003 10 29 09 01 00 000 -214.00
2003 10 29 09 02 00 000 -212.00
2003 10 29 09 03 00 000 -211.00
2003 10 29 09 04 00 000 -213.00
2003 10 29 09 05 00 000 -211.00
2003 10 29 09 06 00 000 -207.00
2003 10 29 09 07 00 000 -205.00
2003 10 29 09 08 00 000 -204.00
2003 10 29 09 09 00 000 -196.00
2003 10 29 09 10 00 000 -192.00
2003 10 29 09 11 00 000 -190.00
2003 10 29 09 12 00 000 -186.00
2003 10 29 09 13 00 000 -181.00
2003 10 29 09 14 00 000 -185.00
2003 10 29 09 15 00 000 -189.00
2003 10 29 09 16 00 000 -182.00
2003 10 29 09 17 00 000 -180.00
2003 10 29 09 18 00 000 -185.00
2003 10 29 09 19 00 000 -186.00
2003 10 29 09 20 00 000 -183.00
2003 10 29 09 21 00 000 -180.00
2003 10 29 09 22 00 000 -179.00
2003 10 29 09 23 00 000 -177.00
2003 10 29 09 24 00 000 -174.00
2003 10 29 09 25 00 000 -172.00
2003 10 29 09 26 00 000 -173.00
2003 10 29 09 27 00 000 -173.00
2003 10 29 09 28 00 000 -175.00
2003 10 29 09 29 00 000 -173.00
2003 10 29 09 30 00 000 -170.00
2003 10 29 09 31 00 000 -176.00
2003 10 29 09 32 00 000 -176.00
2003 10 29 09 33 00 000 -175.00
2003 10 29 09 34 00 000 -175.00
2003 10 29 09 35 00 000 -173.00
2003 10 29 09 36 00 000 -182.00
2003 10 29 09 37 00 000 -183.00
2003 10 29 09 38 00 000 -177.00
2003 10 29 09 39 00 000 -177.00
2003 10 29 09 40 00 000 -182.00
2003 10 29 09 41 00 000 -187.00
2003 10 29 09 42 00 000 -191.00
2003 10 29 09 43 00 000 -193.00
2003 10 29 09 44 00 000 -196.00
2003 10 29 09 45 00 000 -194.00
2003 10 29 09 46 00 000 -190.00
2003 10 29 09 47 00 000 -190.00
2003 10 29 09 48 00 000 -193.00
2003 10 29 09 49 00 000 -192.00
2003 10 29 09 50 00 000 -190.00
2003 10 29 09 51 00 000 -185.00
2003 10 29 09 52 00 000 -184.00
2003 10 29 09 53 00 000 -176.00
2003 10 29 09 54 00 000 -161.00
2003 10 29 09 55 00 000 -151.00
2003 10 29 09 56 00 000 -161.00
2003 10 29 09 57 00 000 -172.00
2003 10 29 09 58 00 000 -169.00
2003 10 29 09 59 00 000 -164.00
2003 10 29 10 00 00 000 -164.00
2003 10 29 10 01 00 000 -164.00
2003 10 29 10 02 00 000 -164.00
2003 10 29 10 03 00 000 -165.00
2003 10 29 10 04 00 000 -163.00
2003 10 29 10 05 00 000 -165.00
2003 10 29 10 06 00 000 -165.00
2003 10 29 10 07 00 000 -163.00
2003 10 29 10 08 00 000 -165.00
2003 10 29 10 09 00 000 -167.00
2003 10 29 10 10 00 000 -166.00
2003 10 29 10 11 00 000 -163.00
2003 10 29 10 12 00 000 -163.00
2003 10 29 10 13 00 000 -163.00
2003 10 29 10 14 00 000 -163.00
2003 10 29 10 15 00 000 -151.00
2003 10 29 10 16 00 000 -150.00
2003 10 29 10 17 00 000 -160.00
2003 10 29 10 18 00 000 -164.00
2003 10 29 10 19 00 000 -162.00
2003 10 29 10 20 00 000 -155.00
2003 10 29 10 21 00 000 -152.00
2003 10 29 10 22 00 000 -149.00
2003 10 29 10 23 00 000 -142.00
2003 10 29 10 24 00 000 -154.00
2003 10 29 10 25 00 000 -173.00
2003 10 29 10 26 00 000 -201.00
2003 10 29 10 27 00 000 -199.00
2003 10 29 10 28 00 000 -192.00
2003 10 29 10 29 00 000 -190.00
2003 10 29 10 30 00 000 -193.00
2003 10 29 10 31 00 000 -195.00
2003 10 29 10 32 00 000 -194.00
2003 10 29 10 33 00 000 -196.00
2003 10 29 10 34 00 000 -195.00
2003 10 29 10 35 00 000 -193.00
2003 10 29 10 36 00 000 -191.00
2003 10 29 10 37 00 000 -191.00
2003 10 29 10 38 00 000 -187.00
2003 10 29 10 39 00 000 -191.00
2003 10 29 10 40 00 000 -189.00
2003 10 29 10 41 00 000 -184.00
2003 10 29 10 42 00 000 -178.00
2003 10 29 10 43 00 000 -181.00
2003 10 29 10 44 00 000 -174.00
2003 10 29 10 45 00 000 -175.00
2003 10 29 10 46 00 000 -172.00
2003 10 29 10 47 00 000 -176.00
2003 10 29 10 48 00 000 -171.00
2003 10 29 10 49 00 000 -163.00
2003 10 29 10 50 00 000 -173.00
2003 10 29 10 51 00 000 -176.00
2003 10 29 10 52 00 000 -174.00
2003 10 29 10 53 00 000 -176.00
2003 10 29 10 54 00 000 -175.00
2003 10 29 10 55 00 000 -170.00
2003 10 29 10 56 00 000 -169.00
2003 10 29 10 57 00 000 -165.00
2003 10 29 10 58 00 000 -162.00
2003 10 29 10 59 00 000 -164.00
2003 10 29 11 00 00 000 -158.00
2003 10 29 11 01 00 000 -162.00
2003 10 29 11 02 00 000 -153.00
2003 10 29 11 03 00 000 -160.00
2003 10 29 11 04 00 000 -157.00
2003 10 29 11 05 00 000 -154.00
2003 10 29 11 06 00 000 -167.00
2003 10 29 11 07 00 000 -159.00
2003 10 29 11 08 00 000 -159.00
2003 10 29 11 09 00 000 -158.00
2003 10 29 11 10 00 000 -162.00
2003 10 29 11 11 00 000 -157.00
2003 10 29 11 12 00 000 -156.00
2003 10 29 11 13 00 000 -159.00
2003 10 29 11 14 00 000 -157.00
2003 10 29 11 15 00 000 -154.00
2003 10 29 11 16 00 000 -156.00
2003 10 29 11 17 00 000 -157.00
2003 10 29 11 18 00 000 -156.00
2003 10 29 11 19 00 000 -162.00
2003 10 29 11 20 00 000 -159.00
2003 10 29 11 21 00 000 -164.00
2003 10 29 11 22 00 000 -167.00
2003 10 29 11 23 00 000 -163.00
2003 10 29 11 24 00 000 -167.00
2003 10 29 11 25 00 000 -179.00
2003 10 29 11 26 00 000 -169.00
2003 10 29 11 27 00 000 -169.00
2003 10 29 11 28 00 000 -182.00
2003 10 29 11 29 00 000 -207.00
2003 10 29 11 30 00 000 -196.00
2003 10 29 11 31 00 000 -181.00
2003 10 29 11 32 00 000 -186.00
2003 10 29 11 33 00 000 -190.00
2003 10 29 11 34 00 000 -190.00
2003 10 29 11 35 00 000 -184.00
2003 10 29 11 36 00 000 -183.00
2003 10 29 11 37 00 000 -181.00
2003 10 29 11 38 00 000 -176.00
2003 10 29 11 39 00 000 -175.00
2003 10 29 11 40 00 000 -175.00
2003 10 29 11 41 00 000 -179.00
2003 10 29 11 42 00 000 -178.00
2003 10 29 11 43 00 000 -174.00
2003 10 29 11 44 00 000 -173.00
2003 10 29 11 45 00 000 -173.00
2003 10 29 11 46 00 000 -176.00
2003 10 29 11 47 00 000 -174.00
2003 10 29 11 48 00 000 -173.00
2003 10 29 11 49 00 000 -171.00
2003 10 29 11 50 00 000 -169.00
2003 10 29 11 51 00 000 -166.00
2003 10 29 11 52 00 000 -160.00
2003 10 29 11 53 00 000 -158.00
2003 10 29 11 54 00 000 -159.00
2003 10 29 11 55 00 000 -160.00
2003 10 29 11 56 00 000 -160.00
2003 10 29 11 57 00 000 -160.00
2003 10 29 11 58 00 000 -156.00
2003 10 29 11 59 00 000 -146.00
2003 10 29 12 00 00 000 -139.00
2003 10 29 12 01 00 000 -140.00
2003 10 29 12 02 00 000 -145.00
2003 10 29 12 03 00 000 -137.00
2003 10 29 12 04 00 000 -132.00
2003 10 29 12 05 00 000 -138.00
2003 10 29 12 06 00 000 -134.00
2003 10 29 12 07 00 000 -122.00
2003 10 29 12 08 00 000 -138.00
2003 10 29 12 09 00 000 -140.00
2003 10 29 12 10 00 000 -130.00
2003 10 29 12 11 00 000 -130.00
2003 10 29 12 12 00 000 -129.00
2003 10 29 12 13 00 000 -131.00
2003 10 29 12 14 00 000 -128.00
2003 10 29 12 15 00 000 -127.00
2003 10 29 12 16 00 000 -127.00
2003 10 29 12 17 00 000 -120.00
2003 10 29 12 18 00 000 -124.00
2003 10 29 12 19 00 000 -130.00
2003 10 29 12 20 00 000 -127.00
2003 10 29 12 21 00 000 -122.00
2003 10 29 12 22 00 000 -122.00
2003 10 29 12 23 00 000 -118.00
2003 10 29 12 24 00 000 -122.00
2003 10 29 12 25 00 000 -119.00
2003 10 29 12 26 00 000 -116.00
2003 10 29 12 27 00 000 -124.00
2003 10 29 12 28 00 000 -126.00
2003 10 29 12 29 00 000 -111.00
2003 10 29 12 30 00 000 -115.00
2003 10 29 12 31 00 000 -125.00
2003 10 29 12 32 00 000 -118.00
2003 10 29 12 33 00 000 -116.00
2003 10 29 12 34 00 000 -119.00
2003 10 29 12 35 00 000 -117.00
2003 10 29 12 36 00 000 -117.00
2003 10 29 12 37 00 000 -117.00
2003 10 29 12 38 00 000 -115.00
2003 10 29 12 39 00 000 -115.00
2003 10 29 12 40 00 000 -114.00
2003 10 29 12 41 00 000 -113.00
2003 10 29 12 42 00 000 -114.00
2003 10 29 12 43 00 000 -120.00
2003 10 29 12 44 00 000 -121.00
2003 10 29 12 45 00 000 -115.00
2003 10 29 12 46 00 000 -121.00
2003 10 29 12 47 00 000 -125.00
2003 10 29 12 48 00 000 -119.00
2003 10 29 12 49 00 000 -115.00
2003 10 29 12 50 00 000 -113.00
2003 10 29 12 51 00 000  -96.00
2003 10 29 12 52 00 000 -103.00
2003 10 29 12 53 00 000 -104.00
2003 10 29 12 54 00 000  -97.00
2003 10 29 12 55 00 000 -100.00
2003 10 29 12 56 00 000  -95.00
2003 10 29 12 57 00 000  -96.00
2003 10 29 12 58 00 000  -94.00
2003 10 29 12 59 00 000  -87.00
2003 10 29 13 00 00 000  -91.00
2003 10 29 13 01 00 000  -92.00
2003 10 29 13 02 00 000  -93.00
2003 10 29 13 03 00 000  -95.00
2003 10 29 13 04 00 000  -94.00
2003 10 29 13 05 00 000  -98.00
2003 10 29 13 06 00 000  -97.00
2003 10 29 13 07 00 000  -91.00
2003 10 29 13 08 00 000  -94.00
2003 10 29 13 09 00 000 -101.00
2003 10 29 13 10 00 000  -87.00
2003 10 29 13 11 00 000  -85.00
2003 10 29 13 12 00 000  -76.00
2003 10 29 13 13 00 000  -86.00
2003 10 29 13 14 00 000  -81.00
2003 10 29 13 15 00 000  -67.00
2003 10 29 13 16 00 000  -77.00
2003 10 29 13 17 00 000  -81.00
2003 10 29 13 18 00 000  -73.00
2003 10 29 13 19 00 000  -64.00
2003 10 29 13 20 00 000  -67.00
2003 10 29 13 21 00 000  -70.00
2003 10 29 13 22 00 000  -68.00
2003 10 29 13 23 00 000  -72.00
2003 10 29 13 24 00 000  -84.00
2003 10 29 13 25 00 000  -81.00
2003 10 29 13 26 00 000  -91.00
2003 10 29 13 27 00 000  -88.00
2003 10 29 13 28 00 000  -87.00
2003 10 29 13 29 00 000  -86.00
2003 10 29 13 30 00 000  -88.00
2003 10 29 13 31 00 000  -82.00
2003 10 29 13 32 00 000  -83.00
2003 10 29 13 33 00 000  -85.00
2003 10 29 13 34 00 000  -86.00
2003 10 29 13 35 00 000  -93.00
2003 10 29 13 36 00 000  -90.00
2003 10 29 13 37 00 000  -89.00
2003 10 29 13 38 00 000  -89.00
2003 10 29 13 39 00 000  -86.00
2003 10 29 13 40 00 000  -88.00
2003 10 29 13 41 00 000  -86.00
2003 10 29 13 42 00 000  -85.00
2003 10 29 13 43 00 000  -90.00
2003 10 29 13 44 00 000  -87.00
2003 10 29 13 45 00 000  -81.00
2003 10 29 13 46 00 000  -86.00
2003 10 29 13 47 00 000  -75.00
2003 10 29 13 48 00 000  -82.00
2003 10 29 13 49 00 000  -78.00
2003 10 29 13 50 00 000  -79.00
2003 10 29 13 51 00 000  -77.00
2003 10 29 13 52 00 000  -86.00
2003 10 29 13 53 00 000  -83.00
2003 10 29 13 54 00 000  -85.00
2003 10 29 13 55 00 000  -81.00
2003 10 29 13 56 00 000  -81.00
2003 10 29 13 57 00 000  -86.00
2003 10 29 13 58 00 000  -98.00
2003 10 29 13 59 00 000 -106.00
2003 10 29 14 00 00 000 -109.00
2003 10 29 14 01 00 000 -116.00
2003 10 29 14 02 00 000 -120.00
2003 10 29 14 03 00 000 -127.00
2003 10 29 14 04 00 000 -128.00
2003 10 29 14 05 00 000 -124.00
2003 10 29 14 06 00 000 -124.00
2003 10 29 14 07 00 000 -126.00
2003 10 29 14 08 00 000 -125.00
2003 10 29 14 09 00 000 -121.00
2003 10 29 14 10 00 000 -120.00
2003 10 29 14 11 00 000 -118.00
2003 10 29 14 12 00 000 -116.00
2003 10 29 14 13 00 000 -113.00
2003 10 29 14 14 00 000 -113.00
2003 10 29 14 15 00 000 -109.00
2003 10 29 14 16 00 000 -104.00
2003 10 29 14 17 00 000 -102.00
2003 10 29 14 18 00 000  -93.00
2003 10 29 14 19 00 000  -85.00
2003 10 29 14 20 00 000  -82.00
2003 10 29 14 21 00 000  -86.00
2003 10 29 14 22 00 000  -95.00
2003 10 29 14 23 00 000  -91.00
2003 10 29 14 24 00 000  -99.00
2003 10 29 14 25 00 000 -134.00
2003 10 29 14 26 00 000 -143.00
2003 10 29 14 27 00 000 -133.00
2003 10 29 14 28 00 000 -121.00
2003 10 29 14 29 00 000 -126.00
2003 10 29 14 30 00 000 -127.00
2003 10 29 14 31 00 000 -124.00
2003 10 29 14 32 00 000 -121.00
2003 10 29 14 33 00 000 -120.00
2003 10 29 14 34 00 000 -109.00
2003 10 29 14 35 00 000 -103.00
2003 10 29 14 36 00 000 -103.00
2003 10 29 14 37 00 000 -101.00
2003 10 29 14 38 00 000  -99.00
2003 10 29 14 39 00 000  -96.00
2003 10 29 14 40 00 000  -96.00
2003 10 29 14 41 00 000 -101.00
2003 10 29 14 42 00 000  -99.00
2003 10 29 14 43 00 000  -91.00
2003 10 29 14 44 00 000  -91.00
2003 10 29 14 45 00 000  -86.00
2003 10 29 14 46 00 000  -76.00
2003 10 29 14 47 00 000  -66.00
2003 10 29 14 48 00 000  -81.00
2003 10 29 14 49 00 000  -92.00
2003 10 29 14 50 00 000  -81.00
2003 10 29 14 51 00 000  -82.00
2003 10 29 14 52 00 000  -94.00
2003 10 29 14 53 00 000  -85.00
2003 10 29 14 54 00 000  -72.00
2003 10 29 14 55 00 000  -81.00
2003 10 29 14 56 00 000 -114.00
2003 10 29 14 57 00 000  -89.00
2003 10 29 14 58 00 000  -85.00
2003 10 29 14 59 00 000 -101.00
2003 10 29 15 00 00 000  -96.00
2003 10 29 15 01 00 000  -83.00
2003 10 29 15 02 00 000  -76.00
2003 10 29 15 03 00 000  -91.00
2003 10 29 15 04 00 000  -90.00
2003 10 29 15 05 00 000  -86.00
2003 10 29 15 06 00 000  -95.00
2003 10 29 15 07 00 000 -103.00
2003 10 29 15 08 00 000 -104.00
2003 10 29 15 09 00 000 -101.00
2003 10 29 15 10 00 000 -102.00
2003 10 29 15 11 00 000 -101.00
2003 10 29 15 12 00 000 -105.00
2003 10 29 15 13 00 000  -98.00
2003 10 29 15 14 00 000  -98.00
2003 10 29 15 15 00 000 -105.00
2003 10 29 15 16 00 000 -113.00
2003 10 29 15 17 00 000 -114.00
2003 10 29 15 18 00 000 -112.00
2003 10 29 15 19 00 000 -109.00
2003 10 29 15 20 00 000 -105.00
2003 10 29 15 21 00 000 -108.00
2003 10 29 15 22 00 000 -117.00
2003 10 29 15 23 00 000 -127.00
2003 10 29 15 24 00 000 -122.00
2003 10 29 15 25 00 000 -110.00
2003 10 29 15 26 00 000 -110.00
2003 10 29 15 27 00 000 -114.00
2003 10 29 15 28 00 000 -122.00
2003 10 29 15 29 00 000 -120.00
2003 10 29 15 30 00 000 -112.00
2003 10 29 15 31 00 000 -108.00
2003 10 29 15 32 00 000 -122.00
2003 10 29 15 33 00 000 -128.00
2003 10 29 15 34 00 000 -124.00
2003 10 29 15 35 00 000 -131.00
2003 10 29 15 36 00 000 -126.00
2003 10 29 15 37 00 000 -123.00
2003 10 29 15 38 00 000 -119.00
2003 10 29 15 39 00 000 -124.00
2003 10 29 15 40 00 000 -130.00
2003 10 29 15 41 00 000 -123.00
2003 10 29 15 42 00 000 -108.00
2003 10 29 15 43 00 000 -109.00
2003 10 29 15 44 00 000 -120.00
2003 10 29 15 45 00 000 -117.00
2003 10 29 15 46 00 000 -110.00
2003 10 29 15 47 00 000 -107.00
2003 10 29 15 48 00 000 -115.00
2003 10 29 15 49 00 000 -115.00
2003 10 29 15 50 00 000 -113.00
2003 10 29 15 51 00 000 -116.00
2003 10 29 15 52 00 000 -115.00
2003 10 29 15 53 00 000 -114.00
2003 10 29 15 54 00 000 -116.00
2003 10 29 15 55 00 000 -115.00
2003 10 29 15 56 00 000 -117.00
2003 10 29 15 57 00 000 -125.00
2003 10 29 15 58 00 000 -130.00
2003 10 29 15 59 00 000 -128.00
2003 10 29 16 00 00 000 -122.00
2003 10 29 16 01 00 000 -127.00
2003 10 29 16 02 00 000 -127.00
2003 10 29 16 03 00 000 -121.00
2003 10 29 16 04 00 000 -117.00
2003 10 29 16 05 00 000 -115.00
2003 10 29 16 06 00 000 -114.00
2003 10 29 16 07 00 000 -115.00
2003 10 29 16 08 00 000 -114.00
2003 10 29 16 09 00 000 -113.00
2003 10 29 16 10 00 000 -113.00
2003 10 29 16 11 00 000 -113.00
2003 10 29 16 12 00 000 -113.00
2003 10 29 16 13 00 000 -112.00
2003 10 29 16 14 00 000 -118.00
2003 10 29 16 15 00 000 -120.00
2003 10 29 16 16 00 000 -119.00
2003 10 29 16 17 00 000 -116.00
2003 10 29 16 18 00 000 -116.00
2003 10 29 16 19 00 000 -112.00
2003 10 29 16 20 00 000 -104.00
2003 10 29 16 21 00 000 -100.00
2003 10 29 16 22 00 000 -104.00
2003 10 29 16 23 00 000 -105.00
2003 10 29 16 24 00 000 -108.00
2003 10 29 16 25 00 000 -120.00
2003 10 29 16 26 00 000 -121.00
2003 10 29 16 27 00 000 -113.00
2003 10 29 16 28 00 000 -108.00
2003 10 29 16 29 00 000 -110.00
2003 10 29 16 30 00 000  -91.00
2003 10 29 16 31 00 000 -117.00
2003 10 29 16 32 00 000 -124.00
2003 10 29 16 33 00 000 -135.00
2003 10 29 16 34 00 000 -129.00
2003 10 29 16 35 00 000 -132.00
2003 10 29 16 36 00 000 -133.00
2003 10 29 16 37 00 000 -128.00
2003 10 29 16 38 00 000 -127.00
2003 10 29 16 39 00 000 -131.00
2003 10 29 16 40 00 000 -132.00
2003 10 29 16 41 00 000 -129.00
2003 10 29 16 42 00 000 -125.00
2003 10 29 16 43 00 000 -132.00
2003 10 29 16 44 00 000 -136.00
2003 10 29 16 45 00 000 -133.00
2003 10 29 16 46 00 000 -139.00
2003 10 29 16 47 00 000 -139.00
2003 10 29 16 48 00 000 -136.00
2003 10 29 16 49 00 000 -124.00
2003 10 29 16 50 00 000 -120.00
2003 10 29 16 51 00 000 -137.00
2003 10 29 16 52 00 000 -127.00
2003 10 29 16 53 00 000 -119.00
2003 10 29 16 54 00 000 -138.00
2003 10 29 16 55 00 000 -164.00
2003 10 29 16 56 00 000 -159.00
2003 10 29 16 57 00 000 -156.00
2003 10 29 16 58 00 000 -155.00
2003 10 29 16 59 00 000 -146.00
2003 10 29 17 00 00 000 -148.00
2003 10 29 17 01 00 000 -155.00
2003 10 29 17 02 00 000 -138.00
2003 10 29 17 03 00 000 -131.00
2003 10 29 17 04 00 000 -150.00
2003 10 29 17 05 00 000 -142.00
2003 10 29 17 06 00 000 -122.00
2003 10 29 17 07 00 000 -126.00
2003 10 29 17 08 00 000 -136.00
2003 10 29 17 09 00 000 -123.00
2003 10 29 17 10 00 000 -113.00
2003 10 29 17 11 00 000 -138.00
2003 10 29 17 12 00 000 -142.00
2003 10 29 17 13 00 000 -135.00
2003 10 29 17 14 00 000 -139.00
2003 10 29 17 15 00 000 -145.00
2003 10 29 17 16 00 000 -147.00
2003 10 29 17 17 00 000 -141.00
2003 10 29 17 18 00 000 -141.00
2003 10 29 17 19 00 000 -149.00
2003 10 29 17 20 00 000 -153.00
2003 10 29 17 21 00 000 -142.00
2003 10 29 17 22 00 000 -140.00
2003 10 29 17 23 00 000 -140.00
2003 10 29 17 24 00 000 -141.00
2003 10 29 17 25 00 000 -140.00
2003 10 29 17 26 00 000 -139.00
2003 10 29 17 27 00 000 -146.00
2003 10 29 17 28 00 000 -140.00
2003 10 29 17 29 00 000 -140.00
2003 10 29 17 30 00 000 -146.00
2003 10 29 17 31 00 000 -140.00
2003 10 29 17 32 00 000 -127.00
2003 10 29 17 33 00 000 -128.00
2003 10 29 17 34 00 000 -134.00
2003 10 29 17 35 00 000 -127.00
2003 10 29 17 36 00 000 -126.00
2003 10 29 17 37 00 000 -128.00
2003 10 29 17 38 00 000 -136.00
2003 10 29 17 39 00 000 -133.00
2003 10 29 17 40 00 000 -115.00
2003 10 29 17 41 00 000 -104.00
2003 10 29 17 42 00 000 -125.00
2003 10 29 17 43 00 000 -127.00
2003 10 29 17 44 00 000 -121.00
2003 10 29 17 45 00 000 -112.00
2003 10 29 17 46 00 000 -118.00
2003 10 29 17 47 00 000 -131.00
2003 10 29 17 48 00 000 -112.00
2003 10 29 17 49 00 000 -124.00
2003 10 29 17 50 00 000 -135.00
2003 10 29 17 51 00 000 -120.00
2003 10 29 17 52 00 000 -120.00
2003 10 29 17 53 00 000 -131.00
2003 10 29 17 54 00 000 -137.00
2003 10 29 17 55 00 000 -140.00
2003 10 29 17 56 00 000 -151.00
2003 10 29 17 57 00 000 -154.00
2003 10 29 17 58 00 000 -146.00
2003 10 29 17 59 00 000 -152.00
2003 10 29 18 00 00 000 -140.00
2003 10 29 18 01 00 000 -157.00
2003 10 29 18 02 00 000 -165.00
2003 10 29 18 03 00 000 -155.00
2003 10 29 18 04 00 000 -163.00
2003 10 29 18 05 00 000 -150.00
2003 10 29 18 06 00 000 -154.00
2003 10 29 18 07 00 000 -186.00
2003 10 29 18 08 00 000 -188.00
2003 10 29 18 09 00 000 -177.00
2003 10 29 18 10 00 000 -190.00
2003 10 29 18 11 00 000 -195.00
2003 10 29 18 12 00 000 -189.00
2003 10 29 18 13 00 000 -191.00
2003 10 29 18 14 00 000 -187.00
2003 10 29 18 15 00 000 -181.00
2003 10 29 18 16 00 000 -176.00
2003 10 29 18 17 00 000 -176.00
2003 10 29 18 18 00 000 -166.00
2003 10 29 18 19 00 000 -199.00
2003 10 29 18 20 00 000 -200.00
2003 10 29 18 21 00 000 -185.00
2003 10 29 18 22 00 000 -181.00
2003 10 29 18 23 00 000 -185.00
2003 10 29 18 24 00 000 -184.00
2003 10 29 18 25 00 000 -182.00
2003 10 29 18 26 00 000 -183.00
2003 10 29 18 27 00 000 -181.00
2003 10 29 18 28 00 000 -183.00
2003 10 29 18 29 00 000 -182.00
2003 10 29 18 30 00 000 -181.00
2003 10 29 18 31 00 000 -182.00
2003 10 29 18 32 00 000 -185.00
2003 10 29 18 33 00 000 -185.00
2003 10 29 18 34 00 000 -184.00
2003 10 29 18 35 00 000 -186.00
2003 10 29 18 36 00 000 -192.00
2003 10 29 18 37 00 000 -195.00
2003 10 29 18 38 00 000 -197.00
2003 10 29 18 39 00 000 -200.00
2003 10 29 18 40 00 000 -204.00
2003 10 29 18 41 00 000 -205.00
2003 10 29 18 42 00 000 -206.00
2003 10 29 18 43 00 000 -210.00
2003 10 29 18 44 00 000 -213.00
2003 10 29 18 45 00 000 -216.00
2003 10 29 18 46 00 000 -218.00
2003 10 29 18 47 00 000 -220.00
2003 10 29 18 48 00 000 -221.00
2003 10 29 18 49 00 000 -222.00
2003 10 29 18 50 00 000 -221.00
2003 10 29 18 51 00 000 -220.00
2003 10 29 18 52 00 000 -218.00
2003 10 29 18 53 00 000 -213.00
2003 10 29 18 54 00 000 -212.00
2003 10 29 18 55 00 000 -216.00
2003 10 29 18 56 00 000 -229.00
2003 10 29 18 57 00 000 -236.00
2003 10 29 18 58 00 000 -228.00
2003 10 29 18 59 00 000 -221.00
2003 10 29 19 00 00 000 -217.00
2003 10 29 19 01 00 000 -220.00
2003 10 29 19 02 00 000 -221.00
2003 10 29 19 03 00 000 -218.00
2003 10 29 19 04 00 000 -219.00
2003 10 29 19 05 00 000 -221.00
2003 10 29 19 06 00 000 -226.00
2003 10 29 19 07 00 000 -231.00
2003 10 29 19 08 00 000 -235.00
2003 10 29 19 09 00 000 -241.00
2003 10 29 19 10 00 000 -246.00
2003 10 29 19 11 00 000 -248.00
2003 10 29 19 12 00 000 -248.00
2003 10 29 19 13 00 000 -247.00
2003 10 29 19 14 00 000 -242.00
2003 10 29 19 15 00 000 -230.00
2003 10 29 19 16 00 000 -219.00
2003 10 29 19 17 00 000 -211.00
2003 10 29 19 18 00 000 -210.00
2003 10 29 19 19 00 000 -212.00
2003 10 29 19 20 00 000 -210.00
2003 10 29 19 21 00 000 -208.00
2003 10 29 19 22 00 000 -216.00
2003 10 29 19 23 00 000 -221.00
2003 10 29 19 24 00 000 -218.00
2003 10 29 19 25 00 000 -218.00
2003 10 29 19 26 00 000 -217.00
2003 10 29 19 27 00 000 -219.00
2003 10 29 19 28 00 000 -223.00
2003 10 29 19 29 00 000 -224.00
2003 10 29 19 30 00 000 -222.00
2003 10 29 19 31 00 000 -220.00
2003 10 29 19 32 00 000 -219.00
2003 10 29 19 33 00 000 -214.00
2003 10 29 19 34 00 000 -211.00
2003 10 29 19 35 00 000 -205.00
2003 10 29 19 36 00 000 -197.00
2003 10 29 19 37 00 000 -186.00
2003 10 29 19 38 00 000 -178.00
2003 10 29 19 39 00 000 -171.00
2003 10 29 19 40 00 000 -163.00
2003 10 29 19 41 00 000 -163.00
2003 10 29 19 42 00 000 -166.00
2003 10 29 19 43 00 000 -177.00
2003 10 29 19 44 00 000 -185.00
2003 10 29 19 45 00 000 -196.00
2003 10 29 19 46 00 000 -202.00
2003 10 29 19 47 00 000 -205.00
2003 10 29 19 48 00 000 -189.00
2003 10 29 19 49 00 000 -180.00
2003 10 29 19 50 00 000 -168.00
2003 10 29 19 51 00 000 -155.00
2003 10 29 19 52 00 000 -150.00
2003 10 29 19 53 00 000 -148.00
2003 10 29 19 54 00 000 -140.00
2003 10 29 19 55 00 000 -135.00
2003 10 29 19 56 00 000 -135.00
2003 10 29 19 57 00 000 -113.00
2003 10 29 19 58 00 000  -25.00
2003 10 29 19 59 00 000  -21.00
2003 10 29 20 00 00 000  -69.00
2003 10 29 20 01 00 000 -153.00
2003 10 29 20 02 00 000 -145.00
2003 10 29 20 03 00 000 -142.00
2003 10 29 20 04 00 000 -136.00
2003 10 29 20 05 00 000 -127.00
2003 10 29 20 06 00 000 -128.00
2003 10 29 20 07 00 000 -132.00
2003 10 29 20 08 00 000 -137.00
2003 10 29 20 09 00 000 -140.00
2003 10 29 20 10 00 000 -150.00
2003 10 29 20 11 00 000 -155.00
2003 10 29 20 12 00 000 -162.00
2003 10 29 20 13 00 000 -169.00
2003 10 29 20 14 00 000 -172.00
2003 10 29 20 15 00 000 -181.00
2003 10 29 20 16 00 000 -187.00
2003 10 29 20 17 00 000 -191.00
2003 10 29 20 18 00 000 -192.00
2003 10 29 20 19 00 000 -198.00
2003 10 29 20 20 00 000 -199.00
2003 10 29 20 21 00 000 -199.00
2003 10 29 20 22 00 000 -202.00
2003 10 29 20 23 00 000 -201.00
2003 10 29 20 24 00 000 -198.00
2003 10 29 20 25 00 000 -196.00
2003 10 29 20 26 00 000 -199.00
2003 10 29 20 27 00 000 -199.00
2003 10 29 20 28 00 000 -199.00
2003 10 29 20 29 00 000 -198.00
2003 10 29 20 30 00 000 -205.00
2003 10 29 20 31 00 000 -223.00
2003 10 29 20 32 00 000 -245.00
2003 10 29 20 33 00 000 -260.00
2003 10 29 20 34 00 000 -254.00
2003 10 29 20 35 00 000 -249.00
2003 10 29 20 36 00 000 -248.00
2003 10 29 20 37 00 000 -251.00
2003 10 29 20 38 00 000 -250.00
2003 10 29 20 39 00 000 -252.00
2003 10 29 20 40 00 000 -250.00
2003 10 29 20 41 00 000 -231.00
2003 10 29 20 42 00 000 -221.00
2003 10 29 20 43 00 000 -211.00
2003 10 29 20 44 00 000 -204.00
2003 10 29 20 45 00 000 -208.00
2003 10 29 20 46 00 000 -195.00
2003 10 29 20 47 00 000 -200.00
2003 10 29 20 48 00 000 -209.00
2003 10 29 20 49 00 000 -204.00
2003 10 29 20 50 00 000 -182.00
2003 10 29 20 51 00 000 -173.00
2003 10 29 20 52 00 000 -165.00
2003 10 29 20 53 00 000 -166.00
2003 10 29 20 54 00 000 -149.00
2003 10 29 20 55 00 000 -141.00
2003 10 29 20 56 00 000 -140.00
2003 10 29 20 57 00 000 -137.00
2003 10 29 20 58 00 000 -140.00
2003 10 29 20 59 00 000 -143.00
2003 10 29 21 00 00 000 -152.00
2003 10 29 21 01 00 000 -149.00
2003 10 29 21 02 00 000 -150.00
2003 10 29 21 03 00 000 -161.00
2003 10 29 21 04 00 000 -170.00
2003 10 29 21 05 00 000 -174.00
2003 10 29 21 06 00 000 -179.00
2003 10 29 21 07 00 000 -163.00
2003 10 29 21 08 00 000 -166.00
2003 10 29 21 09 00 000 -170.00
2003 10 29 21 10 00 000 -175.00
2003 10 29 21 11 00 000 -180.00
2003 10 29 21 12 00 000 -182.00
2003 10 29 21 13 00 000 -182.00
2003 10 29 21 14 00 000 -182.00
2003 10 29 21 15 00 000 -184.00
2003 10 29 21 16 00 000 -190.00
2003 10 29 21 17 00 000 -190.00
2003 10 29 21 18 00 000 -195.00
2003 10 29 21 19 00 000 -197.00
2003 10 29 21 20 00 000 -200.00
2003 10 29 21 21 00 000 -206.00
2003 10 29 21 22 00 000 -212.00
2003 10 29 21 23 00 000 -216.00
2003 10 29 21 24 00 000 -235.00
2003 10 29 21 25 00 000 -238.00
2003 10 29 21 26 00 000 -219.00
2003 10 29 21 27 00 000 -218.00
2003 10 29 21 28 00 000 -216.00
2003 10 29 21 29 00 000 -219.00
2003 10 29 21 30 00 000 -221.00
2003 10 29 21 31 00 000 -221.00
2003 10 29 21 32 00 000 -221.00
2003 10 29 21 33 00 000 -223.00
2003 10 29 21 34 00 000 -227.00
2003 10 29 21 35 00 000 -227.00
2003 10 29 21 36 00 000 -253.00
2003 10 29 21 37 00 000 -253.00
2003 10 29 21 38 00 000 -227.00
2003 10 29 21 39 00 000 -228.00
2003 10 29 21 40 00 000 -228.00
2003 10 29 21 41 00 000 -228.00
2003 10 29 21 42 00 000 -229.00
2003 10 29 21 43 00 000 -231.00
2003 10 29 21 44 00 000 -233.00
2003 10 29 21 45 00 000 -235.00
2003 10 29 21 46 00 000 -238.00
2003 10 29 21 47 00 000 -240.00
2003 10 29 21 48 00 000 -265.00
2003 10 29 21 49 00 000 -267.00
2003 10 29 21 50 00 000 -269.00
2003 10 29 21 51 00 000 -276.00
2003 10 29 21 52 00 000 -277.00
2003 10 29 21 53 00 000 -277.00
2003 10 29 21 54 00 000 -279.00
2003 10 29 21 55 00 000 -280.00
2003 10 29 21 56 00 000 -279.00
2003 10 29 21 57 00 000 -283.00
2003 10 29 21 58 00 000 -285.00
2003 10 29 21 59 00 000 -286.00
2003 10 29 22 00 00 000 -284.00
2003 10 29 22 01 00 000 -283.00
2003 10 29 22 02 00 000 -280.00
2003 10 29 22 03 00 000 -278.00
2003 10 29 22 04 00 000 -277.00
2003 10 29 22 05 00 000 -274.00
2003 10 29 22 06 00 000 -272.00
2003 10 29 22 07 00 000 -272.00
2003 10 29 22 08 00 000 -278.00
2003 10 29 22 09 00 000 -280.00
2003 10 29 22 10 00 000 -280.00
2003 10 29 22 11 00 000 -275.00
2003 10 29 22 12 00 000 -272.00
2003 10 29 22 13 00 000 -270.00
2003 10 29 22 14 00 000 -268.00
2003 10 29 22 15 00 000 -268.00
2003 10 29 22 16 00 000 -262.00
2003 10 29 22 17 00 000 -266.00
2003 10 29 22 18 00 000 -267.00
2003 10 29 22 19 00 000 -263.00
2003 10 29 22 20 00 000 -260.00
2003 10 29 22 21 00 000 -263.00
2003 10 29 22 22 00 000 -268.00
2003 10 29 22 23 00 000 -270.00
2003 10 29 22 24 00 000 -267.00
2003 10 29 22 25 00 000 -269.00
2003 10 29 22 26 00 000 -271.00
2003 10 29 22 27 00 000 -274.00
2003 10 29 22 28 00 000 -276.00
2003 10 29 22 29 00 000 -275.00
2003 10 29 22 30 00 000 -276.00
2003 10 29 22 31 00 000 -277.00
2003 10 29 22 32 00 000 -281.00
2003 10 29 22 33 00 000 -285.00
2003 10 29 22 34 00 000 -287.00
2003 10 29 22 35 00 000 -288.00
2003 10 29 22 36 00 000 -290.00
2003 10 29 22 37 00 000 -287.00
2003 10 29 22 38 00 000 -286.00
2003 10 29 22 39 00 000 -287.00
2003 10 29 22 40 00 000 -286.00
2003 10 29 22 41 00 000 -284.00
2003 10 29 22 42 00 000 -279.00
2003 10 29 22 43 00 000 -279.00
2003 10 29 22 44 00 000 -279.00
2003 10 29 22 45 00 000 -278.00
2003 10 29 22 46 00 000 -281.00
2003 10 29 22 47 00 000 -281.00
2003 10 29 22 48 00 000 -282.00
2003 10 29 22 49 00 000 -288.00
2003 10 29 22 50 00 000 -292.00
2003 10 29 22 51 00 000 -294.00
2003 10 29 22 52 00 000 -294.00
2003 10 29 22 53 00 000 -296.00
2003 10 29 22 54 00 000 -301.00
2003 10 29 22 55 00 000 -301.00
2003 10 29 22 56 00 000 -302.00
2003 10 29 22 57 00 000 -308.00
2003 10 29 22 58 00 000 -311.00
2003 10 29 22 59 00 000 -320.00
2003 10 29 23 00 00 000 -330.00
2003 10 29 23 01 00 000 -322.00
2003 10 29 23 02 00 000 -323.00
2003 10 29 23 03 00 000 -323.00
2003 10 29 23 04 00 000 -323.00
2003 10 29 23 05 00 000 -324.00
2003 10 29 23 06 00 000 -328.00
2003 10 29 23 07 00 000 -331.00
2003 10 29 23 08 00 000 -333.00
2003 10 29 23 09 00 000 -334.00
2003 10 29 23 10 00 000 -335.00
2003 10 29 23 11 00 000 -337.00
2003 10 29 23 12 00 000 -322.00
2003 10 29 23 13 00 000 -328.00
2003 10 29 23 14 00 000 -335.00
2003 10 29 23 15 00 000 -337.00
2003 10 29 23 16 00 000 -338.00
2003 10 29 23 17 00 000 -343.00
2003 10 29 23 18 00 000 -342.00
2003 10 29 23 19 00 000 -339.00
2003 10 29 23 20 00 000 -338.00
2003 10 29 23 21 00 000 -339.00
2003 10 29 23 22 00 000 -338.00
2003 10 29 23 23 00 000 -337.00
2003 10 29 23 24 00 000 -335.00
2003 10 29 23 25 00 000 -335.00
2003 10 29 23 26 00 000 -336.00
2003 10 29 23 27 00 000 -344.00
2003 10 29 23 28 00 000 -346.00
2003 10 29 23 29 00 000 -345.00
2003 10 29 23 30 00 000 -344.00
2003 10 29 23 31 00 000 -348.00
2003 10 29 23 32 00 000 -351.00
2003 10 29 23 33 00 000 -353.00
2003 10 29 23 34 00 000 -354.00
2003 10 29 23 35 00 000 -358.00
2003 10 29 23 36 00 000 -356.00
2003 10 29 23 37 00 000 -357.00
2003 10 29 23 38 00 000 -362.00
2003 10 29 23 39 00 000 -362.00
2003 10 29 23 40 00 000 -364.00
2003 10 29 23 41 00 000 -363.00
2003 10 29 23 42 00 000 -363.00
2003 10 29 23 43 00 000 -361.00
2003 10 29 23 44 00 000 -364.00
2003 10 29 23 45 00 000 -364.00
2003 10 29 23 46 00 000 -363.00
2003 10 29 23 47 00 000 -361.00
2003 10 29 23 48 00 000 -360.00
2003 10 29 23 49 00 000 -361.00
2003 10 29 23 50 00 000 -360.00
2003 10 29 23 51 00 000 -359.00
2003 10 29 23 52 00 000 -359.00
2003 10 29 23 53 00 000 -356.00
2003 10 29 23 54 00 000 -354.00
2003 10 29 23 55 00 000 -354.00
2003 10 29 23 56 00 000 -354.00
2003 10 29 23 57 00 000 -353.00
2003 10 29 23 58 00 000 -350.00
2003 10 29 23 59 00 000 -348.00
2003 10 30 00 00 00 000 -351.00
2003 10 30 00 01 00 000 -351.00
2003 10 30 00 02 00 000 -355.00
2003 10 30 00 03 00 000 -355.00
2003 10 30 00 04 00 000 -351.00
2003 10 30 00 05 00 000 -349.00
2003 10 30 00 06 00 000 -351.00
2003 10 30 00 07 00 000 -352.00
2003 10 30 00 08 00 000 -353.00
2003 10 30 00 09 00 000 -353.00
2003 10 30 00 10 00 000 -353.00
2003 10 30 00 11 00 000 -353.00
2003 10 30 00 12 00 000 -356.00
2003 10 30 00 13 00 000 -361.00
2003 10 30 00 14 00 000 -364.00
2003 10 30 00 15 00 000 -369.00
2003 10 30 00 16 00 000 -368.00
2003 10 30 00 17 00 000 -367.00
2003 10 30 00 18 00 000 -369.00
2003 10 30 00 19 00 000 -372.00
2003 10 30 00 20 00 000 -373.00
2003 10 30 00 21 00 000 -376.00
2003 10 30 00 22 00 000 -376.00
2003 10 30 00 23 00 000 -376.00
2003 10 30 00 24 00 000 -377.00
2003 10 30 00 25 00 000 -377.00
2003 10 30 00 26 00 000 -375.00
2003 10 30 00 27 00 000 -377.00
2003 10 30 00 28 00 000 -376.00
2003 10 30 00 29 00 000 -375.00
2003 10 30 00 30 00 000 -377.00
2003 10 30 00 31 00 000 -377.00
2003 10 30 00 32 00 000 -378.00
2003 10 30 00 33 00 000 -380.00
2003 10 30 00 34 00 000 -378.00
2003 10 30 00 35 00 000 -375.00
2003 10 30 00 36 00 000 -377.00
2003 10 30 00 37 00 000 -374.00
2003 10 30 00 38 00 000 -369.00
2003 10 30 00 39 00 000 -364.00
2003 10 30 00 40 00 000 -359.00
2003 10 30 00 41 00 000 -358.00
2003 10 30 00 42 00 000 -355.00
2003 10 30 00 43 00 000 -352.00
2003 10 30 00 44 00 000 -351.00
2003 10 30 00 45 00 000 -357.00
2003 10 30 00 46 00 000 -358.00
2003 10 30 00 47 00 000 -360.00
2003 10 30 00 48 00 000 -360.00
2003 10 30 00 49 00 000 -358.00
2003 10 30 00 50 00 000 -355.00
2003 10 30 00 51 00 000 -347.00
2003 10 30 00 52 00 000 -348.00
2003 10 30 00 53 00 000 -354.00
2003 10 30 00 54 00 000 -353.00
2003 10 30 00 55 00 000 -355.00
2003 10 30 00 56 00 000 -350.00
2003 10 30 00 57 00 000 -352.00
2003 10 30 00 58 00 000 -343.00
2003 10 30 00 59 00 000 -333.00
2003 10 30 01 00 00 000 -318.00
2003 10 30 01 01 00 000 -305.00
2003 10 30 01 02 00 000 -306.00
2003 10 30 01 03 00 000 -314.00
2003 10 30 01 04 00 000 -313.00
2003 10 30 01 05 00 000 -333.00
2003 10 30 01 06 00 000 -340.00
2003 10 30 01 07 00 000 -344.00
2003 10 30 01 08 00 000 -347.00
2003 10 30 01 09 00 000 -341.00
2003 10 30 01 10 00 000 -341.00
2003 10 30 01 11 00 000 -338.00
2003 10 30 01 12 00 000 -335.00
2003 10 30 01 13 00 000 -355.00
2003 10 30 01 14 00 000 -347.00
2003 10 30 01 15 00 000 -350.00
2003 10 30 01 16 00 000 -346.00
2003 10 30 01 17 00 000 -345.00
2003 10 30 01 18 00 000 -346.00
2003 10 30 01 19 00 000 -344.00
2003 10 30 01 20 00 000 -346.00
2003 10 30 01 21 00 000 -351.00
2003 10 30 01 22 00 000 -354.00
2003 10 30 01 23 00 000 -353.00
2003 10 30 01 24 00 000 -352.00
2003 10 30 01 25 00 000 -353.00
2003 10 30 01 26 00 000 -352.00
2003 10 30 01 27 00 000 -354.00
2003 10 30 01 28 00 000 -355.00
2003 10 30 01 29 00 000 -353.00
2003 10 30 01 30 00 000 -349.00
2003 10 30 01 31 00 000 -356.00
2003 10 30 01 32 00 000 -356.00
2003 10 30 01 33 00 000 -353.00
2003 10 30 01 34 00 000 -350.00
2003 10 30 01 35 00 000 -351.00
2003 10 30 01 36 00 000 -351.00
2003 10 30 01 37 00 000 -353.00
2003 10 30 01 38 00 000 -353.00
2003 10 30 01 39 00 000 -352.00
2003 10 30 01 40 00 000 -357.00
2003 10 30 01 41 00 000 -357.00
2003 10 30 01 42 00 000 -364.00
2003 10 30 01 43 00 000 -365.00
2003 10 30 01 44 00 000 -379.00
2003 10 30 01 45 00 000 -385.00
2003 10 30 01 46 00 000 -388.00
2003 10 30 01 47 00 000 -389.00
2003 10 30 01 48 00 000 -391.00
2003 10 30 01 49 00 000 -389.00
2003 10 30 01 50 00 000 -385.00
2003 10 30 01 51 00 000 -384.00
2003 10 30 01 52 00 000 -382.00
2003 10 30 01 53 00 000 -389.00
2003 10 30 01 54 00 000 -390.00
2003 10 30 01 55 00 000 -385.00
2003 10 30 01 56 00 000 -384.00
2003 10 30 01 57 00 000 -382.00
2003 10 30 01 58 00 000 -378.00
2003 10 30 01 59 00 000 -375.00
2003 10 30 02 00 00 000 -376.00
2003 10 30 02 01 00 000 -376.00
2003 10 30 02 02 00 000 -380.00
2003 10 30 02 03 00 000 -382.00
2003 10 30 02 04 00 000 -379.00
2003 10 30 02 05 00 000 -377.00
2003 10 30 02 06 00 000 -377.00
2003 10 30 02 07 00 000 -375.00
2003 10 30 02 08 00 000 -374.00
2003 10 30 02 09 00 000 -373.00
2003 10 30 02 10 00 000 -373.00
2003 10 30 02 11 00 000 -373.00
2003 10 30 02 12 00 000 -373.00
2003 10 30 02 13 00 000 -373.00
2003 10 30 02 14 00 000 -371.00
2003 10 30 02 15 00 000 -369.00
2003 10 30 02 16 00 000 -368.00
2003 10 30 02 17 00 000 -368.00
2003 10 30 02 18 00 000 -367.00
2003 10 30 02 19 00 000 -365.00
2003 10 30 02 20 00 000 -364.00
2003 10 30 02 21 00 000 -364.00
2003 10 30 02 22 00 000 -367.00
2003 10 30 02 23 00 000 -366.00
2003 10 30 02 24 00 000 -368.00
2003 10 30 02 25 00 000 -371.00
2003 10 30 02 26 00 000 -369.00
2003 10 30 02 27 00 000 -367.00
2003 10 30 02 28 00 000 -363.00
2003 10 30 02 29 00 000 -363.00
2003 10 30 02 30 00 000 -362.00
2003 10 30 02 31 00 000 -364.00
2003 10 30 02 32 00 000 -363.00
2003 10 30 02 33 00 000 -362.00
2003 10 30 02 34 00 000 -358.00
2003 10 30 02 35 00 000 -354.00
2003 10 30 02 36 00 000 -349.00
2003 10 30 02 37 00 000 -340.00
2003 10 30 02 38 00 000 -337.00
2003 10 30 02 39 00 000 -338.00
2003 10 30 02 40 00 000 -340.00
2003 10 30 02 41 00 000 -344.00
2003 10 30 02 42 00 000 -347.00
2003 10 30 02 43 00 000 -350.00
2003 10 30 02 44 00 000 -352.00
2003 10 30 02 45 00 000 -353.00
2003 10 30 02 46 00 000 -354.00
2003 10 30 02 47 00 000 -352.00
2003 10 30 02 48 00 000 -346.00
2003 10 30 02 49 00 000 -343.00
2003 10 30 02 50 00 000 -346.00
2003 10 30 02 51 00 000 -350.00
2003 10 30 02 52 00 000 -347.00
2003 10 30 02 53 00 000 -334.00
2003 10 30 02 54 00 000 -334.00
2003 10 30 02 55 00 000 -338.00
2003 10 30 02 56 00 000 -343.00
2003 10 30 02 57 00 000 -345.00
2003 10 30 02 58 00 000 -344.00
2003 10 30 02 59 00 000 -338.00
2003 10 30 03 00 00 000 -325.00
2003 10 30 03 01 00 000 -324.00
2003 10 30 03 02 00 000 -329.00
2003 10 30 03 03 00 000 -326.00
2003 10 30 03 04 00 000 -326.00
2003 10 30 03 05 00 000 -338.00
2003 10 30 03 06 00 000 -345.00
2003 10 30 03 07 00 000 -356.00
2003 10 30 03 08 00 000 -343.00
2003 10 30 03 09 00 000 -338.00
2003 10 30 03 10 00 000 -338.00
2003 10 30 03 11 00 000 -340.00
2003 10 30 03 12 00 000 -341.00
2003 10 30 03 13 00 000 -338.00
2003 10 30 03 14 00 000 -333.00
2003 10 30 03 15 00 000 -331.00
2003 10 30 03 16 00 000 -331.00
2003 10 30 03 17 00 000 -331.00
2003 10 30 03 18 00 000 -326.00
2003 10 30 03 19 00 000 -319.00
2003 10 30 03 20 00 000 -316.00
2003 10 30 03 21 00 000 -313.00
2003 10 30 03 22 00 000 -312.00
2003 10 30 03 23 00 000 -307.00
2003 10 30 03 24 00 000 -305.00
2003 10 30 03 25 00 000 -307.00
2003 10 30 03 26 00 000 -305.00
2003 10 30 03 27 00 000 -306.00
2003 10 30 03 28 00 000 -309.00
2003 10 30 03 29 00 000 -307.00
2003 10 30 03 30 00 000 -304.00
2003 10 30 03 31 00 000 -302.00
2003 10 30 03 32 00 000 -301.00
2003 10 30 03 33 00 000 -301.00
2003 10 30 03 34 00 000 -301.00
2003 10 30 03 35 00 000 -301.00
2003 10 30 03 36 00 000 -300.00
2003 10 30 03 37 00 000 -300.00
2003 10 30 03 38 00 000 -298.00
2003 10 30 03 39 00 000 -296.00
2003 10 30 03 40 00 000 -295.00
2003 10 30 03 41 00 000 -295.00
2003 10 30 03 42 00 000 -293.00
2003 10 30 03 43 00 000 -293.00
2003 10 30 03 44 00 000 -295.00
2003 10 30 03 45 00 000 -294.00
2003 10 30 03 46 00 000 -297.00
2003 10 30 03 47 00 000 -302.00
2003 10 30 03 48 00 000 -302.00
2003 10 30 03 49 00 000 -300.00
2003 10 30 03 50 00 000 -300.00
2003 10 30 03 51 00 000 -299.00
2003 10 30 03 52 00 000 -297.00
2003 10 30 03 53 00 000 -295.00
2003 10 30 03 54 00 000 -294.00
2003 10 30 03 55 00 000 -292.00
2003 10 30 03 56 00 000 -292.00
2003 10 30 03 57 00 000 -292.00
2003 10 30 03 58 00 000 -291.00
2003 10 30 03 59 00 000 -290.00
2003 10 30 04 00 00 000 -289.00
2003 10 30 04 01 00 000 -287.00
2003 10 30 04 02 00 000 -286.00
2003 10 30 04 03 00 000 -284.00
2003 10 30 04 04 00 000 -283.00
2003 10 30 04 05 00 000 -282.00
2003 10 30 04 06 00 000 -281.00
2003 10 30 04 07 00 000 -280.00
2003 10 30 04 08 00 000 -281.00
2003 10 30 04 09 00 000 -286.00
2003 10 30 04 10 00 000 -289.00
2003 10 30 04 11 00 000 -290.00
2003 10 30 04 12 00 000 -288.00
2003 10 30 04 13 00 000 -286.00
2003 10 30 04 14 00 000 -285.00
2003 10 30 04 15 00 000 -284.00
2003 10 30 04 16 00 000 -283.00
2003 10 30 04 17 00 000 -281.00
2003 10 30 04 18 00 000 -280.00
2003 10 30 04 19 00 000 -279.00
2003 10 30 04 20 00 000 -280.00
2003 10 30 04 21 00 000 -278.00
2003 10 30 04 22 00 000 -276.00
2003 10 30 04 23 00 000 -275.00
2003 10 30 04 24 00 000 -274.00
2003 10 30 04 25 00 000 -273.00
2003 10 30 04 26 00 000 -272.00
2003 10 30 04 27 00 000 -271.00
2003 10 30 04 28 00 000 -270.00
2003 10 30 04 29 00 000 -270.00
2003 10 30 04 30 00 000 -270.00
2003 10 30 04 31 00 000 -270.00
2003 10 30 04 32 00 000 -268.00
2003 10 30 04 33 00 000 -266.00
2003 10 30 04 34 00 000 -264.00
2003 10 30 04 35 00 000 -262.00
2003 10 30 04 36 00 000 -260.00
2003 10 30 04 37 00 000 -258.00
2003 10 30 04 38 00 000 -257.00
2003 10 30 04 39 00 000 -257.00
2003 10 30 04 40 00 000 -257.00
2003 10 30 04 41 00 000 -257.00
2003 10 30 04 42 00 000 -257.00
2003 10 30 04 43 00 000 -256.00
2003 10 30 04 44 00 000 -256.00
2003 10 30 04 45 00 000 -255.00
2003 10 30 04 46 00 000 -252.00
2003 10 30 04 47 00 000 -249.00
2003 10 30 04 48 00 000 -248.00
2003 10 30 04 49 00 000 -249.00
2003 10 30 04 50 00 000 -251.00
2003 10 30 04 51 00 000 -251.00
2003 10 30 04 52 00 000 -250.00
2003 10 30 04 53 00 000 -247.00
2003 10 30 04 54 00 000 -244.00
2003 10 30 04 55 00 000 -241.00
2003 10 30 04 56 00 000 -240.00
2003 10 30 04 57 00 000 -242.00
2003 10 30 04 58 00 000 -243.00
2003 10 30 04 59 00 000 -243.00
2003 10 30 05 00 00 000 -244.00
2003 10 30 05 01 00 000 -244.00
2003 10 30 05 02 00 000 -243.00
2003 10 30 05 03 00 000 -243.00
2003 10 30 05 04 00 000 -242.00
2003 10 30 05 05 00 000 -241.00
2003 10 30 05 06 00 000 -240.00
2003 10 30 05 07 00 000 -240.00
2003 10 30 05 08 00 000 -241.00
2003 10 30 05 09 00 000 -242.00
2003 10 30 05 10 00 000 -244.00
2003 10 30 05 11 00 000 -246.00
2003 10 30 05 12 00 000 -246.00
2003 10 30 05 13 00 000 -246.00
2003 10 30 05 14 00 000 -245.00
2003 10 30 05 15 00 000 -247.00
2003 10 30 05 16 00 000 -247.00
2003 10 30 05 17 00 000 -246.00
2003 10 30 05 18 00 000 -245.00
2003 10 30 05 19 00 000 -244.00
2003 10 30 05 20 00 000 -244.00
2003 10 30 05 21 00 000 -243.00
2003 10 30 05 22 00 000 -242.00
2003 10 30 05 23 00 000 -241.00
2003 10 30 05 24 00 000 -241.00
2003 10 30 05 25 00 000 -244.00
2003 10 30 05 26 00 000 -245.00
2003 10 30 05 27 00 000 -245.00
2003 10 30 05 28 00 000 -244.00
2003 10 30 05 29 00 000 -241.00
2003 10 30 05 30 00 000 -240.00
2003 10 30 05 31 00 000 -240.00
2003 10 30 05 32 00 000 -241.00
2003 10 30 05 33 00 000 -243.00
2003 10 30 05 34 00 000 -246.00
2003 10 30 05 35 00 000 -248.00
2003 10 30 05 36 00 000 -245.00
2003 10 30 05 37 00 000 -240.00
2003 10 30 05 38 00 000 -235.00
2003 10 30 05 39 00 000 -232.00
2003 10 30 05 40 00 000 -234.00
2003 10 30 05 41 00 000 -237.00
2003 10 30 05 42 00 000 -239.00
2003 10 30 05 43 00 000 -239.00
2003 10 30 05 44 00 000 -237.00
2003 10 30 05 45 00 000 -236.00
2003 10 30 05 46 00 000 -236.00
2003 10 30 05 47 00 000 -237.00
2003 10 30 05 48 00 000 -237.00
2003 10 30 05 49 00 000 -238.00
2003 10 30 05 50 00 000 -238.00
2003 10 30 05 51 00 000 -239.00
2003 10 30 05 52 00 000 -239.00
2003 10 30 05 53 00 000 -238.00
2003 10 30 05 54 00 000 -238.00
2003 10 30 05 55 00 000 -238.00
2003 10 30 05 56 00 000 -238.00
2003 10 30 05 57 00 000 -237.00
2003 10 30 05 58 00 000 -236.00
2003 10 30 05 59 00 000 -236.00
2003 10 30 06 00 00 000 -234.00
2003 10 30 06 01 00 000 -233.00
2003 10 30 06 02 00 000 -232.00
2003 10 30 06 03 00 000 -231.00
2003 10 30 06 04 00 000 -231.00
2003 10 30 06 05 00 000 -230.00
2003 10 30 06 06 00 000 -228.00
2003 10 30 06 07 00 000 -226.00
2003 10 30 06 08 00 000 -225.00
2003 10 30 06 09 00 000 -225.00
2003 10 30 06 10 00 000 -225.00
2003 10 30 06 11 00 000 -226.00
2003 10 30 06 12 00 000 -226.00
2003 10 30 06 13 00 000 -225.00
2003 10 30 06 14 00 000 -223.00
2003 10 30 06 15 00 000 -222.00
2003 10 30 06 16 00 000 -222.00
2003 10 30 06 17 00 000 -221.00
2003 10 30 06 18 00 000 -221.00
2003 10 30 06 19 00 000 -220.00
2003 10 30 06 20 00 000 -221.00
2003 10 30 06 21 00 000 -220.00
2003 10 30 06 22 00 000 -220.00
2003 10 30 06 23 00 000 -219.00
2003 10 30 06 24 00 000 -219.00
2003 10 30 06 25 00 000 -219.00
2003 10 30 06 26 00 000 -218.00
2003 10 30 06 27 00 000 -218.00
2003 10 30 06 28 00 000 -218.00
2003 10 30 06 29 00 000 -218.00
2003 10 30 06 30 00 000 -216.00
2003 10 30 06 31 00 000 -216.00
2003 10 30 06 32 00 000 -214.00
2003 10 30 06 33 00 000 -213.00
2003 10 30 06 34 00 000 -212.00
2003 10 30 06 35 00 000 -212.00
2003 10 30 06 36 00 000 -213.00
2003 10 30 06 37 00 000 -214.00
2003 10 30 06 38 00 000 -214.00
2003 10 30 06 39 00 000 -213.00
2003 10 30 06 40 00 000 -213.00
2003 10 30 06 41 00 000 -213.00
2003 10 30 06 42 00 000 -213.00
2003 10 30 06 43 00 000 -213.00
2003 10 30 06 44 00 000 -214.00
2003 10 30 06 45 00 000 -215.00
2003 10 30 06 46 00 000 -214.00
2003 10 30 06 47 00 000 -212.00
2003 10 30 06 48 00 000 -212.00
2003 10 30 06 49 00 000 -213.00
2003 10 30 06 50 00 000 -213.00
2003 10 30 06 51 00 000 -213.00
2003 10 30 06 52 00 000 -211.00
2003 10 30 06 53 00 000 -210.00
2003 10 30 06 54 00 000 -209.00
2003 10 30 06 55 00 000 -210.00
2003 10 30 06 56 00 000 -210.00
2003 10 30 06 57 00 000 -209.00
2003 10 30 06 58 00 000 -210.00
2003 10 30 06 59 00 000 -210.00
2003 10 30 07 00 00 000 -211.00
2003 10 30 07 01 00 000 -214.00
2003 10 30 07 02 00 000 -214.00
2003 10 30 07 03 00 000 -214.00
2003 10 30 07 04 00 000 -213.00
2003 10 30 07 05 00 000 -213.00
2003 10 30 07 06 00 000 -212.00
2003 10 30 07 07 00 000 -212.00
2003 10 30 07 08 00 000 -214.00
2003 10 30 07 09 00 000 -213.00
2003 10 30 07 10 00 000 -212.00
2003 10 30 07 11 00 000 -212.00
2003 10 30 07 12 00 000 -212.00
2003 10 30 07 13 00 000 -211.00
2003 10 30 07 14 00 000 -210.00
2003 10 30 07 15 00 000 -209.00
2003 10 30 07 16 00 000 -208.00
2003 10 30 07 17 00 000 -206.00
2003 10 30 07 18 00 000 -205.00
2003 10 30 07 19 00 000 -204.00
2003 10 30 07 20 00 000 -204.00
2003 10 30 07 21 00 000 -205.00
2003 10 30 07 22 00 000 -206.00
2003 10 30 07 23 00 000 -207.00
2003 10 30 07 24 00 000 -206.00
2003 10 30 07 25 00 000 -206.00
2003 10 30 07 26 00 000 -207.00
2003 10 30 07 27 00 000 -206.00
2003 10 30 07 28 00 000 -206.00
2003 10 30 07 29 00 000 -205.00
2003 10 30 07 30 00 000 -204.00
2003 10 30 07 31 00 000 -202.00
2003 10 30 07 32 00 000 -202.00
2003 10 30 07 33 00 000 -202.00
2003 10 30 07 34 00 000 -201.00
2003 10 30 07 35 00 000 -199.00
2003 10 30 07 36 00 000 -198.00
2003 10 30 07 37 00 000 -197.00
2003 10 30 07 38 00 000 -197.00
2003 10 30 07 39 00 000 -197.00
2003 10 30 07 40 00 000 -197.00
2003 10 30 07 41 00 000 -197.00
2003 10 30 07 42 00 000 -196.00
2003 10 30 07 43 00 000 -195.00
2003 10 30 07 44 00 000 -196.00
2003 10 30 07 45 00 000 -196.00
2003 10 30 07 46 00 000 -195.00
2003 10 30 07 47 00 000 -194.00
2003 10 30 07 48 00 000 -194.00
2003 10 30 07 49 00 000 -196.00
2003 10 30 07 50 00 000 -196.00
2003 10 30 07 51 00 000 -196.00
2003 10 30 07 52 00 000 -195.00
2003 10 30 07 53 00 000 -195.00
2003 10 30 07 54 00 000 -195.00
2003 10 30 07 55 00 000 -195.00
2003 10 30 07 56 00 000 -192.00
2003 10 30 07 57 00 000 -192.00
2003 10 30 07 58 00 000 -192.00
2003 10 30 07 59 00 000 -193.00
2003 10 30 08 00 00 000 -198.00
2003 10 30 08 01 00 000 -200.00
2003 10 30 08 02 00 000 -205.00
2003 10 30 08 03 00 000 -208.00
2003 10 30 08 04 00 000 -209.00
2003 10 30 08 05 00 000 -207.00
2003 10 30 08 06 00 000 -204.00
2003 10 30 08 07 00 000 -203.00
2003 10 30 08 08 00 000 -205.00
2003 10 30 08 09 00 000 -207.00
2003 10 30 08 10 00 000 -206.00
2003 10 30 08 11 00 000 -201.00
2003 10 30 08 12 00 000 -201.00
2003 10 30 08 13 00 000 -203.00
2003 10 30 08 14 00 000 -204.00
2003 10 30 08 15 00 000 -204.00
2003 10 30 08 16 00 000 -202.00
2003 10 30 08 17 00 000 -201.00
2003 10 30 08 18 00 000 -200.00
2003 10 30 08 19 00 000 -201.00
2003 10 30 08 20 00 000 -200.00
2003 10 30 08 21 00 000 -198.00
2003 10 30 08 22 00 000 -197.00
2003 10 30 08 23 00 000 -197.00
2003 10 30 08 24 00 000 -196.00
2003 10 30 08 25 00 000 -193.00
2003 10 30 08 26 00 000 -191.00
2003 10 30 08 27 00 000 -191.00
2003 10 30 08 28 00 000 -193.00
2003 10 30 08 29 00 000 -194.00
2003 10 30 08 30 00 000 -193.00
2003 10 30 08 31 00 000 -192.00
2003 10 30 08 32 00 000 -191.00
2003 10 30 08 33 00 000 -191.00
2003 10 30 08 34 00 000 -190.00
2003 10 30 08 35 00 000 -189.00
2003 10 30 08 36 00 000 -189.00
2003 10 30 08 37 00 000 -189.00
2003 10 30 08 38 00 000 -189.00
2003 10 30 08 39 00 000 -189.00
2003 10 30 08 40 00 000 -187.00
2003 10 30 08 41 00 000 -187.00
2003 10 30 08 42 00 000 -186.00
2003 10 30 08 43 00 000 -186.00
2003 10 30 08 44 00 000 -187.00
2003 10 30 08 45 00 000 -187.00
2003 10 30 08 46 00 000 -188.00
2003 10 30 08 47 00 000 -187.00
2003 10 30 08 48 00 000 -187.00
2003 10 30 08 49 00 000 -187.00
2003 10 30 08 50 00 000 -187.00
2003 10 30 08 51 00 000 -188.00
2003 10 30 08 52 00 000 -187.00
2003 10 30 08 53 00 000 -186.00
2003 10 30 08 54 00 000 -185.00
2003 10 30 08 55 00 000 -185.00
2003 10 30 08 56 00 000 -185.00
2003 10 30 08 57 00 000 -185.00
2003 10 30 08 58 00 000 -186.00
2003 10 30 08 59 00 000 -186.00
2003 10 30 09 00 00 000 -185.00
2003 10 30 09 01 00 000 -184.00
2003 10 30 09 02 00 000 -184.00
2003 10 30 09 03 00 000 -184.00
2003 10 30 09 04 00 000 -185.00
2003 10 30 09 05 00 000 -186.00
2003 10 30 09 06 00 000 -186.00
2003 10 30 09 07 00 000 -186.00
2003 10 30 09 08 00 000 -186.00
2003 10 30 09 09 00 000 -186.00
2003 10 30 09 10 00 000 -186.00
2003 10 30 09 11 00 000 -185.00
2003 10 30 09 12 00 000 -185.00
2003 10 30 09 13 00 000 -184.00
2003 10 30 09 14 00 000 -184.00
2003 10 30 09 15 00 000 -184.00
2003 10 30 09 16 00 000 -184.00
2003 10 30 09 17 00 000 -184.00
2003 10 30 09 18 00 000 -183.00
2003 10 30 09 19 00 000 -181.00
2003 10 30 09 20 00 000 -181.00
2003 10 30 09 21 00 000 -181.00
2003 10 30 09 22 00 000 -181.00
2003 10 30 09 23 00 000 -180.00
2003 10 30 09 24 00 000 -178.00
2003 10 30 09 25 00 000 -176.00
2003 10 30 09 26 00 000 -176.00
2003 10 30 09 27 00 000 -177.00
2003 10 30 09 28 00 000 -178.00
2003 10 30 09 29 00 000 -178.00
2003 10 30 09 30 00 000 -178.00
2003 10 30 09 31 00 000 -178.00
2003 10 30 09 32 00 000 -179.00
2003 10 30 09 33 00 000 -179.00
2003 10 30 09 34 00 000 -177.00
2003 10 30 09 35 00 000 -176.00
2003 10 30 09 36 00 000 -177.00
2003 10 30 09 37 00 000 -178.00
2003 10 30 09 38 00 000 -178.00
2003 10 30 09 39 00 000 -177.00
2003 10 30 09 40 00 000 -176.00
2003 10 30 09 41 00 000 -175.00
2003 10 30 09 42 00 000 -174.00
2003 10 30 09 43 00 000 -175.00
2003 10 30 09 44 00 000 -175.00
2003 10 30 09 45 00 000 -176.00
2003 10 30 09 46 00 000 -175.00
2003 10 30 09 47 00 000 -175.00
2003 10 30 09 48 00 000 -175.00
2003 10 30 09 49 00 000 -174.00
2003 10 30 09 50 00 000 -174.00
2003 10 30 09 51 00 000 -174.00
2003 10 30 09 52 00 000 -174.00
2003 10 30 09 53 00 000 -174.00
2003 10 30 09 54 00 000 -174.00
2003 10 30 09 55 00 000 -174.00
2003 10 30 09 56 00 000 -174.00
2003 10 30 09 57 00 000 -173.00
2003 10 30 09 58 00 000 -174.00
2003 10 30 09 59 00 000 -174.00
2003 10 30 10 00 00 000 -174.00
2003 10 30 10 01 00 000 -174.00
2003 10 30 10 02 00 000 -174.00
2003 10 30 10 03 00 000 -174.00
2003 10 30 10 04 00 000 -174.00
2003 10 30 10 05 00 000 -174.00
2003 10 30 10 06 00 000 -174.00
2003 10 30 10 07 00 000 -173.00
2003 10 30 10 08 00 000 -173.00
2003 10 30 10 09 00 000 -173.00
2003 10 30 10 10 00 000 -173.00
2003 10 30 10 11 00 000 -172.00
2003 10 30 10 12 00 000 -172.00
2003 10 30 10 13 00 000 -171.00
2003 10 30 10 14 00 000 -171.00
2003 10 30 10 15 00 000 -171.00
2003 10 30 10 16 00 000 -170.00
2003 10 30 10 17 00 000 -171.00
2003 10 30 10 18 00 000 -171.00
2003 10 30 10 19 00 000 -170.00
2003 10 30 10 20 00 000 -169.00
2003 10 30 10 21 00 000 -170.00
2003 10 30 10 22 00 000 -169.00
2003 10 30 10 23 00 000 -169.00
2003 10 30 10 24 00 000 -168.00
2003 10 30 10 25 00 000 -169.00
2003 10 30 10 26 00 000 -168.00
2003 10 30 10 27 00 000 -166.00
2003 10 30 10 28 00 000 -165.00
2003 10 30 10 29 00 000 -162.00
2003 10 30 10 30 00 000 -160.00
2003 10 30 10 31 00 000 -155.00
2003 10 30 10 32 00 000 -148.00
2003 10 30 10 33 00 000 -150.00
2003 10 30 10 34 00 000 -155.00
2003 10 30 10 35 00 000 -158.00
2003 10 30 10 36 00 000 -159.00
2003 10 30 10 37 00 000 -159.00
2003 10 30 10 38 00 000 -159.00
2003 10 30 10 39 00 000 -159.00
2003 10 30 10 40 00 000 -161.00
2003 10 30 10 41 00 000 -160.00
2003 10 30 10 42 00 000 -159.00
2003 10 30 10 43 00 000 -159.00
2003 10 30 10 44 00 000 -159.00
2003 10 30 10 45 00 000 -161.00
2003 10 30 10 46 00 000 -160.00
2003 10 30 10 47 00 000 -156.00
2003 10 30 10 48 00 000 -153.00
2003 10 30 10 49 00 000 -154.00
2003 10 30 10 50 00 000 -155.00
2003 10 30 10 51 00 000 -157.00
2003 10 30 10 52 00 000 -159.00
2003 10 30 10 53 00 000 -159.00
2003 10 30 10 54 00 000 -160.00
2003 10 30 10 55 00 000 -160.00
2003 10 30 10 56 00 000 -158.00
2003 10 30 10 57 00 000 -159.00
2003 10 30 10 58 00 000 -161.00
2003 10 30 10 59 00 000 -162.00
2003 10 30 11 00 00 000 -160.00
2003 10 30 11 01 00 000 -158.00
2003 10 30 11 02 00 000 -156.00
2003 10 30 11 03 00 000 -156.00
2003 10 30 11 04 00 000 -157.00
2003 10 30 11 05 00 000 -157.00
2003 10 30 11 06 00 000 -155.00
2003 10 30 11 07 00 000 -155.00
2003 10 30 11 08 00 000 -155.00
2003 10 30 11 09 00 000 -152.00
2003 10 30 11 10 00 000 -153.00
2003 10 30 11 11 00 000 -154.00
2003 10 30 11 12 00 000 -154.00
2003 10 30 11 13 00 000 -154.00
2003 10 30 11 14 00 000 -154.00
2003 10 30 11 15 00 000 -155.00
2003 10 30 11 16 00 000 -155.00
2003 10 30 11 17 00 000 -154.00
2003 10 30 11 18 00 000 -153.00
2003 10 30 11 19 00 000 -155.00
2003 10 30 11 20 00 000 -156.00
2003 10 30 11 21 00 000 -157.00
2003 10 30 11 22 00 000 -155.00
2003 10 30 11 23 00 000 -155.00
2003 10 30 11 24 00 000 -155.00
2003 10 30 11 25 00 000 -156.00
2003 10 30 11 26 00 000 -155.00
2003 10 30 11 27 00 000 -153.00
2003 10 30 11 28 00 000 -152.00
2003 10 30 11 29 00 000 -153.00
2003 10 30 11 30 00 000 -153.00
2003 10 30 11 31 00 000 -153.00
2003 10 30 11 32 00 000 -152.00
2003 10 30 11 33 00 000 -152.00
2003 10 30 11 34 00 000 -151.00
2003 10 30 11 35 00 000 -151.00
2003 10 30 11 36 00 000 -152.00
2003 10 30 11 37 00 000 -151.00
2003 10 30 11 38 00 000 -150.00
2003 10 30 11 39 00 000 -150.00
2003 10 30 11 40 00 000 -149.00
2003 10 30 11 41 00 000 -148.00
2003 10 30 11 42 00 000 -149.00
2003 10 30 11 43 00 000 -149.00
2003 10 30 11 44 00 000 -146.00
2003 10 30 11 45 00 000 -144.00
2003 10 30 11 46 00 000 -144.00
2003 10 30 11 47 00 000 -147.00
2003 10 30 11 48 00 000 -149.00
2003 10 30 11 49 00 000 -148.00
2003 10 30 11 50 00 000 -148.00
2003 10 30 11 51 00 000 -146.00
2003 10 30 11 52 00 000 -145.00
2003 10 30 11 53 00 000 -147.00
2003 10 30 11 54 00 000 -147.00
2003 10 30 11 55 00 000 -148.00
2003 10 30 11 56 00 000 -146.00
2003 10 30 11 57 00 000 -147.00
2003 10 30 11 58 00 000 -147.00
2003 10 30 11 59 00 000 -147.00
2003 10 30 12 00 00 000 -147.00
2003 10 30 12 01 00 000 -143.00
2003 10 30 12 02 00 000 -142.00
2003 10 30 12 03 00 000 -146.00
2003 10 30 12 04 00 000 -150.00
2003 10 30 12 05 00 000 -151.00
2003 10 30 12 06 00 000 -149.00
2003 10 30 12 07 00 000 -147.00
2003 10 30 12 08 00 000 -145.00
2003 10 30 12 09 00 000 -147.00
2003 10 30 12 10 00 000 -150.00
2003 10 30 12 11 00 000 -152.00
2003 10 30 12 12 00 000 -151.00
2003 10 30 12 13 00 000 -152.00
2003 10 30 12 14 00 000 -154.00
2003 10 30 12 15 00 000 -154.00
2003 10 30 12 16 00 000 -155.00
2003 10 30 12 17 00 000 -157.00
2003 10 30 12 18 00 000 -156.00
2003 10 30 12 19 00 000 -154.00
2003 10 30 12 20 00 000 -152.00
2003 10 30 12 21 00 000 -151.00
2003 10 30 12 22 00 000 -152.00
2003 10 30 12 23 00 000 -154.00
2003 10 30 12 24 00 000 -156.00
2003 10 30 12 25 00 000 -155.00
2003 10 30 12 26 00 000 -154.00
2003 10 30 12 27 00 000 -152.00
2003 10 30 12 28 00 000 -151.00
2003 10 30 12 29 00 000 -152.00
2003 10 30 12 30 00 000 -152.00
2003 10 30 12 31 00 000 -152.00
2003 10 30 12 32 00 000 -152.00
2003 10 30 12 33 00 000 -152.00
2003 10 30 12 34 00 000 -151.00
2003 10 30 12 35 00 000 -153.00
2003 10 30 12 36 00 000 -152.00
2003 10 30 12 37 00 000 -152.00
2003 10 30 12 38 00 000 -152.00
2003 10 30 12 39 00 000 -151.00
2003 10 30 12 40 00 000 -150.00
2003 10 30 12 41 00 000 -150.00
2003 10 30 12 42 00 000 -152.00
2003 10 30 12 43 00 000 -152.00
2003 10 30 12 44 00 000 -152.00
2003 10 30 12 45 00 000 -152.00
2003 10 30 12 46 00 000 -151.00
2003 10 30 12 47 00 000 -151.00
2003 10 30 12 48 00 000 -152.00
2003 10 30 12 49 00 000 -152.00
2003 10 30 12 50 00 000 -152.00
2003 10 30 12 51 00 000 -151.00
2003 10 30 12 52 00 000 -148.00
2003 10 30 12 53 00 000 -146.00
2003 10 30 12 54 00 000 -145.00
2003 10 30 12 55 00 000 -147.00
2003 10 30 12 56 00 000 -146.00
2003 10 30 12 57 00 000 -146.00
2003 10 30 12 58 00 000 -145.00
2003 10 30 12 59 00 000 -145.00
2003 10 30 13 00 00 000 -145.00
2003 10 30 13 01 00 000 -142.00
2003 10 30 13 02 00 000 -142.00
2003 10 30 13 03 00 000 -141.00
2003 10 30 13 04 00 000 -140.00
2003 10 30 13 05 00 000 -139.00
2003 10 30 13 06 00 000 -139.00
2003 10 30 13 07 00 000 -140.00
2003 10 30 13 08 00 000 -141.00
2003 10 30 13 09 00 000 -141.00
2003 10 30 13 10 00 000 -141.00
2003 10 30 13 11 00 000 -140.00
2003 10 30 13 12 00 000 -141.00
2003 10 30 13 13 00 000 -142.00
2003 10 30 13 14 00 000 -140.00
2003 10 30 13 15 00 000 -140.00
2003 10 30 13 16 00 000 -141.00
2003 10 30 13 17 00 000 -141.00
2003 10 30 13 18 00 000 -143.00
2003 10 30 13 19 00 000 -146.00
2003 10 30 13 20 00 000 -144.00
2003 10 30 13 21 00 000 -141.00
2003 10 30 13 22 00 000 -141.00
2003 10 30 13 23 00 000 -142.00
2003 10 30 13 24 00 000 -142.00
2003 10 30 13 25 00 000 -141.00
2003 10 30 13 26 00 000 -142.00
2003 10 30 13 27 00 000 -143.00
2003 10 30 13 28 00 000 -143.00
2003 10 30 13 29 00 000 -144.00
2003 10 30 13 30 00 000 -144.00
2003 10 30 13 31 00 000 -143.00
2003 10 30 13 32 00 000 -143.00
2003 10 30 13 33 00 000 -143.00
2003 10 30 13 34 00 000 -142.00
2003 10 30 13 35 00 000 -142.00
2003 10 30 13 36 00 000 -142.00
2003 10 30 13 37 00 000 -142.00
2003 10 30 13 38 00 000 -142.00
2003 10 30 13 39 00 000 -142.00
2003 10 30 13 40 00 000 -142.00
2003 10 30 13 41 00 000 -142.00
2003 10 30 13 42 00 000 -142.00
2003 10 30 13 43 00 000 -142.00
2003 10 30 13 44 00 000 -142.00
2003 10 30 13 45 00 000 -143.00
2003 10 30 13 46 00 000 -142.00
2003 10 30 13 47 00 000 -141.00
2003 10 30 13 48 00 000 -140.00
2003 10 30 13 49 00 000 -140.00
2003 10 30 13 50 00 000 -140.00
2003 10 30 13 51 00 000 -141.00
2003 10 30 13 52 00 000 -142.00
2003 10 30 13 53 00 000 -142.00
2003 10 30 13 54 00 000 -143.00
2003 10 30 13 55 00 000 -142.00
2003 10 30 13 56 00 000 -141.00
2003 10 30 13 57 00 000 -142.00
2003 10 30 13 58 00 000 -142.00
2003 10 30 13 59 00 000 -142.00
2003 10 30 14 00 00 000 -143.00
2003 10 30 14 01 00 000 -141.00
2003 10 30 14 02 00 000 -141.00
2003 10 30 14 03 00 000 -141.00
2003 10 30 14 04 00 000 -141.00
2003 10 30 14 05 00 000 -140.00
2003 10 30 14 06 00 000 -140.00
2003 10 30 14 07 00 000 -138.00
2003 10 30 14 08 00 000 -139.00
2003 10 30 14 09 00 000 -138.00
2003 10 30 14 10 00 000 -137.00
2003 10 30 14 11 00 000 -138.00
2003 10 30 14 12 00 000 -140.00
2003 10 30 14 13 00 000 -140.00
2003 10 30 14 14 00 000 -139.00
2003 10 30 14 15 00 000 -135.00
2003 10 30 14 16 00 000 -136.00
2003 10 30 14 17 00 000 -133.00
2003 10 30 14 18 00 000 -131.00
2003 10 30 14 19 00 000 -135.00
2003 10 30 14 20 00 000 -137.00
2003 10 30 14 21 00 000 -137.00
2003 10 30 14 22 00 000 -134.00
2003 10 30 14 23 00 000 -133.00
2003 10 30 14 24 00 000 -132.00
2003 10 30 14 25 00 000 -132.00
2003 10 30 14 26 00 000 -133.00
2003 10 30 14 27 00 000 -133.00
2003 10 30 14 28 00 000 -133.00
2003 10 30 14 29 00 000 -133.00
2003 10 30 14 30 00 000 -134.00
2003 10 30 14 31 00 000 -133.00
2003 10 30 14 32 00 000 -135.00
2003 10 30 14 33 00 000 -133.00
2003 10 30 14 34 00 000 -132.00
2003 10 30 14 35 00 000 -132.00
2003 10 30 14 36 00 000 -132.00
2003 10 30 14 37 00 000 -133.00
2003 10 30 14 38 00 000 -133.00
2003 10 30 14 39 00 000 -134.00
2003 10 30 14 40 00 000 -134.00
2003 10 30 14 41 00 000 -134.00
2003 10 30 14 42 00 000 -134.00
2003 10 30 14 43 00 000 -135.00
2003 10 30 14 44 00 000 -134.00
2003 10 30 14 45 00 000 -135.00
2003 10 30 14 46 00 000 -135.00
2003 10 30 14 47 00 000 -136.00
2003 10 30 14 48 00 000 -136.00
2003 10 30 14 49 00 000 -134.00
2003 10 30 14 50 00 000 -133.00
2003 10 30 14 51 00 000 -133.00
2003 10 30 14 52 00 000 -133.00
2003 10 30 14 53 00 000 -133.00
2003 10 30 14 54 00 000 -132.00
2003 10 30 14 55 00 000 -134.00
2003 10 30 14 56 00 000 -135.00
2003 10 30 14 57 00 000 -133.00
2003 10 30 14 58 00 000 -134.00
2003 10 30 14 59 00 000 -134.00
2003 10 30 15 00 00 000 -133.00
2003 10 30 15 01 00 000 -133.00
2003 10 30 15 02 00 000 -133.00
2003 10 30 15 03 00 000 -133.00
2003 10 30 15 04 00 000 -133.00
2003 10 30 15 05 00 000 -133.00
2003 10 30 15 06 00 000 -133.00
2003 10 30 15 07 00 000 -133.00
2003 10 30 15 08 00 000 -131.00
2003 10 30 15 09 00 000 -133.00
2003 10 30 15 10 00 000 -133.00
2003 10 30 15 11 00 000 -132.00
2003 10 30 15 12 00 000 -132.00
2003 10 30 15 13 00 000 -133.00
2003 10 30 15 14 00 000 -132.00
2003 10 30 15 15 00 000 -132.00
2003 10 30 15 16 00 000 -132.00
2003 10 30 15 17 00 000 -131.00
2003 10 30 15 18 00 000 -131.00
2003 10 30 15 19 00 000 -131.00
2003 10 30 15 20 00 000 -131.00
2003 10 30 15 21 00 000 -133.00
2003 10 30 15 22 00 000 -131.00
2003 10 30 15 23 00 000 -133.00
2003 10 30 15 24 00 000 -132.00
2003 10 30 15 25 00 000 -131.00
2003 10 30 15 26 00 000 -130.00
2003 10 30 15 27 00 000 -132.00
2003 10 30 15 28 00 000 -131.00
2003 10 30 15 29 00 000 -130.00
2003 10 30 15 30 00 000 -130.00
2003 10 30 15 31 00 000 -128.00
2003 10 30 15 32 00 000 -127.00
2003 10 30 15 33 00 000 -127.00
2003 10 30 15 34 00 000 -125.00
2003 10 30 15 35 00 000 -123.00
2003 10 30 15 36 00 000 -122.00
2003 10 30 15 37 00 000 -126.00
2003 10 30 15 38 00 000 -126.00
2003 10 30 15 39 00 000 -126.00
2003 10 30 15 40 00 000 -125.00
2003 10 30 15 41 00 000 -128.00
2003 10 30 15 42 00 000 -126.00
2003 10 30 15 43 00 000 -127.00
2003 10 30 15 44 00 000 -125.00
2003 10 30 15 45 00 000 -127.00
2003 10 30 15 46 00 000 -127.00
2003 10 30 15 47 00 000 -128.00
2003 10 30 15 48 00 000 -130.00
2003 10 30 15 49 00 000 -130.00
2003 10 30 15 50 00 000 -128.00
2003 10 30 15 51 00 000 -129.00
2003 10 30 15 52 00 000 -128.00
2003 10 30 15 53 00 000 -126.00
2003 10 30 15 54 00 000 -127.00
2003 10 30 15 55 00 000 -124.00
2003 10 30 15 56 00 000 -124.00
2003 10 30 15 57 00 000 -124.00
2003 10 30 15 58 00 000 -123.00
2003 10 30 15 59 00 000 -122.00
2003 10 30 16 00 00 000 -123.00
2003 10 30 16 01 00 000 -123.00
2003 10 30 16 02 00 000 -121.00
2003 10 30 16 03 00 000 -123.00
2003 10 30 16 04 00 000 -125.00
2003 10 30 16 05 00 000 -125.00
2003 10 30 16 06 00 000 -124.00
2003 10 30 16 07 00 000 -123.00
2003 10 30 16 08 00 000 -123.00
2003 10 30 16 09 00 000 -123.00
2003 10 30 16 10 00 000 -122.00
2003 10 30 16 11 00 000 -122.00
2003 10 30 16 12 00 000 -118.00
2003 10 30 16 13 00 000 -117.00
2003 10 30 16 14 00 000 -117.00
2003 10 30 16 15 00 000 -117.00
2003 10 30 16 16 00 000 -117.00
2003 10 30 16 17 00 000 -117.00
2003 10 30 16 18 00 000 -117.00
2003 10 30 16 19 00 000 -117.00
2003 10 30 16 20 00 000 -117.00
2003 10 30 16 21 00 000 -117.00
2003 10 30 16 22 00 000 -117.00
2003 10 30 16 23 00 000 -116.00
2003 10 30 16 24 00 000 -117.00
2003 10 30 16 25 00 000 -117.00
2003 10 30 16 26 00 000 -117.00
2003 10 30 16 27 00 000 -116.00
2003 10 30 16 28 00 000 -116.00
2003 10 30 16 29 00 000 -114.00
2003 10 30 16 30 00 000 -115.00
2003 10 30 16 31 00 000 -114.00
2003 10 30 16 32 00 000 -115.00
2003 10 30 16 33 00 000 -114.00
2003 10 30 16 34 00 000 -112.00
2003 10 30 16 35 00 000 -111.00
2003 10 30 16 36 00 000 -113.00
2003 10 30 16 37 00 000 -112.00
2003 10 30 16 38 00 000 -108.00
2003 10 30 16 39 00 000 -107.00
2003 10 30 16 40 00 000 -101.00
2003 10 30 16 41 00 000  -97.00
2003 10 30 16 42 00 000 -100.00
2003 10 30 16 43 00 000 -107.00
2003 10 30 16 44 00 000 -113.00
2003 10 30 16 45 00 000 -120.00
2003 10 30 16 46 00 000 -115.00
2003 10 30 16 47 00 000 -112.00
2003 10 30 16 48 00 000 -109.00
2003 10 30 16 49 00 000 -108.00
2003 10 30 16 50 00 000 -114.00
2003 10 30 16 51 00 000 -116.00
2003 10 30 16 52 00 000 -117.00
2003 10 30 16 53 00 000 -114.00
2003 10 30 16 54 00 000 -115.00
2003 10 30 16 55 00 000 -120.00
2003 10 30 16 56 00 000 -122.00
2003 10 30 16 57 00 000 -123.00
2003 10 30 16 58 00 000 -122.00
2003 10 30 16 59 00 000 -120.00
2003 10 30 17 00 00 000 -118.00
2003 10 30 17 01 00 000 -116.00
2003 10 30 17 02 00 000 -113.00
2003 10 30 17 03 00 000 -111.00
2003 10 30 17 04 00 000 -114.00
2003 10 30 17 05 00 000 -116.00
2003 10 30 17 06 00 000 -116.00
2003 10 30 17 07 00 000 -116.00
2003 10 30 17 08 00 000 -119.00
2003 10 30 17 09 00 000 -120.00
2003 10 30 17 10 00 000 -122.00
2003 10 30 17 11 00 000 -119.00
2003 10 30 17 12 00 000 -117.00
2003 10 30 17 13 00 000 -117.00
2003 10 30 17 14 00 000 -118.00
2003 10 30 17 15 00 000 -123.00
2003 10 30 17 16 00 000 -126.00
2003 10 30 17 17 00 000 -125.00
2003 10 30 17 18 00 000 -126.00
2003 10 30 17 19 00 000 -125.00
2003 10 30 17 20 00 000 -124.00
2003 10 30 17 21 00 000 -122.00
2003 10 30 17 22 00 000 -122.00
2003 10 30 17 23 00 000 -126.00
2003 10 30 17 24 00 000 -130.00
2003 10 30 17 25 00 000 -133.00
2003 10 30 17 26 00 000 -134.00
2003 10 30 17 27 00 000 -131.00
2003 10 30 17 28 00 000 -132.00
2003 10 30 17 29 00 000 -130.00
2003 10 30 17 30 00 000 -131.00
2003 10 30 17 31 00 000 -132.00
2003 10 30 17 32 00 000 -136.00
2003 10 30 17 33 00 000 -137.00
2003 10 30 17 34 00 000 -137.00
2003 10 30 17 35 00 000 -137.00
2003 10 30 17 36 00 000 -135.00
2003 10 30 17 37 00 000 -133.00
2003 10 30 17 38 00 000 -139.00
2003 10 30 17 39 00 000 -141.00
2003 10 30 17 40 00 000 -142.00
2003 10 30 17 41 00 000 -145.00
2003 10 30 17 42 00 000 -144.00
2003 10 30 17 43 00 000 -143.00
2003 10 30 17 44 00 000 -136.00
2003 10 30 17 45 00 000 -131.00
2003 10 30 17 46 00 000 -126.00
2003 10 30 17 47 00 000 -125.00
2003 10 30 17 48 00 000 -128.00
2003 10 30 17 49 00 000 -127.00
2003 10 30 17 50 00 000 -126.00
2003 10 30 17 51 00 000 -136.00
2003 10 30 17 52 00 000 -135.00
2003 10 30 17 53 00 000 -129.00
2003 10 30 17 54 00 000 -126.00
2003 10 30 17 55 00 000 -134.00
2003 10 30 17 56 00 000 -133.00
2003 10 30 17 57 00 000 -134.00
2003 10 30 17 58 00 000 -132.00
2003 10 30 17 59 00 000 -134.00
2003 10 30 18 00 00 000 -135.00
2003 10 30 18 01 00 000 -145.00
2003 10 30 18 02 00 000 -140.00
2003 10 30 18 03 00 000 -132.00
2003 10 30 18 04 00 000 -135.00
2003 10 30 18 05 00 000 -142.00
2003 10 30 18 06 00 000 -144.00
2003 10 30 18 07 00 000 -139.00
2003 10 30 18 08 00 000 -137.00
2003 10 30 18 09 00 000 -139.00
2003 10 30 18 10 00 000 -138.00
2003 10 30 18 11 00 000 -137.00
2003 10 30 18 12 00 000 -137.00
2003 10 30 18 13 00 000 -138.00
2003 10 30 18 14 00 000 -136.00
2003 10 30 18 15 00 000 -134.00
2003 10 30 18 16 00 000 -134.00
2003 10 30 18 17 00 000 -134.00
2003 10 30 18 18 00 000 -133.00
2003 10 30 18 19 00 000 -125.00
2003 10 30 18 20 00 000 -119.00
2003 10 30 18 21 00 000 -137.00
2003 10 30 18 22 00 000 -144.00
2003 10 30 18 23 00 000 -136.00
2003 10 30 18 24 00 000 -129.00
2003 10 30 18 25 00 000 -127.00
2003 10 30 18 26 00 000 -129.00
2003 10 30 18 27 00 000 -130.00
2003 10 30 18 28 00 000 -129.00
2003 10 30 18 29 00 000 -129.00
2003 10 30 18 30 00 000 -128.00
2003 10 30 18 31 00 000 -125.00
2003 10 30 18 32 00 000 -125.00
2003 10 30 18 33 00 000 -130.00
2003 10 30 18 34 00 000 -130.00
2003 10 30 18 35 00 000 -126.00
2003 10 30 18 36 00 000 -129.00
2003 10 30 18 37 00 000 -129.00
2003 10 30 18 38 00 000 -130.00
2003 10 30 18 39 00 000 -129.00
2003 10 30 18 40 00 000 -130.00
2003 10 30 18 41 00 000 -129.00
2003 10 30 18 42 00 000 -130.00
2003 10 30 18 43 00 000 -131.00
2003 10 30 18 44 00 000 -133.00
2003 10 30 18 45 00 000 -134.00
2003 10 30 18 46 00 000 -135.00
2003 10 30 18 47 00 000 -138.00
2003 10 30 18 48 00 000 -137.00
2003 10 30 18 49 00 000 -135.00
2003 10 30 18 50 00 000 -138.00
2003 10 30 18 51 00 000 -138.00
2003 10 30 18 52 00 000 -138.00
2003 10 30 18 53 00 000 -136.00
2003 10 30 18 54 00 000 -134.00
2003 10 30 18 55 00 000 -132.00
2003 10 30 18 56 00 000 -131.00
2003 10 30 18 57 00 000 -130.00
2003 10 30 18 58 00 000 -132.00
2003 10 30 18 59 00 000 -131.00
2003 10 30 19 00 00 000 -138.00
2003 10 30 19 01 00 000 -150.00
2003 10 30 19 02 00 000 -150.00
2003 10 30 19 03 00 000 -146.00
2003 10 30 19 04 00 000 -145.00
2003 10 30 19 05 00 000 -144.00
2003 10 30 19 06 00 000 -142.00
2003 10 30 19 07 00 000 -143.00
2003 10 30 19 08 00 000 -146.00
2003 10 30 19 09 00 000 -150.00
2003 10 30 19 10 00 000 -154.00
2003 10 30 19 11 00 000 -157.00
2003 10 30 19 12 00 000 -162.00
2003 10 30 19 13 00 000 -164.00
2003 10 30 19 14 00 000 -168.00
2003 10 30 19 15 00 000 -163.00
2003 10 30 19 16 00 000 -162.00
2003 10 30 19 17 00 000 -157.00
2003 10 30 19 18 00 000 -144.00
2003 10 30 19 19 00 000 -133.00
2003 10 30 19 20 00 000 -134.00
2003 10 30 19 21 00 000 -134.00
2003 10 30 19 22 00 000 -143.00
2003 10 30 19 23 00 000 -144.00
2003 10 30 19 24 00 000 -136.00
2003 10 30 19 25 00 000 -136.00
2003 10 30 19 26 00 000 -133.00
2003 10 30 19 27 00 000 -126.00
2003 10 30 19 28 00 000 -136.00
2003 10 30 19 29 00 000 -126.00
2003 10 30 19 30 00 000 -133.00
2003 10 30 19 31 00 000 -135.00
2003 10 30 19 32 00 000 -133.00
2003 10 30 19 33 00 000 -130.00
2003 10 30 19 34 00 000 -135.00
2003 10 30 19 35 00 000 -136.00
2003 10 30 19 36 00 000 -135.00
2003 10 30 19 37 00 000 -136.00
2003 10 30 19 38 00 000 -136.00
2003 10 30 19 39 00 000 -138.00
2003 10 30 19 40 00 000 -149.00
2003 10 30 19 41 00 000 -154.00
2003 10 30 19 42 00 000 -153.00
2003 10 30 19 43 00 000 -149.00
2003 10 30 19 44 00 000 -141.00
2003 10 30 19 45 00 000 -143.00
2003 10 30 19 46 00 000 -154.00
2003 10 30 19 47 00 000 -165.00
2003 10 30 19 48 00 000 -160.00
2003 10 30 19 49 00 000 -151.00
2003 10 30 19 50 00 000 -146.00
2003 10 30 19 51 00 000 -141.00
2003 10 30 19 52 00 000 -143.00
2003 10 30 19 53 00 000 -135.00
2003 10 30 19 54 00 000 -107.00
2003 10 30 19 55 00 000  -88.00
2003 10 30 19 56 00 000  -87.00
2003 10 30 19 57 00 000 -109.00
2003 10 30 19 58 00 000 -139.00
2003 10 30 19 59 00 000 -139.00
2003 10 30 20 00 00 000 -157.00
2003 10 30 20 01 00 000 -172.00
2003 10 30 20 02 00 000 -185.00
2003 10 30 20 03 00 000 -142.00
2003 10 30 20 04 00 000 -139.00
2003 10 30 20 05 00 000 -151.00
2003 10 30 20 06 00 000 -146.00
2003 10 30 20 07 00 000 -132.00
2003 10 30 20 08 00 000  -75.00
2003 10 30 20 09 00 000 -187.00
2003 10 30 20 10 00 000 -157.00
2003 10 30 20 11 00 000 -183.00
2003 10 30 20 12 00 000 -193.00
2003 10 30 20 13 00 000 -207.00
2003 10 30 20 14 00 000 -196.00
2003 10 30 20 15 00 000 -180.00
2003 10 30 20 16 00 000 -191.00
2003 10 30 20 17 00 000 -216.00
2003 10 30 20 18 00 000 -221.00
2003 10 30 20 19 00 000 -228.00
2003 10 30 20 20 00 000 -228.00
2003 10 30 20 21 00 000 -229.00
2003 10 30 20 22 00 000 -238.00
2003 10 30 20 23 00 000 -237.00
2003 10 30 20 24 00 000 -232.00
2003 10 30 20 25 00 000 -209.00
2003 10 30 20 26 00 000 -178.00
2003 10 30 20 27 00 000 -200.00
2003 10 30 20 28 00 000 -211.00
2003 10 30 20 29 00 000 -208.00
2003 10 30 20 30 00 000 -202.00
2003 10 30 20 31 00 000 -201.00
2003 10 30 20 32 00 000 -199.00
2003 10 30 20 33 00 000 -205.00
2003 10 30 20 34 00 000 -225.00
2003 10 30 20 35 00 000 -233.00
2003 10 30 20 36 00 000 -219.00
2003 10 30 20 37 00 000 -237.00
2003 10 30 20 38 00 000 -254.00
2003 10 30 20 39 00 000 -261.00
2003 10 30 20 40 00 000 -264.00
2003 10 30 20 41 00 000 -268.00
2003 10 30 20 42 00 000 -274.00
2003 10 30 20 43 00 000 -280.00
2003 10 30 20 44 00 000 -281.00
2003 10 30 20 45 00 000 -278.00
2003 10 30 20 46 00 000 -290.00
2003 10 30 20 47 00 000 -293.00
2003 10 30 20 48 00 000 -295.00
2003 10 30 20 49 00 000 -302.00
2003 10 30 20 50 00 000 -306.00
2003 10 30 20 51 00 000 -305.00
2003 10 30 20 52 00 000 -298.00
2003 10 30 20 53 00 000 -304.00
2003 10 30 20 54 00 000 -305.00
2003 10 30 20 55 00 000 -302.00
2003 10 30 20 56 00 000 -300.00
2003 10 30 20 57 00 000 -292.00
2003 10 30 20 58 00 000 -291.00
2003 10 30 20 59 00 000 -309.00
2003 10 30 21 00 00 000 -308.00
2003 10 30 21 01 00 000 -305.00
2003 10 30 21 02 00 000 -296.00
2003 10 30 21 03 00 000 -294.00
2003 10 30 21 04 00 000 -303.00
2003 10 30 21 05 00 000 -307.00
2003 10 30 21 06 00 000 -307.00
2003 10 30 21 07 00 000 -311.00
2003 10 30 21 08 00 000 -312.00
2003 10 30 21 09 00 000 -317.00
2003 10 30 21 10 00 000 -325.00
2003 10 30 21 11 00 000 -326.00
2003 10 30 21 12 00 000 -326.00
2003 10 30 21 13 00 000 -326.00
2003 10 30 21 14 00 000 -325.00
2003 10 30 21 15 00 000 -320.00
2003 10 30 21 16 00 000 -312.00
2003 10 30 21 17 00 000 -302.00
2003 10 30 21 18 00 000 -297.00
2003 10 30 21 19 00 000 -292.00
2003 10 30 21 20 00 000 -284.00
2003 10 30 21 21 00 000 -260.00
2003 10 30 21 22 00 000 -246.00
2003 10 30 21 23 00 000 -240.00
2003 10 30 21 24 00 000 -231.00
2003 10 30 21 25 00 000 -222.00
2003 10 30 21 26 00 000 -218.00
2003 10 30 21 27 00 000 -220.00
2003 10 30 21 28 00 000 -223.00
2003 10 30 21 29 00 000 -223.00
2003 10 30 21 30 00 000 -218.00
2003 10 30 21 31 00 000 -208.00
2003 10 30 21 32 00 000 -208.00
2003 10 30 21 33 00 000 -201.00
2003 10 30 21 34 00 000 -196.00
2003 10 30 21 35 00 000 -197.00
2003 10 30 21 36 00 000 -194.00
2003 10 30 21 37 00 000 -184.00
2003 10 30 21 38 00 000 -193.00
2003 10 30 21 39 00 000 -199.00
2003 10 30 21 40 00 000 -216.00
2003 10 30 21 41 00 000 -226.00
2003 10 30 21 42 00 000 -232.00
2003 10 30 21 43 00 000 -236.00
2003 10 30 21 44 00 000 -238.00
2003 10 30 21 45 00 000 -242.00
2003 10 30 21 46 00 000 -247.00
2003 10 30 21 47 00 000 -256.00
2003 10 30 21 48 00 000 -254.00
2003 10 30 21 49 00 000 -254.00
2003 10 30 21 50 00 000 -265.00
2003 10 30 21 51 00 000 -273.00
2003 10 30 21 52 00 000 -288.00
2003 10 30 21 53 00 000 -297.00
2003 10 30 21 54 00 000 -301.00
2003 10 30 21 55 00 000 -307.00
2003 10 30 21 56 00 000 -313.00
2003 10 30 21 57 00 000 -315.00
2003 10 30 21 58 00 000 -303.00
2003 10 30 21 59 00 000 -288.00
2003 10 30 22 00 00 000 -280.00
2003 10 30 22 01 00 000 -276.00
2003 10 30 22 02 00 000 -275.00
2003 10 30 22 03 00 000 -278.00
2003 10 30 22 04 00 000 -287.00
2003 10 30 22 05 00 000 -293.00
2003 10 30 22 06 00 000 -301.00
2003 10 30 22 07 00 000 -297.00
2003 10 30 22 08 00 000 -304.00
2003 10 30 22 09 00 000 -314.00
2003 10 30 22 10 00 000 -318.00
2003 10 30 22 11 00 000 -322.00
2003 10 30 22 12 00 000 -321.00
2003 10 30 22 13 00 000 -314.00
2003 10 30 22 14 00 000 -320.00
2003 10 30 22 15 00 000 -321.00
2003 10 30 22 16 00 000 -320.00
2003 10 30 22 17 00 000 -329.00
2003 10 30 22 18 00 000 -334.00
2003 10 30 22 19 00 000 -340.00
2003 10 30 22 20 00 000 -345.00
2003 10 30 22 21 00 000 -356.00
2003 10 30 22 22 00 000 -359.00
2003 10 30 22 23 00 000 -362.00
2003 10 30 22 24 00 000 -362.00
2003 10 30 22 25 00 000 -364.00
2003 10 30 22 26 00 000 -364.00
2003 10 30 22 27 00 000 -364.00
2003 10 30 22 28 00 000 -363.00
2003 10 30 22 29 00 000 -365.00
2003 10 30 22 30 00 000 -363.00
2003 10 30 22 31 00 000 -363.00
2003 10 30 22 32 00 000 -359.00
2003 10 30 22 33 00 000 -365.00
2003 10 30 22 34 00 000 -373.00
2003 10 30 22 35 00 000 -380.00
2003 10 30 22 36 00 000 -381.00
2003 10 30 22 37 00 000 -383.00
2003 10 30 22 38 00 000 -392.00
2003 10 30 22 39 00 000 -401.00
2003 10 30 22 40 00 000 -411.00
2003 10 30 22 41 00 000 -408.00
2003 10 30 22 42 00 000 -411.00
2003 10 30 22 43 00 000 -420.00
2003 10 30 22 44 00 000 -427.00
2003 10 30 22 45 00 000 -425.00
2003 10 30 22 46 00 000 -421.00
2003 10 30 22 47 00 000 -418.00
2003 10 30 22 48 00 000 -421.00
2003 10 30 22 49 00 000 -421.00
2003 10 30 22 50 00 000 -424.00
2003 10 30 22 51 00 000 -425.00
2003 10 30 22 52 00 000 -423.00
2003 10 30 22 53 00 000 -429.00
2003 10 30 22 54 00 000 -431.00
2003 10 30 22 55 00 000 -432.00
2003 10 30 22 56 00 000 -429.00
2003 10 30 22 57 00 000 -427.00
2003 10 30 22 58 00 000 -427.00
2003 10 30 22 59 00 000 -421.00
2003 10 30 23 00 00 000 -416.00
2003 10 30 23 01 00 000 -413.00
2003 10 30 23 02 00 000 -413.00
2003 10 30 23 03 00 000 -411.00
2003 10 30 23 04 00 000 -406.00
2003 10 30 23 05 00 000 -405.00
2003 10 30 23 06 00 000 -399.00
2003 10 30 23 07 00 000 -397.00
2003 10 30 23 08 00 000 -395.00
2003 10 30 23 09 00 000 -396.00
2003 10 30 23 10 00 000 -398.00
2003 10 30 23 11 00 000 -399.00
2003 10 30 23 12 00 000 -392.00
2003 10 30 23 13 00 000 -389.00
2003 10 30 23 14 00 000 -387.00
2003 10 30 23 15 00 000 -388.00
2003 10 30 23 16 00 000 -391.00
2003 10 30 23 17 00 000 -387.00
2003 10 30 23 18 00 000 -382.00
2003 10 30 23 19 00 000 -382.00
2003 10 30 23 20 00 000 -384.00
2003 10 30 23 21 00 000 -384.00
2003 10 30 23 22 00 000 -385.00
2003 10 30 23 23 00 000 -389.00
2003 10 30 23 24 00 000 -392.00
2003 10 30 23 25 00 000 -393.00
2003 10 30 23 26 00 000 -390.00
2003 10 30 23 27 00 000 -390.00
2003 10 30 23 28 00 000 -395.00
2003 10 30 23 29 00 000 -396.00
2003 10 30 23 30 00 000 -397.00
2003 10 30 23 31 00 000 -400.00
2003 10 30 23 32 00 000 -392.00
2003 10 30 23 33 00 000 -387.00
2003 10 30 23 34 00 000 -386.00
2003 10 30 23 35 00 000 -388.00
2003 10 30 23 36 00 000 -403.00
2003 10 30 23 37 00 000 -394.00
2003 10 30 23 38 00 000 -390.00
2003 10 30 23 39 00 000 -393.00
2003 10 30 23 40 00 000 -388.00
2003 10 30 23 41 00 000 -372.00
2003 10 30 23 42 00 000 -362.00
2003 10 30 23 43 00 000 -359.00
2003 10 30 23 44 00 000 -345.00
2003 10 30 23 45 00 000 -347.00
2003 10 30 23 46 00 000 -346.00
2003 10 30 23 47 00 000 -346.00
2003 10 30 23 48 00 000 -346.00
2003 10 30 23 49 00 000 -337.00
2003 10 30 23 50 00 000 -326.00
2003 10 30 23 51 00 000 -324.00
2003 10 30 23 52 00 000 -320.00
2003 10 30 23 53 00 000 -315.00
2003 10 30 23 54 00 000 -312.00
2003 10 30 23 55 00 000 -306.00
2003 10 30 23 56 00 000 -308.00
2003 10 30 23 57 00 000 -316.00
2003 10 30 23 58 00 000 -311.00
2003 10 30 23 59 00 000 -311.00
2003 10 31 00 00 00 000 -313.00
2003 10 31 00 01 00 000 -317.00
2003 10 31 00 02 00 000 -326.00
2003 10 31 00 03 00 000 -332.00
2003 10 31 00 04 00 000 -335.00
2003 10 31 00 05 00 000 -336.00
2003 10 31 00 06 00 000 -331.00
2003 10 31 00 07 00 000 -336.00
2003 10 31 00 08 00 000 -336.00
2003 10 31 00 09 00 000 -329.00
2003 10 31 00 10 00 000 -321.00
2003 10 31 00 11 00 000 -322.00
2003 10 31 00 12 00 000 -321.00
2003 10 31 00 13 00 000 -313.00
2003 10 31 00 14 00 000 -311.00
2003 10 31 00 15 00 000 -308.00
