Sym-H and AL  obtained from Kyoto WDC for SWPC Event 6.  Units in nT.
year mo dy hr mn sc msc dst_sm AL
2011 08 05 04 00 00 000  -13.00  -127.00
2011 08 05 04 01 00 000  -13.00  -133.00
2011 08 05 04 02 00 000  -14.00  -118.00
2011 08 05 04 03 00 000  -14.00  -120.00
2011 08 05 04 04 00 000  -14.00  -121.00
2011 08 05 04 05 00 000  -14.00  -122.00
2011 08 05 04 06 00 000  -14.00  -128.00
2011 08 05 04 07 00 000  -14.00  -106.00
2011 08 05 04 08 00 000  -14.00  -103.00
2011 08 05 04 09 00 000  -14.00  -113.00
2011 08 05 04 10 00 000  -14.00  -116.00
2011 08 05 04 11 00 000  -13.00  -112.00
2011 08 05 04 12 00 000  -13.00  -115.00
2011 08 05 04 13 00 000  -14.00  -113.00
2011 08 05 04 14 00 000  -14.00  -110.00
2011 08 05 04 15 00 000  -14.00  -106.00
2011 08 05 04 16 00 000  -14.00   -97.00
2011 08 05 04 17 00 000  -15.00   -91.00
2011 08 05 04 18 00 000  -15.00   -95.00
2011 08 05 04 19 00 000  -15.00   -93.00
2011 08 05 04 20 00 000  -15.00   -93.00
2011 08 05 04 21 00 000  -15.00  -100.00
2011 08 05 04 22 00 000  -15.00  -110.00
2011 08 05 04 23 00 000  -15.00  -106.00
2011 08 05 04 24 00 000  -16.00   -92.00
2011 08 05 04 25 00 000  -16.00   -95.00
2011 08 05 04 26 00 000  -17.00  -105.00
2011 08 05 04 27 00 000  -17.00  -101.00
2011 08 05 04 28 00 000  -17.00   -85.00
2011 08 05 04 29 00 000  -17.00   -78.00
2011 08 05 04 30 00 000  -17.00   -78.00
2011 08 05 04 31 00 000  -17.00   -72.00
2011 08 05 04 32 00 000  -17.00   -70.00
2011 08 05 04 33 00 000  -17.00   -70.00
2011 08 05 04 34 00 000  -16.00   -70.00
2011 08 05 04 35 00 000  -17.00   -74.00
2011 08 05 04 36 00 000  -16.00   -76.00
2011 08 05 04 37 00 000  -16.00   -76.00
2011 08 05 04 38 00 000  -16.00   -78.00
2011 08 05 04 39 00 000  -17.00   -80.00
2011 08 05 04 40 00 000  -17.00   -76.00
2011 08 05 04 41 00 000  -17.00   -71.00
2011 08 05 04 42 00 000  -17.00   -64.00
2011 08 05 04 43 00 000  -17.00   -53.00
2011 08 05 04 44 00 000  -17.00   -51.00
2011 08 05 04 45 00 000  -17.00   -50.00
2011 08 05 04 46 00 000  -17.00   -45.00
2011 08 05 04 47 00 000  -17.00   -39.00
2011 08 05 04 48 00 000  -17.00   -39.00
2011 08 05 04 49 00 000  -17.00   -36.00
2011 08 05 04 50 00 000  -17.00   -35.00
2011 08 05 04 51 00 000  -17.00   -36.00
2011 08 05 04 52 00 000  -17.00   -28.00
2011 08 05 04 53 00 000  -18.00   -25.00
2011 08 05 04 54 00 000  -18.00   -25.00
2011 08 05 04 55 00 000  -17.00   -25.00
2011 08 05 04 56 00 000  -17.00   -25.00
2011 08 05 04 57 00 000  -17.00   -25.00
2011 08 05 04 58 00 000  -17.00   -24.00
2011 08 05 04 59 00 000  -16.00   -23.00
2011 08 05 05 00 00 000  -16.00   -23.00
2011 08 05 05 01 00 000  -16.00   -24.00
2011 08 05 05 02 00 000  -16.00   -24.00
2011 08 05 05 03 00 000  -16.00   -21.00
2011 08 05 05 04 00 000  -16.00   -21.00
2011 08 05 05 05 00 000  -16.00   -20.00
2011 08 05 05 06 00 000  -16.00   -19.00
2011 08 05 05 07 00 000  -16.00   -19.00
2011 08 05 05 08 00 000  -16.00   -18.00
2011 08 05 05 09 00 000  -15.00   -18.00
2011 08 05 05 10 00 000  -15.00   -18.00
2011 08 05 05 11 00 000  -15.00   -17.00
2011 08 05 05 12 00 000  -15.00   -15.00
2011 08 05 05 13 00 000  -15.00   -15.00
2011 08 05 05 14 00 000  -14.00   -17.00
2011 08 05 05 15 00 000  -14.00   -16.00
2011 08 05 05 16 00 000  -14.00   -16.00
2011 08 05 05 17 00 000  -14.00   -14.00
2011 08 05 05 18 00 000  -14.00   -15.00
2011 08 05 05 19 00 000  -13.00   -14.00
2011 08 05 05 20 00 000  -13.00   -12.00
2011 08 05 05 21 00 000  -13.00   -11.00
2011 08 05 05 22 00 000  -13.00   -10.00
2011 08 05 05 23 00 000  -13.00   -10.00
2011 08 05 05 24 00 000  -13.00   -10.00
2011 08 05 05 25 00 000  -13.00   -10.00
2011 08 05 05 26 00 000  -13.00   -12.00
2011 08 05 05 27 00 000  -12.00   -13.00
2011 08 05 05 28 00 000  -12.00   -12.00
2011 08 05 05 29 00 000  -13.00   -13.00
2011 08 05 05 30 00 000  -13.00   -17.00
2011 08 05 05 31 00 000  -13.00   -13.00
2011 08 05 05 32 00 000  -12.00   -14.00
2011 08 05 05 33 00 000  -12.00   -18.00
2011 08 05 05 34 00 000  -11.00   -18.00
2011 08 05 05 35 00 000  -12.00   -17.00
2011 08 05 05 36 00 000  -11.00   -17.00
2011 08 05 05 37 00 000  -11.00   -19.00
2011 08 05 05 38 00 000  -11.00   -20.00
2011 08 05 05 39 00 000  -11.00   -18.00
2011 08 05 05 40 00 000  -11.00   -12.00
2011 08 05 05 41 00 000  -11.00    -9.00
2011 08 05 05 42 00 000  -10.00    -8.00
2011 08 05 05 43 00 000  -10.00   -10.00
2011 08 05 05 44 00 000  -10.00   -15.00
2011 08 05 05 45 00 000  -10.00   -14.00
2011 08 05 05 46 00 000  -11.00   -13.00
2011 08 05 05 47 00 000  -11.00   -13.00
2011 08 05 05 48 00 000  -12.00   -12.00
2011 08 05 05 49 00 000  -12.00   -11.00
2011 08 05 05 50 00 000  -12.00   -10.00
2011 08 05 05 51 00 000  -12.00    -8.00
2011 08 05 05 52 00 000  -13.00    -8.00
2011 08 05 05 53 00 000  -13.00   -10.00
2011 08 05 05 54 00 000  -13.00   -11.00
2011 08 05 05 55 00 000  -13.00   -12.00
2011 08 05 05 56 00 000  -13.00   -14.00
2011 08 05 05 57 00 000  -13.00   -15.00
2011 08 05 05 58 00 000  -13.00   -14.00
2011 08 05 05 59 00 000  -13.00   -11.00
2011 08 05 06 00 00 000  -13.00   -12.00
2011 08 05 06 01 00 000  -13.00   -12.00
2011 08 05 06 02 00 000  -13.00    -8.00
2011 08 05 06 03 00 000  -13.00    -8.00
2011 08 05 06 04 00 000  -13.00   -12.00
2011 08 05 06 05 00 000  -13.00   -13.00
2011 08 05 06 06 00 000  -13.00   -11.00
2011 08 05 06 07 00 000  -13.00   -10.00
2011 08 05 06 08 00 000  -13.00   -13.00
2011 08 05 06 09 00 000  -13.00   -11.00
2011 08 05 06 10 00 000  -13.00    -8.00
2011 08 05 06 11 00 000  -13.00    -9.00
2011 08 05 06 12 00 000  -13.00   -11.00
2011 08 05 06 13 00 000  -13.00   -11.00
2011 08 05 06 14 00 000  -13.00   -11.00
2011 08 05 06 15 00 000  -13.00   -12.00
2011 08 05 06 16 00 000  -13.00   -12.00
2011 08 05 06 17 00 000  -13.00   -11.00
2011 08 05 06 18 00 000  -13.00   -16.00
2011 08 05 06 19 00 000  -12.00   -20.00
2011 08 05 06 20 00 000  -13.00   -24.00
2011 08 05 06 21 00 000  -12.00   -26.00
2011 08 05 06 22 00 000  -12.00   -17.00
2011 08 05 06 23 00 000  -12.00    -7.00
2011 08 05 06 24 00 000  -12.00    -7.00
2011 08 05 06 25 00 000  -12.00    -9.00
2011 08 05 06 26 00 000  -12.00   -11.00
2011 08 05 06 27 00 000  -12.00   -14.00
2011 08 05 06 28 00 000  -12.00   -12.00
2011 08 05 06 29 00 000  -12.00    -9.00
2011 08 05 06 30 00 000  -12.00    -7.00
2011 08 05 06 31 00 000  -12.00    -9.00
2011 08 05 06 32 00 000  -12.00   -10.00
2011 08 05 06 33 00 000  -12.00   -11.00
2011 08 05 06 34 00 000  -11.00    -7.00
2011 08 05 06 35 00 000  -12.00    -6.00
2011 08 05 06 36 00 000  -12.00    -5.00
2011 08 05 06 37 00 000  -12.00    -5.00
2011 08 05 06 38 00 000  -12.00    -7.00
2011 08 05 06 39 00 000  -12.00    -8.00
2011 08 05 06 40 00 000  -12.00    -7.00
2011 08 05 06 41 00 000  -12.00    -5.00
2011 08 05 06 42 00 000  -12.00    -3.00
2011 08 05 06 43 00 000  -12.00    -3.00
2011 08 05 06 44 00 000  -12.00    -4.00
2011 08 05 06 45 00 000  -12.00    -4.00
2011 08 05 06 46 00 000  -12.00    -5.00
2011 08 05 06 47 00 000  -12.00    -5.00
2011 08 05 06 48 00 000  -12.00    -3.00
2011 08 05 06 49 00 000  -12.00    -4.00
2011 08 05 06 50 00 000  -11.00    -5.00
2011 08 05 06 51 00 000  -11.00    -5.00
2011 08 05 06 52 00 000  -11.00    -6.00
2011 08 05 06 53 00 000  -11.00    -6.00
2011 08 05 06 54 00 000  -11.00    -7.00
2011 08 05 06 55 00 000  -12.00    -9.00
2011 08 05 06 56 00 000  -12.00    -9.00
2011 08 05 06 57 00 000  -12.00    -9.00
2011 08 05 06 58 00 000  -12.00    -8.00
2011 08 05 06 59 00 000  -11.00    -8.00
2011 08 05 07 00 00 000  -11.00    -6.00
2011 08 05 07 01 00 000  -11.00    -6.00
2011 08 05 07 02 00 000  -10.00    -6.00
2011 08 05 07 03 00 000  -10.00    -7.00
2011 08 05 07 04 00 000  -10.00    -7.00
2011 08 05 07 05 00 000  -10.00    -7.00
2011 08 05 07 06 00 000  -10.00    -8.00
2011 08 05 07 07 00 000  -10.00   -10.00
2011 08 05 07 08 00 000  -10.00   -11.00
2011 08 05 07 09 00 000  -10.00   -11.00
2011 08 05 07 10 00 000  -10.00   -12.00
2011 08 05 07 11 00 000  -10.00   -12.00
2011 08 05 07 12 00 000  -10.00   -12.00
2011 08 05 07 13 00 000  -10.00   -11.00
2011 08 05 07 14 00 000  -10.00   -12.00
2011 08 05 07 15 00 000  -10.00   -12.00
2011 08 05 07 16 00 000  -10.00   -11.00
2011 08 05 07 17 00 000  -10.00    -9.00
2011 08 05 07 18 00 000  -10.00    -7.00
2011 08 05 07 19 00 000  -10.00    -7.00
2011 08 05 07 20 00 000  -10.00    -7.00
2011 08 05 07 21 00 000  -10.00    -9.00
2011 08 05 07 22 00 000  -10.00    -8.00
2011 08 05 07 23 00 000  -10.00   -11.00
2011 08 05 07 24 00 000  -10.00   -10.00
2011 08 05 07 25 00 000  -10.00   -12.00
2011 08 05 07 26 00 000  -10.00   -10.00
2011 08 05 07 27 00 000  -10.00   -11.00
2011 08 05 07 28 00 000  -11.00   -10.00
2011 08 05 07 29 00 000  -11.00   -10.00
2011 08 05 07 30 00 000  -11.00   -11.00
2011 08 05 07 31 00 000  -12.00   -10.00
2011 08 05 07 32 00 000  -12.00   -11.00
2011 08 05 07 33 00 000  -12.00   -11.00
2011 08 05 07 34 00 000  -12.00   -11.00
2011 08 05 07 35 00 000  -12.00   -11.00
2011 08 05 07 36 00 000  -12.00   -11.00
2011 08 05 07 37 00 000  -12.00   -12.00
2011 08 05 07 38 00 000  -12.00   -14.00
2011 08 05 07 39 00 000  -13.00   -13.00
2011 08 05 07 40 00 000  -12.00   -14.00
2011 08 05 07 41 00 000  -12.00   -14.00
2011 08 05 07 42 00 000  -13.00   -14.00
2011 08 05 07 43 00 000  -12.00   -15.00
2011 08 05 07 44 00 000  -12.00   -15.00
2011 08 05 07 45 00 000  -13.00   -15.00
2011 08 05 07 46 00 000  -13.00   -18.00
2011 08 05 07 47 00 000  -12.00   -16.00
2011 08 05 07 48 00 000  -12.00   -17.00
2011 08 05 07 49 00 000  -12.00   -17.00
2011 08 05 07 50 00 000  -12.00   -17.00
2011 08 05 07 51 00 000  -12.00   -17.00
2011 08 05 07 52 00 000  -12.00   -17.00
2011 08 05 07 53 00 000  -12.00   -17.00
2011 08 05 07 54 00 000  -12.00   -17.00
2011 08 05 07 55 00 000  -11.00   -17.00
2011 08 05 07 56 00 000  -11.00   -19.00
2011 08 05 07 57 00 000  -11.00   -18.00
2011 08 05 07 58 00 000  -11.00   -19.00
2011 08 05 07 59 00 000  -11.00   -20.00
2011 08 05 08 00 00 000  -11.00   -20.00
2011 08 05 08 01 00 000  -11.00   -21.00
2011 08 05 08 02 00 000  -10.00   -19.00
2011 08 05 08 03 00 000  -10.00   -18.00
2011 08 05 08 04 00 000  -10.00   -18.00
2011 08 05 08 05 00 000  -10.00   -19.00
2011 08 05 08 06 00 000  -10.00   -18.00
2011 08 05 08 07 00 000  -10.00   -20.00
2011 08 05 08 08 00 000  -10.00   -20.00
2011 08 05 08 09 00 000  -11.00   -24.00
2011 08 05 08 10 00 000  -10.00   -22.00
2011 08 05 08 11 00 000  -10.00   -23.00
2011 08 05 08 12 00 000  -10.00   -22.00
2011 08 05 08 13 00 000  -10.00   -22.00
2011 08 05 08 14 00 000  -10.00   -22.00
2011 08 05 08 15 00 000  -10.00   -20.00
2011 08 05 08 16 00 000  -11.00   -21.00
2011 08 05 08 17 00 000  -11.00   -21.00
2011 08 05 08 18 00 000  -11.00   -21.00
2011 08 05 08 19 00 000  -11.00   -21.00
2011 08 05 08 20 00 000  -11.00   -21.00
2011 08 05 08 21 00 000  -11.00   -21.00
2011 08 05 08 22 00 000  -11.00   -21.00
2011 08 05 08 23 00 000  -11.00   -23.00
2011 08 05 08 24 00 000  -11.00   -23.00
2011 08 05 08 25 00 000  -11.00   -23.00
2011 08 05 08 26 00 000  -11.00   -23.00
2011 08 05 08 27 00 000  -11.00   -23.00
2011 08 05 08 28 00 000  -11.00   -25.00
2011 08 05 08 29 00 000  -11.00   -27.00
2011 08 05 08 30 00 000  -11.00   -25.00
2011 08 05 08 31 00 000  -11.00   -24.00
2011 08 05 08 32 00 000  -11.00   -25.00
2011 08 05 08 33 00 000  -11.00   -25.00
2011 08 05 08 34 00 000  -11.00   -25.00
2011 08 05 08 35 00 000  -11.00   -28.00
2011 08 05 08 36 00 000  -11.00   -27.00
2011 08 05 08 37 00 000  -10.00   -31.00
2011 08 05 08 38 00 000  -10.00   -31.00
2011 08 05 08 39 00 000  -10.00   -30.00
2011 08 05 08 40 00 000  -10.00   -32.00
2011 08 05 08 41 00 000  -10.00   -32.00
2011 08 05 08 42 00 000   -9.00   -31.00
2011 08 05 08 43 00 000   -9.00   -32.00
2011 08 05 08 44 00 000   -9.00   -32.00
2011 08 05 08 45 00 000   -9.00   -32.00
2011 08 05 08 46 00 000   -9.00   -30.00
2011 08 05 08 47 00 000   -9.00   -31.00
2011 08 05 08 48 00 000   -9.00   -29.00
2011 08 05 08 49 00 000   -9.00   -27.00
2011 08 05 08 50 00 000   -9.00   -28.00
2011 08 05 08 51 00 000   -8.00   -27.00
2011 08 05 08 52 00 000   -9.00   -27.00
2011 08 05 08 53 00 000   -9.00   -26.00
2011 08 05 08 54 00 000   -9.00   -27.00
2011 08 05 08 55 00 000   -9.00   -29.00
2011 08 05 08 56 00 000   -9.00   -30.00
2011 08 05 08 57 00 000   -9.00   -31.00
2011 08 05 08 58 00 000   -9.00   -31.00
2011 08 05 08 59 00 000   -9.00   -37.00
2011 08 05 09 00 00 000   -8.00   -36.00
2011 08 05 09 01 00 000   -8.00   -37.00
2011 08 05 09 02 00 000   -8.00   -39.00
2011 08 05 09 03 00 000   -7.00   -39.00
2011 08 05 09 04 00 000   -7.00   -38.00
2011 08 05 09 05 00 000   -7.00   -36.00
2011 08 05 09 06 00 000   -7.00   -35.00
2011 08 05 09 07 00 000   -7.00   -35.00
2011 08 05 09 08 00 000   -7.00   -32.00
2011 08 05 09 09 00 000   -7.00   -31.00
2011 08 05 09 10 00 000   -7.00   -31.00
2011 08 05 09 11 00 000   -7.00   -31.00
2011 08 05 09 12 00 000   -7.00   -30.00
2011 08 05 09 13 00 000   -7.00   -28.00
2011 08 05 09 14 00 000   -7.00   -32.00
2011 08 05 09 15 00 000   -7.00   -33.00
2011 08 05 09 16 00 000   -7.00   -33.00
2011 08 05 09 17 00 000   -7.00   -36.00
2011 08 05 09 18 00 000   -7.00   -36.00
2011 08 05 09 19 00 000   -7.00   -32.00
2011 08 05 09 20 00 000   -7.00   -31.00
2011 08 05 09 21 00 000   -8.00   -30.00
2011 08 05 09 22 00 000   -8.00   -28.00
2011 08 05 09 23 00 000   -9.00   -30.00
2011 08 05 09 24 00 000   -9.00   -31.00
2011 08 05 09 25 00 000   -9.00   -31.00
2011 08 05 09 26 00 000   -9.00   -34.00
2011 08 05 09 27 00 000   -9.00   -36.00
2011 08 05 09 28 00 000  -10.00   -36.00
2011 08 05 09 29 00 000  -10.00   -35.00
2011 08 05 09 30 00 000  -10.00   -35.00
2011 08 05 09 31 00 000  -11.00   -35.00
2011 08 05 09 32 00 000  -11.00   -34.00
2011 08 05 09 33 00 000  -11.00   -35.00
2011 08 05 09 34 00 000  -11.00   -37.00
2011 08 05 09 35 00 000  -11.00   -38.00
2011 08 05 09 36 00 000  -11.00   -40.00
2011 08 05 09 37 00 000  -11.00   -41.00
2011 08 05 09 38 00 000  -11.00   -41.00
2011 08 05 09 39 00 000  -11.00   -41.00
2011 08 05 09 40 00 000  -11.00   -42.00
2011 08 05 09 41 00 000  -11.00   -41.00
2011 08 05 09 42 00 000  -11.00   -41.00
2011 08 05 09 43 00 000  -11.00   -41.00
2011 08 05 09 44 00 000  -11.00   -40.00
2011 08 05 09 45 00 000  -11.00   -40.00
2011 08 05 09 46 00 000  -11.00   -40.00
2011 08 05 09 47 00 000  -11.00   -40.00
2011 08 05 09 48 00 000  -10.00   -39.00
2011 08 05 09 49 00 000  -10.00   -40.00
2011 08 05 09 50 00 000  -11.00   -40.00
2011 08 05 09 51 00 000  -10.00   -38.00
2011 08 05 09 52 00 000  -10.00   -39.00
2011 08 05 09 53 00 000  -10.00   -39.00
2011 08 05 09 54 00 000  -10.00   -39.00
2011 08 05 09 55 00 000  -10.00   -39.00
2011 08 05 09 56 00 000  -10.00   -39.00
2011 08 05 09 57 00 000  -10.00   -40.00
2011 08 05 09 58 00 000   -9.00   -40.00
2011 08 05 09 59 00 000   -9.00   -42.00
2011 08 05 10 00 00 000   -9.00   -41.00
2011 08 05 10 01 00 000   -9.00   -41.00
2011 08 05 10 02 00 000   -9.00   -43.00
2011 08 05 10 03 00 000   -9.00   -41.00
2011 08 05 10 04 00 000   -9.00   -40.00
2011 08 05 10 05 00 000   -9.00   -41.00
2011 08 05 10 06 00 000   -9.00   -38.00
2011 08 05 10 07 00 000   -9.00   -38.00
2011 08 05 10 08 00 000   -9.00   -37.00
2011 08 05 10 09 00 000   -9.00   -37.00
2011 08 05 10 10 00 000   -9.00   -38.00
2011 08 05 10 11 00 000   -9.00   -36.00
2011 08 05 10 12 00 000   -9.00   -37.00
2011 08 05 10 13 00 000   -9.00   -37.00
2011 08 05 10 14 00 000   -9.00   -37.00
2011 08 05 10 15 00 000   -9.00   -37.00
2011 08 05 10 16 00 000   -8.00   -36.00
2011 08 05 10 17 00 000   -8.00   -37.00
2011 08 05 10 18 00 000   -8.00   -38.00
2011 08 05 10 19 00 000   -8.00   -37.00
2011 08 05 10 20 00 000   -8.00   -37.00
2011 08 05 10 21 00 000   -8.00   -38.00
2011 08 05 10 22 00 000   -8.00   -38.00
2011 08 05 10 23 00 000   -8.00   -38.00
2011 08 05 10 24 00 000   -7.00   -38.00
2011 08 05 10 25 00 000   -7.00   -38.00
2011 08 05 10 26 00 000   -8.00   -38.00
2011 08 05 10 27 00 000   -7.00   -37.00
2011 08 05 10 28 00 000   -7.00   -37.00
2011 08 05 10 29 00 000   -7.00   -37.00
2011 08 05 10 30 00 000   -7.00   -38.00
2011 08 05 10 31 00 000   -7.00   -38.00
2011 08 05 10 32 00 000   -7.00   -38.00
2011 08 05 10 33 00 000   -7.00   -37.00
2011 08 05 10 34 00 000   -7.00   -36.00
2011 08 05 10 35 00 000   -7.00   -36.00
2011 08 05 10 36 00 000   -7.00   -34.00
2011 08 05 10 37 00 000   -7.00   -33.00
2011 08 05 10 38 00 000   -7.00   -33.00
2011 08 05 10 39 00 000   -7.00   -32.00
2011 08 05 10 40 00 000   -7.00   -32.00
2011 08 05 10 41 00 000   -7.00   -33.00
2011 08 05 10 42 00 000   -7.00   -34.00
2011 08 05 10 43 00 000   -7.00   -34.00
2011 08 05 10 44 00 000   -7.00   -34.00
2011 08 05 10 45 00 000   -7.00   -34.00
2011 08 05 10 46 00 000   -7.00   -35.00
2011 08 05 10 47 00 000   -6.00   -35.00
2011 08 05 10 48 00 000   -6.00   -35.00
2011 08 05 10 49 00 000   -6.00   -35.00
2011 08 05 10 50 00 000   -6.00   -35.00
2011 08 05 10 51 00 000   -6.00   -34.00
2011 08 05 10 52 00 000   -6.00   -35.00
2011 08 05 10 53 00 000   -6.00   -35.00
2011 08 05 10 54 00 000   -6.00   -35.00
2011 08 05 10 55 00 000   -6.00   -35.00
2011 08 05 10 56 00 000   -6.00   -35.00
2011 08 05 10 57 00 000   -6.00   -35.00
2011 08 05 10 58 00 000   -6.00   -34.00
2011 08 05 10 59 00 000   -6.00   -34.00
2011 08 05 11 00 00 000   -6.00   -33.00
2011 08 05 11 01 00 000   -7.00   -33.00
2011 08 05 11 02 00 000   -7.00   -32.00
2011 08 05 11 03 00 000   -7.00   -31.00
2011 08 05 11 04 00 000   -7.00   -32.00
2011 08 05 11 05 00 000   -7.00   -31.00
2011 08 05 11 06 00 000   -7.00   -31.00
2011 08 05 11 07 00 000   -7.00   -33.00
2011 08 05 11 08 00 000   -7.00   -31.00
2011 08 05 11 09 00 000   -7.00   -32.00
2011 08 05 11 10 00 000   -7.00   -32.00
2011 08 05 11 11 00 000   -6.00   -32.00
2011 08 05 11 12 00 000   -7.00   -31.00
2011 08 05 11 13 00 000   -6.00   -33.00
2011 08 05 11 14 00 000   -6.00   -32.00
2011 08 05 11 15 00 000   -6.00   -32.00
2011 08 05 11 16 00 000   -6.00   -32.00
2011 08 05 11 17 00 000   -5.00   -32.00
2011 08 05 11 18 00 000   -6.00   -32.00
2011 08 05 11 19 00 000   -6.00   -32.00
2011 08 05 11 20 00 000   -5.00   -34.00
2011 08 05 11 21 00 000   -5.00   -36.00
2011 08 05 11 22 00 000   -5.00   -36.00
2011 08 05 11 23 00 000   -5.00   -35.00
2011 08 05 11 24 00 000   -5.00   -36.00
2011 08 05 11 25 00 000   -5.00   -37.00
2011 08 05 11 26 00 000   -5.00   -38.00
2011 08 05 11 27 00 000   -5.00   -36.00
2011 08 05 11 28 00 000   -5.00   -36.00
2011 08 05 11 29 00 000   -5.00   -36.00
2011 08 05 11 30 00 000   -5.00   -33.00
2011 08 05 11 31 00 000   -5.00   -33.00
2011 08 05 11 32 00 000   -5.00   -31.00
2011 08 05 11 33 00 000   -5.00   -31.00
2011 08 05 11 34 00 000   -6.00   -32.00
2011 08 05 11 35 00 000   -6.00   -32.00
2011 08 05 11 36 00 000   -6.00   -31.00
2011 08 05 11 37 00 000   -5.00   -31.00
2011 08 05 11 38 00 000   -6.00   -31.00
2011 08 05 11 39 00 000   -6.00   -31.00
2011 08 05 11 40 00 000   -6.00   -30.00
2011 08 05 11 41 00 000   -5.00   -29.00
2011 08 05 11 42 00 000   -5.00   -29.00
2011 08 05 11 43 00 000   -6.00   -27.00
2011 08 05 11 44 00 000   -5.00   -28.00
2011 08 05 11 45 00 000   -6.00   -27.00
2011 08 05 11 46 00 000   -6.00   -26.00
2011 08 05 11 47 00 000   -6.00   -26.00
2011 08 05 11 48 00 000   -6.00   -26.00
2011 08 05 11 49 00 000   -6.00   -27.00
2011 08 05 11 50 00 000   -6.00   -26.00
2011 08 05 11 51 00 000   -6.00   -27.00
2011 08 05 11 52 00 000   -6.00   -25.00
2011 08 05 11 53 00 000   -6.00   -27.00
2011 08 05 11 54 00 000   -6.00   -26.00
2011 08 05 11 55 00 000   -6.00   -26.00
2011 08 05 11 56 00 000   -6.00   -28.00
2011 08 05 11 57 00 000   -6.00   -27.00
2011 08 05 11 58 00 000   -6.00   -27.00
2011 08 05 11 59 00 000   -6.00   -28.00
2011 08 05 12 00 00 000   -6.00   -26.00
2011 08 05 12 01 00 000   -6.00   -27.00
2011 08 05 12 02 00 000   -5.00   -27.00
2011 08 05 12 03 00 000   -5.00   -27.00
2011 08 05 12 04 00 000   -5.00   -27.00
2011 08 05 12 05 00 000   -5.00   -29.00
2011 08 05 12 06 00 000   -5.00   -29.00
2011 08 05 12 07 00 000   -5.00   -28.00
2011 08 05 12 08 00 000   -5.00   -28.00
2011 08 05 12 09 00 000   -5.00   -29.00
2011 08 05 12 10 00 000   -5.00   -27.00
2011 08 05 12 11 00 000   -4.00   -27.00
2011 08 05 12 12 00 000   -4.00   -27.00
2011 08 05 12 13 00 000   -4.00   -28.00
2011 08 05 12 14 00 000   -4.00   -27.00
2011 08 05 12 15 00 000   -4.00   -28.00
2011 08 05 12 16 00 000   -4.00   -28.00
2011 08 05 12 17 00 000   -4.00   -27.00
2011 08 05 12 18 00 000   -3.00   -28.00
2011 08 05 12 19 00 000   -3.00   -28.00
2011 08 05 12 20 00 000   -3.00   -27.00
2011 08 05 12 21 00 000   -3.00   -27.00
2011 08 05 12 22 00 000   -3.00   -26.00
2011 08 05 12 23 00 000   -3.00   -25.00
2011 08 05 12 24 00 000   -3.00   -25.00
2011 08 05 12 25 00 000   -3.00   -26.00
2011 08 05 12 26 00 000   -3.00   -26.00
2011 08 05 12 27 00 000   -3.00   -25.00
2011 08 05 12 28 00 000   -2.00   -24.00
2011 08 05 12 29 00 000   -2.00   -23.00
2011 08 05 12 30 00 000   -3.00   -22.00
2011 08 05 12 31 00 000   -2.00   -21.00
2011 08 05 12 32 00 000   -2.00   -22.00
2011 08 05 12 33 00 000   -3.00   -21.00
2011 08 05 12 34 00 000   -3.00   -20.00
2011 08 05 12 35 00 000   -3.00   -20.00
2011 08 05 12 36 00 000   -2.00   -20.00
2011 08 05 12 37 00 000   -2.00   -20.00
2011 08 05 12 38 00 000   -2.00   -19.00
2011 08 05 12 39 00 000   -3.00   -20.00
2011 08 05 12 40 00 000   -2.00   -19.00
2011 08 05 12 41 00 000   -3.00   -19.00
2011 08 05 12 42 00 000   -3.00   -19.00
2011 08 05 12 43 00 000   -2.00   -18.00
2011 08 05 12 44 00 000   -2.00   -18.00
2011 08 05 12 45 00 000   -2.00   -21.00
2011 08 05 12 46 00 000   -2.00   -20.00
2011 08 05 12 47 00 000   -2.00   -21.00
2011 08 05 12 48 00 000   -2.00   -21.00
2011 08 05 12 49 00 000   -1.00   -19.00
2011 08 05 12 50 00 000   -2.00   -21.00
2011 08 05 12 51 00 000   -1.00   -23.00
2011 08 05 12 52 00 000   -1.00   -24.00
2011 08 05 12 53 00 000   -1.00   -24.00
2011 08 05 12 54 00 000   -1.00   -24.00
2011 08 05 12 55 00 000   -1.00   -26.00
2011 08 05 12 56 00 000   -1.00   -26.00
2011 08 05 12 57 00 000    0.00   -25.00
2011 08 05 12 58 00 000    0.00   -24.00
2011 08 05 12 59 00 000    0.00   -22.00
2011 08 05 13 00 00 000    0.00   -21.00
2011 08 05 13 01 00 000    0.00   -21.00
2011 08 05 13 02 00 000    0.00   -17.00
2011 08 05 13 03 00 000    0.00   -18.00
2011 08 05 13 04 00 000    0.00   -17.00
2011 08 05 13 05 00 000    0.00   -14.00
2011 08 05 13 06 00 000    0.00   -15.00
2011 08 05 13 07 00 000    0.00   -14.00
2011 08 05 13 08 00 000    0.00   -14.00
2011 08 05 13 09 00 000    0.00   -14.00
2011 08 05 13 10 00 000    0.00   -13.00
2011 08 05 13 11 00 000    0.00   -14.00
2011 08 05 13 12 00 000    0.00   -14.00
2011 08 05 13 13 00 000    0.00   -13.00
2011 08 05 13 14 00 000    0.00   -13.00
2011 08 05 13 15 00 000    0.00   -13.00
2011 08 05 13 16 00 000    0.00   -15.00
2011 08 05 13 17 00 000    0.00   -16.00
2011 08 05 13 18 00 000    0.00   -16.00
2011 08 05 13 19 00 000    0.00   -16.00
2011 08 05 13 20 00 000    0.00   -16.00
2011 08 05 13 21 00 000    0.00   -16.00
2011 08 05 13 22 00 000    0.00   -17.00
2011 08 05 13 23 00 000    0.00   -18.00
2011 08 05 13 24 00 000    0.00   -19.00
2011 08 05 13 25 00 000    0.00   -19.00
2011 08 05 13 26 00 000    1.00   -21.00
2011 08 05 13 27 00 000    1.00   -20.00
2011 08 05 13 28 00 000    1.00   -20.00
2011 08 05 13 29 00 000    1.00   -20.00
2011 08 05 13 30 00 000    1.00   -19.00
2011 08 05 13 31 00 000    1.00   -19.00
2011 08 05 13 32 00 000    1.00   -20.00
2011 08 05 13 33 00 000    1.00   -18.00
2011 08 05 13 34 00 000    1.00   -17.00
2011 08 05 13 35 00 000    1.00   -19.00
2011 08 05 13 36 00 000    1.00   -20.00
2011 08 05 13 37 00 000    1.00   -18.00
2011 08 05 13 38 00 000    1.00   -18.00
2011 08 05 13 39 00 000    1.00   -18.00
2011 08 05 13 40 00 000    1.00   -17.00
2011 08 05 13 41 00 000    1.00   -19.00
2011 08 05 13 42 00 000    2.00   -21.00
2011 08 05 13 43 00 000    1.00   -22.00
2011 08 05 13 44 00 000    2.00   -21.00
2011 08 05 13 45 00 000    2.00   -25.00
2011 08 05 13 46 00 000    1.00   -25.00
2011 08 05 13 47 00 000    1.00   -24.00
2011 08 05 13 48 00 000    1.00   -21.00
2011 08 05 13 49 00 000    1.00   -18.00
2011 08 05 13 50 00 000    1.00   -18.00
2011 08 05 13 51 00 000    1.00   -18.00
2011 08 05 13 52 00 000    1.00   -19.00
2011 08 05 13 53 00 000    1.00   -20.00
2011 08 05 13 54 00 000    1.00   -20.00
2011 08 05 13 55 00 000    1.00   -19.00
2011 08 05 13 56 00 000    1.00   -21.00
2011 08 05 13 57 00 000    1.00   -23.00
2011 08 05 13 58 00 000    1.00   -22.00
2011 08 05 13 59 00 000    1.00   -21.00
2011 08 05 14 00 00 000    1.00   -24.00
2011 08 05 14 01 00 000    1.00   -21.00
2011 08 05 14 02 00 000    1.00   -22.00
2011 08 05 14 03 00 000    2.00   -19.00
2011 08 05 14 04 00 000    2.00   -20.00
2011 08 05 14 05 00 000    2.00   -19.00
2011 08 05 14 06 00 000    1.00   -19.00
2011 08 05 14 07 00 000    2.00   -17.00
2011 08 05 14 08 00 000    2.00   -16.00
2011 08 05 14 09 00 000    2.00   -14.00
2011 08 05 14 10 00 000    2.00   -12.00
2011 08 05 14 11 00 000    3.00   -13.00
2011 08 05 14 12 00 000    3.00    -9.00
2011 08 05 14 13 00 000    3.00   -11.00
2011 08 05 14 14 00 000    3.00   -10.00
2011 08 05 14 15 00 000    3.00    -9.00
2011 08 05 14 16 00 000    3.00   -10.00
2011 08 05 14 17 00 000    4.00    -8.00
2011 08 05 14 18 00 000    3.00    -9.00
2011 08 05 14 19 00 000    4.00    -9.00
2011 08 05 14 20 00 000    4.00    -9.00
2011 08 05 14 21 00 000    4.00   -11.00
2011 08 05 14 22 00 000    4.00    -8.00
2011 08 05 14 23 00 000    3.00   -10.00
2011 08 05 14 24 00 000    3.00   -10.00
2011 08 05 14 25 00 000    3.00   -11.00
2011 08 05 14 26 00 000    3.00   -12.00
2011 08 05 14 27 00 000    3.00   -11.00
2011 08 05 14 28 00 000    3.00   -10.00
2011 08 05 14 29 00 000    3.00   -11.00
2011 08 05 14 30 00 000    3.00   -10.00
2011 08 05 14 31 00 000    3.00   -10.00
2011 08 05 14 32 00 000    3.00   -13.00
2011 08 05 14 33 00 000    3.00   -13.00
2011 08 05 14 34 00 000    3.00   -14.00
2011 08 05 14 35 00 000    4.00   -17.00
2011 08 05 14 36 00 000    4.00   -13.00
2011 08 05 14 37 00 000    4.00   -17.00
2011 08 05 14 38 00 000    3.00   -16.00
2011 08 05 14 39 00 000    4.00   -14.00
2011 08 05 14 40 00 000    4.00   -16.00
2011 08 05 14 41 00 000    4.00   -10.00
2011 08 05 14 42 00 000    5.00   -12.00
2011 08 05 14 43 00 000    5.00   -10.00
2011 08 05 14 44 00 000    5.00   -10.00
2011 08 05 14 45 00 000    5.00    -8.00
2011 08 05 14 46 00 000    5.00    -8.00
2011 08 05 14 47 00 000    5.00   -11.00
2011 08 05 14 48 00 000    5.00   -10.00
2011 08 05 14 49 00 000    5.00   -13.00
2011 08 05 14 50 00 000    5.00   -13.00
2011 08 05 14 51 00 000    5.00   -14.00
2011 08 05 14 52 00 000    5.00   -12.00
2011 08 05 14 53 00 000    5.00   -12.00
2011 08 05 14 54 00 000    5.00   -13.00
2011 08 05 14 55 00 000    5.00   -13.00
2011 08 05 14 56 00 000    5.00   -15.00
2011 08 05 14 57 00 000    5.00   -17.00
2011 08 05 14 58 00 000    5.00   -14.00
2011 08 05 14 59 00 000    5.00   -15.00
2011 08 05 15 00 00 000    4.00   -16.00
2011 08 05 15 01 00 000    5.00   -13.00
2011 08 05 15 02 00 000    5.00   -11.00
2011 08 05 15 03 00 000    5.00   -12.00
2011 08 05 15 04 00 000    5.00   -12.00
2011 08 05 15 05 00 000    5.00   -14.00
2011 08 05 15 06 00 000    5.00   -13.00
2011 08 05 15 07 00 000    5.00   -13.00
2011 08 05 15 08 00 000    5.00   -13.00
2011 08 05 15 09 00 000    5.00    -9.00
2011 08 05 15 10 00 000    5.00   -10.00
2011 08 05 15 11 00 000    5.00   -11.00
2011 08 05 15 12 00 000    6.00   -13.00
2011 08 05 15 13 00 000    6.00   -15.00
2011 08 05 15 14 00 000    6.00   -17.00
2011 08 05 15 15 00 000    6.00   -19.00
2011 08 05 15 16 00 000    6.00   -20.00
2011 08 05 15 17 00 000    6.00   -21.00
2011 08 05 15 18 00 000    6.00   -21.00
2011 08 05 15 19 00 000    5.00   -21.00
2011 08 05 15 20 00 000    5.00   -20.00
2011 08 05 15 21 00 000    5.00   -20.00
2011 08 05 15 22 00 000    5.00   -21.00
2011 08 05 15 23 00 000    5.00   -22.00
2011 08 05 15 24 00 000    5.00   -23.00
2011 08 05 15 25 00 000    5.00   -25.00
2011 08 05 15 26 00 000    5.00   -27.00
2011 08 05 15 27 00 000    5.00   -29.00
2011 08 05 15 28 00 000    4.00   -31.00
2011 08 05 15 29 00 000    4.00   -34.00
2011 08 05 15 30 00 000    4.00   -35.00
2011 08 05 15 31 00 000    4.00   -38.00
2011 08 05 15 32 00 000    4.00   -40.00
2011 08 05 15 33 00 000    4.00   -42.00
2011 08 05 15 34 00 000    4.00   -44.00
2011 08 05 15 35 00 000    4.00   -46.00
2011 08 05 15 36 00 000    4.00   -47.00
2011 08 05 15 37 00 000    4.00   -48.00
2011 08 05 15 38 00 000    4.00   -47.00
2011 08 05 15 39 00 000    4.00   -46.00
2011 08 05 15 40 00 000    5.00   -46.00
2011 08 05 15 41 00 000    5.00   -45.00
2011 08 05 15 42 00 000    5.00   -45.00
2011 08 05 15 43 00 000    5.00   -40.00
2011 08 05 15 44 00 000    4.00   -46.00
2011 08 05 15 45 00 000    5.00   -45.00
2011 08 05 15 46 00 000    5.00   -44.00
2011 08 05 15 47 00 000    4.00   -49.00
2011 08 05 15 48 00 000    4.00   -53.00
2011 08 05 15 49 00 000    4.00   -54.00
2011 08 05 15 50 00 000    4.00   -54.00
2011 08 05 15 51 00 000    4.00   -54.00
2011 08 05 15 52 00 000    4.00   -52.00
2011 08 05 15 53 00 000    4.00   -53.00
2011 08 05 15 54 00 000    4.00   -55.00
2011 08 05 15 55 00 000    4.00   -60.00
2011 08 05 15 56 00 000    4.00   -66.00
2011 08 05 15 57 00 000    4.00   -76.00
2011 08 05 15 58 00 000    4.00   -84.00
2011 08 05 15 59 00 000    4.00   -88.00
2011 08 05 16 00 00 000    4.00   -93.00
2011 08 05 16 01 00 000    4.00   -99.00
2011 08 05 16 02 00 000    4.00  -101.00
2011 08 05 16 03 00 000    4.00  -108.00
2011 08 05 16 04 00 000    4.00  -114.00
2011 08 05 16 05 00 000    4.00  -116.00
2011 08 05 16 06 00 000    4.00  -116.00
2011 08 05 16 07 00 000    4.00  -116.00
2011 08 05 16 08 00 000    5.00  -115.00
2011 08 05 16 09 00 000    5.00  -115.00
2011 08 05 16 10 00 000    5.00  -115.00
2011 08 05 16 11 00 000    5.00  -114.00
2011 08 05 16 12 00 000    5.00  -109.00
2011 08 05 16 13 00 000    5.00  -102.00
2011 08 05 16 14 00 000    5.00   -92.00
2011 08 05 16 15 00 000    5.00   -81.00
2011 08 05 16 16 00 000    5.00   -72.00
2011 08 05 16 17 00 000    5.00   -65.00
2011 08 05 16 18 00 000    5.00   -61.00
2011 08 05 16 19 00 000    5.00   -64.00
2011 08 05 16 20 00 000    5.00   -72.00
2011 08 05 16 21 00 000    5.00   -81.00
2011 08 05 16 22 00 000    5.00   -89.00
2011 08 05 16 23 00 000    5.00   -95.00
2011 08 05 16 24 00 000    4.00  -102.00
2011 08 05 16 25 00 000    4.00  -106.00
2011 08 05 16 26 00 000    5.00  -106.00
2011 08 05 16 27 00 000    4.00  -107.00
2011 08 05 16 28 00 000    5.00  -111.00
2011 08 05 16 29 00 000    5.00  -116.00
2011 08 05 16 30 00 000    5.00  -121.00
2011 08 05 16 31 00 000    5.00  -124.00
2011 08 05 16 32 00 000    5.00  -122.00
2011 08 05 16 33 00 000    5.00  -112.00
2011 08 05 16 34 00 000    5.00   -99.00
2011 08 05 16 35 00 000    5.00   -89.00
2011 08 05 16 36 00 000    5.00   -84.00
2011 08 05 16 37 00 000    6.00   -86.00
2011 08 05 16 38 00 000    6.00   -85.00
2011 08 05 16 39 00 000    6.00   -86.00
2011 08 05 16 40 00 000    6.00   -84.00
2011 08 05 16 41 00 000    6.00   -80.00
2011 08 05 16 42 00 000    6.00   -77.00
2011 08 05 16 43 00 000    6.00   -71.00
2011 08 05 16 44 00 000    6.00   -70.00
2011 08 05 16 45 00 000    6.00   -71.00
2011 08 05 16 46 00 000    5.00   -73.00
2011 08 05 16 47 00 000    5.00   -69.00
2011 08 05 16 48 00 000    5.00   -72.00
2011 08 05 16 49 00 000    4.00   -84.00
2011 08 05 16 50 00 000    4.00   -98.00
2011 08 05 16 51 00 000    4.00  -108.00
2011 08 05 16 52 00 000    4.00  -103.00
2011 08 05 16 53 00 000    3.00   -95.00
2011 08 05 16 54 00 000    4.00   -81.00
2011 08 05 16 55 00 000    3.00   -74.00
2011 08 05 16 56 00 000    3.00   -79.00
2011 08 05 16 57 00 000    3.00   -83.00
2011 08 05 16 58 00 000    4.00   -83.00
2011 08 05 16 59 00 000    4.00   -82.00
2011 08 05 17 00 00 000    4.00   -73.00
2011 08 05 17 01 00 000    4.00   -69.00
2011 08 05 17 02 00 000    4.00   -67.00
2011 08 05 17 03 00 000    4.00   -70.00
2011 08 05 17 04 00 000    4.00   -75.00
2011 08 05 17 05 00 000    4.00   -79.00
2011 08 05 17 06 00 000    4.00   -84.00
2011 08 05 17 07 00 000    5.00   -84.00
2011 08 05 17 08 00 000    4.00   -80.00
2011 08 05 17 09 00 000    5.00   -76.00
2011 08 05 17 10 00 000    5.00   -77.00
2011 08 05 17 11 00 000    5.00   -84.00
2011 08 05 17 12 00 000    4.00   -93.00
2011 08 05 17 13 00 000    5.00   -95.00
2011 08 05 17 14 00 000    4.00   -86.00
2011 08 05 17 15 00 000    4.00   -82.00
2011 08 05 17 16 00 000    4.00   -81.00
2011 08 05 17 17 00 000    4.00   -86.00
2011 08 05 17 18 00 000    4.00   -93.00
2011 08 05 17 19 00 000    3.00   -99.00
2011 08 05 17 20 00 000    4.00  -104.00
2011 08 05 17 21 00 000    3.00  -106.00
2011 08 05 17 22 00 000    3.00  -105.00
2011 08 05 17 23 00 000    3.00  -103.00
2011 08 05 17 24 00 000    3.00  -100.00
2011 08 05 17 25 00 000    3.00   -93.00
2011 08 05 17 26 00 000    3.00   -88.00
2011 08 05 17 27 00 000    3.00   -85.00
2011 08 05 17 28 00 000    4.00   -86.00
2011 08 05 17 29 00 000    3.00   -88.00
2011 08 05 17 30 00 000    4.00   -91.00
2011 08 05 17 31 00 000    4.00   -94.00
2011 08 05 17 32 00 000    4.00   -92.00
2011 08 05 17 33 00 000    4.00   -91.00
2011 08 05 17 34 00 000    5.00   -93.00
2011 08 05 17 35 00 000    5.00   -94.00
2011 08 05 17 36 00 000    5.00   -91.00
2011 08 05 17 37 00 000    6.00   -88.00
2011 08 05 17 38 00 000    6.00   -86.00
2011 08 05 17 39 00 000    5.00   -87.00
2011 08 05 17 40 00 000    6.00   -90.00
2011 08 05 17 41 00 000    7.00   -94.00
2011 08 05 17 42 00 000    7.00   -99.00
2011 08 05 17 43 00 000    7.00  -105.00
2011 08 05 17 44 00 000    7.00  -108.00
2011 08 05 17 45 00 000    8.00  -103.00
2011 08 05 17 46 00 000    8.00   -91.00
2011 08 05 17 47 00 000    8.00   -80.00
2011 08 05 17 48 00 000    9.00   -77.00
2011 08 05 17 49 00 000    9.00   -80.00
2011 08 05 17 50 00 000   10.00   -86.00
2011 08 05 17 51 00 000   11.00  -104.00
2011 08 05 17 52 00 000   16.00  -128.00
2011 08 05 17 53 00 000   19.00  -139.00
2011 08 05 17 54 00 000   20.00  -136.00
2011 08 05 17 55 00 000   22.00  -115.00
2011 08 05 17 56 00 000   24.00   -86.00
2011 08 05 17 57 00 000   24.00   -58.00
2011 08 05 17 58 00 000   23.00   -61.00
2011 08 05 17 59 00 000   22.00   -81.00
2011 08 05 18 00 00 000   22.00  -109.00
2011 08 05 18 01 00 000   22.00  -123.00
2011 08 05 18 02 00 000   23.00  -111.00
2011 08 05 18 03 00 000   23.00  -109.00
2011 08 05 18 04 00 000   24.00  -108.00
2011 08 05 18 05 00 000   24.00  -108.00
2011 08 05 18 06 00 000   25.00  -116.00
2011 08 05 18 07 00 000   25.00  -124.00
2011 08 05 18 08 00 000   25.00  -131.00
2011 08 05 18 09 00 000   26.00  -130.00
2011 08 05 18 10 00 000   26.00  -133.00
2011 08 05 18 11 00 000   27.00  -182.00
2011 08 05 18 12 00 000   28.00  -170.00
2011 08 05 18 13 00 000   29.00  -191.00
2011 08 05 18 14 00 000   29.00  -181.00
2011 08 05 18 15 00 000   30.00  -184.00
2011 08 05 18 16 00 000   30.00  -165.00
2011 08 05 18 17 00 000   30.00  -158.00
2011 08 05 18 18 00 000   30.00  -160.00
2011 08 05 18 19 00 000   29.00  -173.00
2011 08 05 18 20 00 000   28.00  -194.00
2011 08 05 18 21 00 000   27.00  -180.00
2011 08 05 18 22 00 000   26.00  -153.00
2011 08 05 18 23 00 000   26.00  -123.00
2011 08 05 18 24 00 000   27.00  -132.00
2011 08 05 18 25 00 000   26.00  -147.00
2011 08 05 18 26 00 000   26.00  -154.00
2011 08 05 18 27 00 000   26.00  -155.00
2011 08 05 18 28 00 000   26.00  -141.00
2011 08 05 18 29 00 000   27.00  -133.00
2011 08 05 18 30 00 000   26.00  -137.00
2011 08 05 18 31 00 000   26.00  -128.00
2011 08 05 18 32 00 000   25.00  -107.00
2011 08 05 18 33 00 000   24.00   -78.00
2011 08 05 18 34 00 000   23.00   -69.00
2011 08 05 18 35 00 000   22.00   -72.00
2011 08 05 18 36 00 000   23.00   -68.00
2011 08 05 18 37 00 000   24.00   -84.00
2011 08 05 18 38 00 000   24.00   -96.00
2011 08 05 18 39 00 000   25.00   -85.00
2011 08 05 18 40 00 000   25.00   -61.00
2011 08 05 18 41 00 000   25.00   -59.00
2011 08 05 18 42 00 000   25.00   -57.00
2011 08 05 18 43 00 000   24.00   -71.00
2011 08 05 18 44 00 000   24.00   -61.00
2011 08 05 18 45 00 000   25.00   -58.00
2011 08 05 18 46 00 000   27.00   -79.00
2011 08 05 18 47 00 000   29.00   -95.00
2011 08 05 18 48 00 000   30.00   -84.00
2011 08 05 18 49 00 000   31.00   -85.00
2011 08 05 18 50 00 000   30.00   -86.00
2011 08 05 18 51 00 000   27.00  -103.00
2011 08 05 18 52 00 000   25.00  -113.00
2011 08 05 18 53 00 000   23.00  -126.00
2011 08 05 18 54 00 000   23.00   -95.00
2011 08 05 18 55 00 000   23.00  -100.00
2011 08 05 18 56 00 000   23.00  -119.00
2011 08 05 18 57 00 000   23.00  -126.00
2011 08 05 18 58 00 000   25.00  -149.00
2011 08 05 18 59 00 000   28.00  -155.00
2011 08 05 19 00 00 000   31.00  -179.00
2011 08 05 19 01 00 000   33.00  -193.00
2011 08 05 19 02 00 000   45.00  -215.00
2011 08 05 19 03 00 000   69.00  -273.00
2011 08 05 19 04 00 000   76.00  -325.00
2011 08 05 19 05 00 000   84.00  -338.00
2011 08 05 19 06 00 000   86.00  -301.00
2011 08 05 19 07 00 000   84.00  -290.00
2011 08 05 19 08 00 000   82.00  -328.00
2011 08 05 19 09 00 000   76.00  -390.00
2011 08 05 19 10 00 000   71.00  -394.00
2011 08 05 19 11 00 000   68.00  -445.00
2011 08 05 19 12 00 000   59.00  -445.00
2011 08 05 19 13 00 000   42.00  -363.00
2011 08 05 19 14 00 000   31.00  -296.00
2011 08 05 19 15 00 000   27.00  -355.00
2011 08 05 19 16 00 000   28.00  -439.00
2011 08 05 19 17 00 000   28.00  -441.00
2011 08 05 19 18 00 000   28.00  -423.00
2011 08 05 19 19 00 000   27.00  -403.00
2011 08 05 19 20 00 000   27.00  -389.00
2011 08 05 19 21 00 000   24.00  -342.00
2011 08 05 19 22 00 000   23.00  -359.00
2011 08 05 19 23 00 000   20.00  -342.00
2011 08 05 19 24 00 000   21.00  -371.00
2011 08 05 19 25 00 000   24.00  -394.00
2011 08 05 19 26 00 000   28.00  -435.00
2011 08 05 19 27 00 000   27.00  -456.00
2011 08 05 19 28 00 000   25.00  -474.00
2011 08 05 19 29 00 000   25.00  -488.00
2011 08 05 19 30 00 000   19.00  -495.00
2011 08 05 19 31 00 000   18.00  -506.00
2011 08 05 19 32 00 000   17.00  -508.00
2011 08 05 19 33 00 000   14.00  -511.00
2011 08 05 19 34 00 000   16.00  -461.00
2011 08 05 19 35 00 000   18.00  -440.00
2011 08 05 19 36 00 000   20.00  -442.00
2011 08 05 19 37 00 000   30.00  -428.00
2011 08 05 19 38 00 000   33.00  -433.00
2011 08 05 19 39 00 000   30.00  -444.00
2011 08 05 19 40 00 000   25.00  -529.00
2011 08 05 19 41 00 000   23.00  -733.00
2011 08 05 19 42 00 000   25.00  -729.00
2011 08 05 19 43 00 000   32.00  -523.00
2011 08 05 19 44 00 000   28.00  -540.00
2011 08 05 19 45 00 000   22.00  -590.00
2011 08 05 19 46 00 000   19.00  -566.00
2011 08 05 19 47 00 000   18.00  -560.00
2011 08 05 19 48 00 000   16.00  -549.00
2011 08 05 19 49 00 000   12.00  -560.00
2011 08 05 19 50 00 000    9.00  -636.00
2011 08 05 19 51 00 000    7.00  -620.00
2011 08 05 19 52 00 000    8.00  -566.00
2011 08 05 19 53 00 000   10.00  -543.00
2011 08 05 19 54 00 000    9.00  -527.00
2011 08 05 19 55 00 000    6.00  -494.00
2011 08 05 19 56 00 000    4.00  -446.00
2011 08 05 19 57 00 000    2.00  -444.00
2011 08 05 19 58 00 000    3.00  -437.00
2011 08 05 19 59 00 000    2.00  -453.00
2011 08 05 20 00 00 000    9.00  -489.00
2011 08 05 20 01 00 000   14.00  -477.00
2011 08 05 20 02 00 000   23.00  -476.00
2011 08 05 20 03 00 000   34.00  -475.00
2011 08 05 20 04 00 000   44.00  -406.00
2011 08 05 20 05 00 000   53.00  -290.00
2011 08 05 20 06 00 000   45.00  -340.00
2011 08 05 20 07 00 000   39.00  -473.00
2011 08 05 20 08 00 000   42.00  -591.00
2011 08 05 20 09 00 000   51.00  -620.00
2011 08 05 20 10 00 000   61.00  -755.00
2011 08 05 20 11 00 000   63.00  -933.00
2011 08 05 20 12 00 000   65.00 -1046.00
2011 08 05 20 13 00 000   65.00 -1186.00
2011 08 05 20 14 00 000   51.00 -1221.00
2011 08 05 20 15 00 000   43.00 -1396.00
2011 08 05 20 16 00 000   47.00 -1501.00
2011 08 05 20 17 00 000   50.00 -1322.00
2011 08 05 20 18 00 000   48.00  -895.00
2011 08 05 20 19 00 000   47.00  -602.00
2011 08 05 20 20 00 000   44.00  -473.00
2011 08 05 20 21 00 000   40.00  -425.00
2011 08 05 20 22 00 000   30.00  -317.00
2011 08 05 20 23 00 000   19.00  -295.00
2011 08 05 20 24 00 000   19.00  -272.00
2011 08 05 20 25 00 000   26.00  -295.00
2011 08 05 20 26 00 000   21.00  -314.00
2011 08 05 20 27 00 000   22.00  -313.00
2011 08 05 20 28 00 000   27.00  -332.00
2011 08 05 20 29 00 000   25.00  -329.00
2011 08 05 20 30 00 000   24.00  -319.00
2011 08 05 20 31 00 000   23.00  -314.00
2011 08 05 20 32 00 000   22.00  -331.00
2011 08 05 20 33 00 000   24.00  -353.00
2011 08 05 20 34 00 000   24.00  -368.00
2011 08 05 20 35 00 000   26.00  -399.00
2011 08 05 20 36 00 000   21.00  -421.00
2011 08 05 20 37 00 000    7.00  -440.00
2011 08 05 20 38 00 000   -1.00  -454.00
2011 08 05 20 39 00 000   -6.00  -491.00
2011 08 05 20 40 00 000   -3.00  -499.00
2011 08 05 20 41 00 000    1.00  -480.00
2011 08 05 20 42 00 000   -8.00  -455.00
2011 08 05 20 43 00 000  -24.00  -516.00
2011 08 05 20 44 00 000  -29.00  -583.00
2011 08 05 20 45 00 000  -35.00  -557.00
2011 08 05 20 46 00 000  -34.00  -498.00
2011 08 05 20 47 00 000  -29.00  -453.00
2011 08 05 20 48 00 000  -23.00  -453.00
2011 08 05 20 49 00 000  -21.00  -443.00
2011 08 05 20 50 00 000  -19.00  -427.00
2011 08 05 20 51 00 000  -18.00  -426.00
2011 08 05 20 52 00 000  -18.00  -426.00
2011 08 05 20 53 00 000  -16.00  -430.00
2011 08 05 20 54 00 000  -14.00  -432.00
2011 08 05 20 55 00 000  -14.00  -410.00
2011 08 05 20 56 00 000  -11.00  -389.00
2011 08 05 20 57 00 000   -6.00  -369.00
2011 08 05 20 58 00 000   -3.00  -339.00
2011 08 05 20 59 00 000  -18.00  -360.00
2011 08 05 21 00 00 000  -26.00  -406.00
2011 08 05 21 01 00 000  -31.00  -398.00
2011 08 05 21 02 00 000  -31.00  -361.00
2011 08 05 21 03 00 000  -28.00  -343.00
2011 08 05 21 04 00 000  -27.00  -352.00
2011 08 05 21 05 00 000  -26.00  -348.00
2011 08 05 21 06 00 000  -25.00  -342.00
2011 08 05 21 07 00 000  -25.00  -320.00
2011 08 05 21 08 00 000  -21.00  -312.00
2011 08 05 21 09 00 000  -18.00  -297.00
2011 08 05 21 10 00 000  -14.00  -346.00
2011 08 05 21 11 00 000   -9.00  -312.00
2011 08 05 21 12 00 000   -4.00  -291.00
2011 08 05 21 13 00 000    0.00  -319.00
2011 08 05 21 14 00 000    0.00  -311.00
2011 08 05 21 15 00 000   -2.00  -293.00
2011 08 05 21 16 00 000   -4.00  -285.00
2011 08 05 21 17 00 000   -6.00  -299.00
2011 08 05 21 18 00 000   -8.00  -310.00
2011 08 05 21 19 00 000   -7.00  -310.00
2011 08 05 21 20 00 000   -6.00  -303.00
2011 08 05 21 21 00 000   -6.00  -314.00
2011 08 05 21 22 00 000   -5.00  -310.00
2011 08 05 21 23 00 000   -4.00  -311.00
2011 08 05 21 24 00 000   -3.00  -342.00
2011 08 05 21 25 00 000   -3.00  -365.00
2011 08 05 21 26 00 000   -3.00  -411.00
2011 08 05 21 27 00 000   -2.00  -477.00
2011 08 05 21 28 00 000   -3.00  -588.00
2011 08 05 21 29 00 000   -7.00  -605.00
2011 08 05 21 30 00 000   -9.00  -619.00
2011 08 05 21 31 00 000  -10.00  -670.00
2011 08 05 21 32 00 000   -8.00  -771.00
2011 08 05 21 33 00 000   -7.00  -869.00
2011 08 05 21 34 00 000   -5.00  -848.00
2011 08 05 21 35 00 000   -3.00  -906.00
2011 08 05 21 36 00 000    0.00 -1001.00
2011 08 05 21 37 00 000    6.00 -1102.00
2011 08 05 21 38 00 000   10.00 -1072.00
2011 08 05 21 39 00 000   13.00 -1101.00
2011 08 05 21 40 00 000   13.00 -1182.00
2011 08 05 21 41 00 000   14.00 -1217.00
2011 08 05 21 42 00 000   12.00 -1184.00
2011 08 05 21 43 00 000   11.00 -1148.00
2011 08 05 21 44 00 000   10.00 -1135.00
2011 08 05 21 45 00 000    7.00 -1101.00
2011 08 05 21 46 00 000    4.00 -1035.00
2011 08 05 21 47 00 000    4.00 -1025.00
2011 08 05 21 48 00 000    6.00 -1046.00
2011 08 05 21 49 00 000    6.00 -1028.00
2011 08 05 21 50 00 000    2.00  -989.00
2011 08 05 21 51 00 000    1.00  -981.00
2011 08 05 21 52 00 000   -3.00  -989.00
2011 08 05 21 53 00 000   -4.00 -1031.00
2011 08 05 21 54 00 000   -5.00 -1181.00
2011 08 05 21 55 00 000   -7.00 -1380.00
2011 08 05 21 56 00 000  -10.00 -1383.00
2011 08 05 21 57 00 000   -9.00 -1200.00
2011 08 05 21 58 00 000  -11.00 -1013.00
2011 08 05 21 59 00 000  -15.00 -1051.00
2011 08 05 22 00 00 000  -14.00 -1288.00
2011 08 05 22 01 00 000  -17.00 -1439.00
2011 08 05 22 02 00 000  -22.00 -1430.00
2011 08 05 22 03 00 000  -25.00 -1372.00
2011 08 05 22 04 00 000  -26.00 -1161.00
2011 08 05 22 05 00 000  -27.00 -1061.00
2011 08 05 22 06 00 000  -26.00 -1081.00
2011 08 05 22 07 00 000  -26.00 -1123.00
2011 08 05 22 08 00 000  -24.00 -1216.00
2011 08 05 22 09 00 000  -22.00 -1439.00
2011 08 05 22 10 00 000  -22.00 -1075.00
2011 08 05 22 11 00 000  -27.00 -1106.00
2011 08 05 22 12 00 000  -29.00 -1291.00
2011 08 05 22 13 00 000  -27.00 -1611.00
2011 08 05 22 14 00 000  -25.00 -1802.00
2011 08 05 22 15 00 000  -23.00 -1695.00
2011 08 05 22 16 00 000  -24.00 -1731.00
2011 08 05 22 17 00 000  -25.00 -1902.00
2011 08 05 22 18 00 000  -28.00 -1872.00
2011 08 05 22 19 00 000  -32.00 -1789.00
2011 08 05 22 20 00 000  -36.00 -1922.00
2011 08 05 22 21 00 000  -38.00 -2014.00
2011 08 05 22 22 00 000  -36.00 -1709.00
2011 08 05 22 23 00 000  -35.00 -1519.00
2011 08 05 22 24 00 000  -36.00 -1483.00
2011 08 05 22 25 00 000  -37.00 -1394.00
2011 08 05 22 26 00 000  -37.00 -1398.00
2011 08 05 22 27 00 000  -37.00 -1378.00
2011 08 05 22 28 00 000  -40.00 -1416.00
2011 08 05 22 29 00 000  -43.00 -1402.00
2011 08 05 22 30 00 000  -49.00 -1263.00
2011 08 05 22 31 00 000  -58.00 -1158.00
2011 08 05 22 32 00 000  -59.00 -1213.00
2011 08 05 22 33 00 000  -60.00 -1338.00
2011 08 05 22 34 00 000  -61.00 -1679.00
2011 08 05 22 35 00 000  -59.00 -1848.00
2011 08 05 22 36 00 000  -58.00 -2084.00
2011 08 05 22 37 00 000  -58.00 -1678.00
2011 08 05 22 38 00 000  -59.00 -1353.00
2011 08 05 22 39 00 000  -59.00 -1336.00
2011 08 05 22 40 00 000  -60.00 -1391.00
2011 08 05 22 41 00 000  -59.00 -1393.00
2011 08 05 22 42 00 000  -58.00 -1313.00
2011 08 05 22 43 00 000  -58.00 -1150.00
2011 08 05 22 44 00 000  -59.00 -1130.00
2011 08 05 22 45 00 000  -59.00 -1150.00
2011 08 05 22 46 00 000  -60.00 -1408.00
2011 08 05 22 47 00 000  -58.00 -1594.00
2011 08 05 22 48 00 000  -57.00 -1658.00
2011 08 05 22 49 00 000  -57.00 -1511.00
2011 08 05 22 50 00 000  -58.00 -1509.00
2011 08 05 22 51 00 000  -59.00 -1461.00
2011 08 05 22 52 00 000  -59.00 -1460.00
2011 08 05 22 53 00 000  -54.00 -1307.00
2011 08 05 22 54 00 000  -52.00 -1146.00
2011 08 05 22 55 00 000  -51.00 -1165.00
2011 08 05 22 56 00 000  -50.00 -1376.00
2011 08 05 22 57 00 000  -48.00 -1409.00
2011 08 05 22 58 00 000  -50.00 -1282.00
2011 08 05 22 59 00 000  -52.00 -1278.00
2011 08 05 23 00 00 000  -54.00 -1192.00
2011 08 05 23 01 00 000  -55.00 -1103.00
2011 08 05 23 02 00 000  -58.00 -1200.00
2011 08 05 23 03 00 000  -63.00 -1122.00
2011 08 05 23 04 00 000  -74.00 -1012.00
2011 08 05 23 05 00 000  -79.00  -950.00
2011 08 05 23 06 00 000  -81.00  -986.00
2011 08 05 23 07 00 000  -79.00 -1043.00
2011 08 05 23 08 00 000  -78.00 -1081.00
2011 08 05 23 09 00 000  -79.00 -1059.00
2011 08 05 23 10 00 000  -84.00  -996.00
2011 08 05 23 11 00 000  -87.00  -894.00
2011 08 05 23 12 00 000  -91.00  -839.00
2011 08 05 23 13 00 000  -95.00  -846.00
2011 08 05 23 14 00 000  -97.00  -775.00
2011 08 05 23 15 00 000  -98.00  -715.00
2011 08 05 23 16 00 000  -94.00  -664.00
2011 08 05 23 17 00 000  -90.00  -616.00
2011 08 05 23 18 00 000  -88.00  -557.00
2011 08 05 23 19 00 000  -86.00  -502.00
2011 08 05 23 20 00 000  -86.00  -457.00
2011 08 05 23 21 00 000  -87.00  -425.00
2011 08 05 23 22 00 000  -89.00  -402.00
2011 08 05 23 23 00 000  -90.00  -351.00
2011 08 05 23 24 00 000  -92.00  -331.00
2011 08 05 23 25 00 000  -94.00  -324.00
2011 08 05 23 26 00 000  -98.00  -315.00
2011 08 05 23 27 00 000 -101.00  -362.00
2011 08 05 23 28 00 000 -103.00  -379.00
2011 08 05 23 29 00 000 -105.00  -457.00
2011 08 05 23 30 00 000 -106.00  -502.00
2011 08 05 23 31 00 000 -106.00  -494.00
2011 08 05 23 32 00 000 -105.00  -432.00
2011 08 05 23 33 00 000 -104.00  -367.00
2011 08 05 23 34 00 000 -101.00  -389.00
2011 08 05 23 35 00 000  -97.00  -403.00
2011 08 05 23 36 00 000  -94.00  -328.00
2011 08 05 23 37 00 000  -92.00  -309.00
2011 08 05 23 38 00 000  -91.00  -308.00
2011 08 05 23 39 00 000  -90.00  -278.00
2011 08 05 23 40 00 000  -90.00  -227.00
2011 08 05 23 41 00 000  -92.00  -207.00
2011 08 05 23 42 00 000  -93.00  -224.00
2011 08 05 23 43 00 000  -93.00  -252.00
2011 08 05 23 44 00 000  -93.00  -234.00
2011 08 05 23 45 00 000  -93.00  -223.00
2011 08 05 23 46 00 000  -94.00  -228.00
2011 08 05 23 47 00 000  -92.00  -224.00
2011 08 05 23 48 00 000  -90.00  -214.00
2011 08 05 23 49 00 000  -90.00  -204.00
2011 08 05 23 50 00 000  -89.00  -191.00
2011 08 05 23 51 00 000  -86.00  -182.00
2011 08 05 23 52 00 000  -80.00  -144.00
2011 08 05 23 53 00 000  -77.00  -130.00
2011 08 05 23 54 00 000  -73.00  -133.00
2011 08 05 23 55 00 000  -72.00  -130.00
2011 08 05 23 56 00 000  -68.00  -109.00
2011 08 05 23 57 00 000  -65.00  -108.00
2011 08 05 23 58 00 000  -64.00  -143.00
2011 08 05 23 59 00 000  -63.00  -163.00
2011 08 06 00 00 00 000  -64.00  -153.00
2011 08 06 00 01 00 000  -66.00  -137.00
2011 08 06 00 02 00 000  -69.00  -135.00
2011 08 06 00 03 00 000  -71.00  -138.00
2011 08 06 00 04 00 000  -71.00  -142.00
2011 08 06 00 05 00 000  -71.00  -114.00
2011 08 06 00 06 00 000  -71.00   -87.00
2011 08 06 00 07 00 000  -69.00   -86.00
2011 08 06 00 08 00 000  -68.00   -62.00
2011 08 06 00 09 00 000  -67.00   -33.00
2011 08 06 00 10 00 000  -67.00   -16.00
2011 08 06 00 11 00 000  -68.00   -38.00
2011 08 06 00 12 00 000  -68.00   -63.00
2011 08 06 00 13 00 000  -68.00   -62.00
2011 08 06 00 14 00 000  -68.00   -77.00
2011 08 06 00 15 00 000  -68.00   -89.00
2011 08 06 00 16 00 000  -68.00   -89.00
2011 08 06 00 17 00 000  -68.00   -89.00
2011 08 06 00 18 00 000  -69.00   -73.00
2011 08 06 00 19 00 000  -68.00   -75.00
2011 08 06 00 20 00 000  -67.00  -100.00
2011 08 06 00 21 00 000  -71.00  -104.00
2011 08 06 00 22 00 000  -71.00   -96.00
2011 08 06 00 23 00 000  -72.00   -77.00
2011 08 06 00 24 00 000  -71.00   -69.00
2011 08 06 00 25 00 000  -72.00  -105.00
2011 08 06 00 26 00 000  -73.00  -120.00
2011 08 06 00 27 00 000  -74.00  -134.00
2011 08 06 00 28 00 000  -74.00  -140.00
2011 08 06 00 29 00 000  -75.00  -129.00
2011 08 06 00 30 00 000  -75.00  -120.00
2011 08 06 00 31 00 000  -76.00  -125.00
2011 08 06 00 32 00 000  -75.00  -146.00
2011 08 06 00 33 00 000  -75.00  -148.00
2011 08 06 00 34 00 000  -75.00  -136.00
2011 08 06 00 35 00 000  -73.00  -141.00
2011 08 06 00 36 00 000  -72.00  -162.00
2011 08 06 00 37 00 000  -72.00  -164.00
2011 08 06 00 38 00 000  -71.00  -169.00
2011 08 06 00 39 00 000  -71.00  -186.00
2011 08 06 00 40 00 000  -71.00  -170.00
2011 08 06 00 41 00 000  -72.00  -139.00
2011 08 06 00 42 00 000  -72.00  -131.00
2011 08 06 00 43 00 000  -71.00  -159.00
2011 08 06 00 44 00 000  -71.00  -196.00
2011 08 06 00 45 00 000  -69.00  -225.00
2011 08 06 00 46 00 000  -68.00  -246.00
2011 08 06 00 47 00 000  -66.00  -276.00
2011 08 06 00 48 00 000  -64.00  -324.00
2011 08 06 00 49 00 000  -64.00  -333.00
2011 08 06 00 50 00 000  -63.00  -293.00
2011 08 06 00 51 00 000  -64.00  -262.00
2011 08 06 00 52 00 000  -65.00  -256.00
2011 08 06 00 53 00 000  -66.00  -239.00
2011 08 06 00 54 00 000  -68.00  -225.00
2011 08 06 00 55 00 000  -69.00  -223.00
2011 08 06 00 56 00 000  -70.00  -269.00
2011 08 06 00 57 00 000  -71.00  -351.00
2011 08 06 00 58 00 000  -72.00  -361.00
2011 08 06 00 59 00 000  -72.00  -327.00
2011 08 06 01 00 00 000  -72.00  -233.00
2011 08 06 01 01 00 000  -73.00  -226.00
2011 08 06 01 02 00 000  -74.00  -222.00
2011 08 06 01 03 00 000  -75.00  -228.00
2011 08 06 01 04 00 000  -76.00  -258.00
2011 08 06 01 05 00 000  -76.00  -294.00
2011 08 06 01 06 00 000  -75.00  -301.00
2011 08 06 01 07 00 000  -76.00  -351.00
2011 08 06 01 08 00 000  -76.00  -374.00
2011 08 06 01 09 00 000  -77.00  -341.00
2011 08 06 01 10 00 000  -78.00  -345.00
2011 08 06 01 11 00 000  -79.00  -405.00
2011 08 06 01 12 00 000  -80.00  -412.00
2011 08 06 01 13 00 000  -80.00  -401.00
2011 08 06 01 14 00 000  -81.00  -389.00
2011 08 06 01 15 00 000  -82.00  -396.00
2011 08 06 01 16 00 000  -82.00  -473.00
2011 08 06 01 17 00 000  -83.00  -545.00
2011 08 06 01 18 00 000  -83.00  -495.00
2011 08 06 01 19 00 000  -84.00  -468.00
2011 08 06 01 20 00 000  -83.00  -442.00
2011 08 06 01 21 00 000  -83.00  -438.00
2011 08 06 01 22 00 000  -83.00  -429.00
2011 08 06 01 23 00 000  -84.00  -473.00
2011 08 06 01 24 00 000  -84.00  -478.00
2011 08 06 01 25 00 000  -85.00  -461.00
2011 08 06 01 26 00 000  -86.00  -479.00
2011 08 06 01 27 00 000  -87.00  -511.00
2011 08 06 01 28 00 000  -87.00  -536.00
2011 08 06 01 29 00 000  -88.00  -535.00
2011 08 06 01 30 00 000  -90.00  -568.00
2011 08 06 01 31 00 000  -92.00  -583.00
2011 08 06 01 32 00 000  -93.00  -563.00
2011 08 06 01 33 00 000  -94.00  -557.00
2011 08 06 01 34 00 000  -96.00  -557.00
2011 08 06 01 35 00 000  -97.00  -581.00
2011 08 06 01 36 00 000  -98.00  -555.00
2011 08 06 01 37 00 000  -98.00  -533.00
2011 08 06 01 38 00 000  -97.00  -556.00
2011 08 06 01 39 00 000  -97.00  -528.00
2011 08 06 01 40 00 000  -97.00  -522.00
2011 08 06 01 41 00 000  -97.00  -545.00
2011 08 06 01 42 00 000  -97.00  -575.00
2011 08 06 01 43 00 000  -97.00  -585.00
2011 08 06 01 44 00 000  -97.00  -591.00
2011 08 06 01 45 00 000  -97.00  -574.00
2011 08 06 01 46 00 000  -96.00  -566.00
2011 08 06 01 47 00 000  -95.00  -566.00
2011 08 06 01 48 00 000  -95.00  -562.00
2011 08 06 01 49 00 000  -96.00  -561.00
2011 08 06 01 50 00 000  -97.00  -577.00
2011 08 06 01 51 00 000  -99.00  -589.00
2011 08 06 01 52 00 000 -100.00  -603.00
2011 08 06 01 53 00 000 -101.00  -618.00
2011 08 06 01 54 00 000 -103.00  -651.00
2011 08 06 01 55 00 000 -105.00  -699.00
2011 08 06 01 56 00 000 -106.00  -746.00
2011 08 06 01 57 00 000 -106.00  -787.00
2011 08 06 01 58 00 000 -106.00  -790.00
2011 08 06 01 59 00 000 -105.00  -751.00
2011 08 06 02 00 00 000 -105.00  -675.00
2011 08 06 02 01 00 000 -104.00  -662.00
2011 08 06 02 02 00 000 -105.00  -675.00
2011 08 06 02 03 00 000 -105.00  -745.00
2011 08 06 02 04 00 000 -106.00  -864.00
2011 08 06 02 05 00 000 -107.00  -977.00
2011 08 06 02 06 00 000 -108.00  -968.00
2011 08 06 02 07 00 000 -108.00  -878.00
2011 08 06 02 08 00 000 -108.00  -839.00
2011 08 06 02 09 00 000 -108.00  -797.00
2011 08 06 02 10 00 000 -109.00  -767.00
2011 08 06 02 11 00 000 -109.00  -694.00
2011 08 06 02 12 00 000 -109.00  -638.00
2011 08 06 02 13 00 000 -109.00  -639.00
2011 08 06 02 14 00 000 -109.00  -669.00
2011 08 06 02 15 00 000 -109.00  -688.00
2011 08 06 02 16 00 000 -109.00  -674.00
2011 08 06 02 17 00 000 -110.00  -636.00
2011 08 06 02 18 00 000 -110.00  -602.00
2011 08 06 02 19 00 000 -111.00  -676.00
2011 08 06 02 20 00 000 -111.00  -737.00
2011 08 06 02 21 00 000 -111.00  -710.00
2011 08 06 02 22 00 000 -111.00  -735.00
2011 08 06 02 23 00 000 -111.00  -783.00
2011 08 06 02 24 00 000 -111.00  -816.00
2011 08 06 02 25 00 000 -111.00  -766.00
2011 08 06 02 26 00 000 -111.00  -730.00
2011 08 06 02 27 00 000 -111.00  -701.00
2011 08 06 02 28 00 000 -111.00  -637.00
2011 08 06 02 29 00 000 -112.00  -576.00
2011 08 06 02 30 00 000 -111.00  -590.00
2011 08 06 02 31 00 000 -111.00  -606.00
2011 08 06 02 32 00 000 -110.00  -638.00
2011 08 06 02 33 00 000 -110.00  -700.00
2011 08 06 02 34 00 000 -111.00  -672.00
2011 08 06 02 35 00 000 -111.00  -741.00
2011 08 06 02 36 00 000 -111.00  -763.00
2011 08 06 02 37 00 000 -111.00  -774.00
2011 08 06 02 38 00 000 -112.00  -755.00
2011 08 06 02 39 00 000 -112.00  -865.00
2011 08 06 02 40 00 000 -112.00  -804.00
2011 08 06 02 41 00 000 -113.00  -778.00
2011 08 06 02 42 00 000 -114.00  -807.00
2011 08 06 02 43 00 000 -114.00  -819.00
2011 08 06 02 44 00 000 -114.00  -777.00
2011 08 06 02 45 00 000 -114.00  -743.00
2011 08 06 02 46 00 000 -114.00  -747.00
2011 08 06 02 47 00 000 -115.00  -781.00
2011 08 06 02 48 00 000 -115.00  -736.00
2011 08 06 02 49 00 000 -116.00  -661.00
2011 08 06 02 50 00 000 -116.00  -596.00
2011 08 06 02 51 00 000 -116.00  -611.00
2011 08 06 02 52 00 000 -116.00  -632.00
2011 08 06 02 53 00 000 -115.00  -620.00
2011 08 06 02 54 00 000 -116.00  -663.00
2011 08 06 02 55 00 000 -117.00  -673.00
2011 08 06 02 56 00 000 -117.00  -710.00
2011 08 06 02 57 00 000 -117.00  -632.00
2011 08 06 02 58 00 000 -117.00  -550.00
2011 08 06 02 59 00 000 -118.00  -544.00
2011 08 06 03 00 00 000 -118.00  -553.00
2011 08 06 03 01 00 000 -118.00  -539.00
2011 08 06 03 02 00 000 -118.00  -547.00
2011 08 06 03 03 00 000 -118.00  -546.00
2011 08 06 03 04 00 000 -119.00  -544.00
2011 08 06 03 05 00 000 -119.00  -546.00
2011 08 06 03 06 00 000 -119.00  -532.00
2011 08 06 03 07 00 000 -120.00  -617.00
2011 08 06 03 08 00 000 -120.00  -667.00
2011 08 06 03 09 00 000 -121.00  -677.00
2011 08 06 03 10 00 000 -121.00  -658.00
2011 08 06 03 11 00 000 -122.00  -620.00
2011 08 06 03 12 00 000 -123.00  -602.00
2011 08 06 03 13 00 000 -124.00  -696.00
2011 08 06 03 14 00 000 -125.00  -700.00
2011 08 06 03 15 00 000 -125.00  -728.00
2011 08 06 03 16 00 000 -125.00  -706.00
2011 08 06 03 17 00 000 -125.00  -615.00
2011 08 06 03 18 00 000 -125.00  -614.00
2011 08 06 03 19 00 000 -125.00  -653.00
2011 08 06 03 20 00 000 -125.00  -764.00
2011 08 06 03 21 00 000 -125.00  -800.00
2011 08 06 03 22 00 000 -126.00  -702.00
2011 08 06 03 23 00 000 -126.00  -567.00
2011 08 06 03 24 00 000 -126.00  -495.00
2011 08 06 03 25 00 000 -126.00  -468.00
2011 08 06 03 26 00 000 -126.00  -447.00
2011 08 06 03 27 00 000 -126.00  -451.00
2011 08 06 03 28 00 000 -125.00  -446.00
2011 08 06 03 29 00 000 -125.00  -434.00
2011 08 06 03 30 00 000 -124.00  -432.00
2011 08 06 03 31 00 000 -124.00  -423.00
2011 08 06 03 32 00 000 -124.00  -402.00
2011 08 06 03 33 00 000 -123.00  -380.00
2011 08 06 03 34 00 000 -122.00  -414.00
2011 08 06 03 35 00 000 -122.00  -432.00
2011 08 06 03 36 00 000 -121.00  -423.00
2011 08 06 03 37 00 000 -120.00  -407.00
2011 08 06 03 38 00 000 -119.00  -413.00
2011 08 06 03 39 00 000 -118.00  -426.00
2011 08 06 03 40 00 000 -117.00  -447.00
2011 08 06 03 41 00 000 -116.00  -472.00
2011 08 06 03 42 00 000 -114.00  -458.00
2011 08 06 03 43 00 000 -113.00  -413.00
2011 08 06 03 44 00 000 -112.00  -357.00
2011 08 06 03 45 00 000 -111.00  -318.00
2011 08 06 03 46 00 000 -110.00  -283.00
2011 08 06 03 47 00 000 -108.00  -257.00
2011 08 06 03 48 00 000 -107.00  -262.00
2011 08 06 03 49 00 000 -106.00  -237.00
2011 08 06 03 50 00 000 -105.00  -196.00
2011 08 06 03 51 00 000 -104.00  -183.00
2011 08 06 03 52 00 000 -103.00  -199.00
2011 08 06 03 53 00 000 -103.00  -230.00
2011 08 06 03 54 00 000 -103.00  -225.00
2011 08 06 03 55 00 000 -103.00  -190.00
2011 08 06 03 56 00 000 -102.00  -159.00
2011 08 06 03 57 00 000 -103.00  -152.00
2011 08 06 03 58 00 000 -102.00  -164.00
2011 08 06 03 59 00 000 -102.00  -165.00
2011 08 06 04 00 00 000 -102.00  -148.00
2011 08 06 04 01 00 000 -102.00  -122.00
2011 08 06 04 02 00 000 -103.00  -122.00
2011 08 06 04 03 00 000 -102.00  -140.00
2011 08 06 04 04 00 000 -102.00  -127.00
2011 08 06 04 05 00 000 -102.00  -112.00
2011 08 06 04 06 00 000 -102.00  -113.00
2011 08 06 04 07 00 000 -102.00  -110.00
2011 08 06 04 08 00 000 -101.00   -92.00
2011 08 06 04 09 00 000 -101.00   -85.00
2011 08 06 04 10 00 000 -101.00   -80.00
2011 08 06 04 11 00 000 -100.00   -76.00
2011 08 06 04 12 00 000 -100.00   -62.00
2011 08 06 04 13 00 000  -99.00   -48.00
2011 08 06 04 14 00 000  -99.00   -46.00
2011 08 06 04 15 00 000  -99.00   -45.00
2011 08 06 04 16 00 000  -98.00   -42.00
2011 08 06 04 17 00 000  -98.00   -41.00
2011 08 06 04 18 00 000  -97.00   -38.00
2011 08 06 04 19 00 000  -96.00   -36.00
2011 08 06 04 20 00 000  -95.00   -41.00
2011 08 06 04 21 00 000  -94.00   -46.00
2011 08 06 04 22 00 000  -94.00   -46.00
2011 08 06 04 23 00 000  -94.00   -41.00
2011 08 06 04 24 00 000  -93.00   -42.00
2011 08 06 04 25 00 000  -93.00   -43.00
2011 08 06 04 26 00 000  -92.00   -48.00
2011 08 06 04 27 00 000  -93.00   -56.00
2011 08 06 04 28 00 000  -92.00   -63.00
2011 08 06 04 29 00 000  -92.00   -67.00
2011 08 06 04 30 00 000  -91.00   -69.00
2011 08 06 04 31 00 000  -91.00   -70.00
2011 08 06 04 32 00 000  -91.00   -72.00
2011 08 06 04 33 00 000  -90.00   -77.00
2011 08 06 04 34 00 000  -90.00   -83.00
2011 08 06 04 35 00 000  -89.00   -92.00
2011 08 06 04 36 00 000  -89.00  -100.00
2011 08 06 04 37 00 000  -89.00  -105.00
2011 08 06 04 38 00 000  -89.00  -104.00
2011 08 06 04 39 00 000  -90.00  -110.00
2011 08 06 04 40 00 000  -90.00  -118.00
2011 08 06 04 41 00 000  -90.00  -116.00
2011 08 06 04 42 00 000  -90.00  -111.00
2011 08 06 04 43 00 000  -90.00  -115.00
2011 08 06 04 44 00 000  -90.00  -116.00
2011 08 06 04 45 00 000  -90.00  -111.00
2011 08 06 04 46 00 000  -89.00  -108.00
2011 08 06 04 47 00 000  -89.00  -114.00
2011 08 06 04 48 00 000  -89.00  -117.00
2011 08 06 04 49 00 000  -88.00  -121.00
2011 08 06 04 50 00 000  -88.00  -123.00
2011 08 06 04 51 00 000  -88.00  -138.00
2011 08 06 04 52 00 000  -87.00  -152.00
2011 08 06 04 53 00 000  -87.00  -164.00
2011 08 06 04 54 00 000  -86.00  -173.00
2011 08 06 04 55 00 000  -86.00  -178.00
2011 08 06 04 56 00 000  -85.00  -184.00
2011 08 06 04 57 00 000  -84.00  -187.00
2011 08 06 04 58 00 000  -83.00  -184.00
2011 08 06 04 59 00 000  -82.00  -175.00
2011 08 06 05 00 00 000  -82.00  -166.00
2011 08 06 05 01 00 000  -82.00  -161.00
2011 08 06 05 02 00 000  -82.00  -168.00
2011 08 06 05 03 00 000  -82.00  -182.00
2011 08 06 05 04 00 000  -82.00  -258.00
2011 08 06 05 05 00 000  -81.00  -325.00
2011 08 06 05 06 00 000  -79.00  -362.00
2011 08 06 05 07 00 000  -78.00  -211.00
2011 08 06 05 08 00 000  -77.00  -178.00
2011 08 06 05 09 00 000  -77.00  -179.00
2011 08 06 05 10 00 000  -76.00  -179.00
2011 08 06 05 11 00 000  -76.00  -180.00
2011 08 06 05 12 00 000  -76.00  -210.00
2011 08 06 05 13 00 000  -76.00  -244.00
2011 08 06 05 14 00 000  -76.00  -247.00
2011 08 06 05 15 00 000  -76.00  -249.00
2011 08 06 05 16 00 000  -76.00  -267.00
2011 08 06 05 17 00 000  -77.00  -281.00
2011 08 06 05 18 00 000  -78.00  -297.00
2011 08 06 05 19 00 000  -79.00  -324.00
2011 08 06 05 20 00 000  -80.00  -360.00
2011 08 06 05 21 00 000  -81.00  -395.00
2011 08 06 05 22 00 000  -81.00  -387.00
2011 08 06 05 23 00 000  -82.00  -365.00
2011 08 06 05 24 00 000  -82.00  -373.00
2011 08 06 05 25 00 000  -82.00  -382.00
2011 08 06 05 26 00 000  -81.00  -371.00
2011 08 06 05 27 00 000  -81.00  -358.00
2011 08 06 05 28 00 000  -81.00  -356.00
2011 08 06 05 29 00 000  -81.00  -364.00
2011 08 06 05 30 00 000  -81.00  -385.00
2011 08 06 05 31 00 000  -81.00  -389.00
2011 08 06 05 32 00 000  -82.00  -399.00
2011 08 06 05 33 00 000  -82.00  -401.00
2011 08 06 05 34 00 000  -82.00  -400.00
2011 08 06 05 35 00 000  -83.00  -389.00
2011 08 06 05 36 00 000  -84.00  -397.00
2011 08 06 05 37 00 000  -84.00  -394.00
2011 08 06 05 38 00 000  -84.00  -382.00
2011 08 06 05 39 00 000  -84.00  -367.00
2011 08 06 05 40 00 000  -85.00  -351.00
2011 08 06 05 41 00 000  -86.00  -329.00
2011 08 06 05 42 00 000  -88.00  -302.00
2011 08 06 05 43 00 000  -89.00  -294.00
2011 08 06 05 44 00 000  -90.00  -295.00
2011 08 06 05 45 00 000  -91.00  -277.00
2011 08 06 05 46 00 000  -93.00  -246.00
2011 08 06 05 47 00 000  -94.00  -254.00
2011 08 06 05 48 00 000  -96.00  -228.00
2011 08 06 05 49 00 000  -96.00  -226.00
2011 08 06 05 50 00 000  -95.00  -208.00
2011 08 06 05 51 00 000  -94.00  -280.00
2011 08 06 05 52 00 000  -94.00  -291.00
2011 08 06 05 53 00 000  -94.00  -330.00
2011 08 06 05 54 00 000  -95.00  -362.00
2011 08 06 05 55 00 000  -94.00  -365.00
2011 08 06 05 56 00 000  -93.00  -381.00
2011 08 06 05 57 00 000  -91.00  -380.00
2011 08 06 05 58 00 000  -89.00  -400.00
2011 08 06 05 59 00 000  -88.00  -456.00
2011 08 06 06 00 00 000  -87.00  -535.00
2011 08 06 06 01 00 000  -87.00  -468.00
2011 08 06 06 02 00 000  -86.00  -335.00
2011 08 06 06 03 00 000  -85.00  -252.00
2011 08 06 06 04 00 000  -85.00  -215.00
2011 08 06 06 05 00 000  -85.00  -245.00
2011 08 06 06 06 00 000  -84.00  -195.00
2011 08 06 06 07 00 000  -83.00  -155.00
2011 08 06 06 08 00 000  -84.00  -171.00
2011 08 06 06 09 00 000  -83.00  -181.00
2011 08 06 06 10 00 000  -83.00  -163.00
2011 08 06 06 11 00 000  -83.00  -194.00
2011 08 06 06 12 00 000  -83.00  -210.00
2011 08 06 06 13 00 000  -83.00  -206.00
2011 08 06 06 14 00 000  -83.00  -265.00
2011 08 06 06 15 00 000  -82.00  -373.00
2011 08 06 06 16 00 000  -82.00  -359.00
2011 08 06 06 17 00 000  -81.00  -339.00
2011 08 06 06 18 00 000  -81.00  -317.00
2011 08 06 06 19 00 000  -80.00  -307.00
2011 08 06 06 20 00 000  -80.00  -270.00
2011 08 06 06 21 00 000  -79.00  -265.00
2011 08 06 06 22 00 000  -77.00  -279.00
2011 08 06 06 23 00 000  -76.00  -306.00
2011 08 06 06 24 00 000  -74.00  -343.00
2011 08 06 06 25 00 000  -73.00  -358.00
2011 08 06 06 26 00 000  -71.00  -385.00
2011 08 06 06 27 00 000  -69.00  -392.00
2011 08 06 06 28 00 000  -68.00  -354.00
2011 08 06 06 29 00 000  -67.00  -332.00
2011 08 06 06 30 00 000  -67.00  -342.00
2011 08 06 06 31 00 000  -68.00  -344.00
2011 08 06 06 32 00 000  -69.00  -299.00
2011 08 06 06 33 00 000  -69.00  -278.00
2011 08 06 06 34 00 000  -68.00  -272.00
2011 08 06 06 35 00 000  -69.00  -275.00
2011 08 06 06 36 00 000  -70.00  -284.00
2011 08 06 06 37 00 000  -71.00  -298.00
2011 08 06 06 38 00 000  -71.00  -307.00
2011 08 06 06 39 00 000  -70.00  -323.00
2011 08 06 06 40 00 000  -68.00  -351.00
2011 08 06 06 41 00 000  -65.00  -394.00
2011 08 06 06 42 00 000  -64.00  -394.00
2011 08 06 06 43 00 000  -64.00  -354.00
2011 08 06 06 44 00 000  -65.00  -366.00
2011 08 06 06 45 00 000  -67.00  -377.00
2011 08 06 06 46 00 000  -68.00  -347.00
2011 08 06 06 47 00 000  -69.00  -325.00
2011 08 06 06 48 00 000  -69.00  -323.00
2011 08 06 06 49 00 000  -69.00  -315.00
2011 08 06 06 50 00 000  -70.00  -282.00
2011 08 06 06 51 00 000  -71.00  -270.00
2011 08 06 06 52 00 000  -70.00  -284.00
2011 08 06 06 53 00 000  -71.00  -314.00
2011 08 06 06 54 00 000  -71.00  -336.00
2011 08 06 06 55 00 000  -72.00  -360.00
2011 08 06 06 56 00 000  -72.00  -375.00
2011 08 06 06 57 00 000  -72.00  -376.00
2011 08 06 06 58 00 000  -73.00  -363.00
2011 08 06 06 59 00 000  -72.00  -345.00
2011 08 06 07 00 00 000  -72.00  -355.00
2011 08 06 07 01 00 000  -72.00  -371.00
2011 08 06 07 02 00 000  -72.00  -374.00
2011 08 06 07 03 00 000  -72.00  -371.00
2011 08 06 07 04 00 000  -73.00  -362.00
2011 08 06 07 05 00 000  -74.00  -328.00
2011 08 06 07 06 00 000  -75.00  -307.00
2011 08 06 07 07 00 000  -76.00  -311.00
2011 08 06 07 08 00 000  -77.00  -301.00
2011 08 06 07 09 00 000  -77.00  -284.00
2011 08 06 07 10 00 000  -78.00  -270.00
2011 08 06 07 11 00 000  -78.00  -276.00
2011 08 06 07 12 00 000  -78.00  -288.00
2011 08 06 07 13 00 000  -79.00  -287.00
2011 08 06 07 14 00 000  -79.00  -285.00
2011 08 06 07 15 00 000  -79.00  -278.00
2011 08 06 07 16 00 000  -79.00  -274.00
2011 08 06 07 17 00 000  -80.00  -265.00
2011 08 06 07 18 00 000  -81.00  -276.00
2011 08 06 07 19 00 000  -82.00  -301.00
2011 08 06 07 20 00 000  -82.00  -335.00
2011 08 06 07 21 00 000  -81.00  -359.00
2011 08 06 07 22 00 000  -80.00  -370.00
2011 08 06 07 23 00 000  -79.00  -391.00
2011 08 06 07 24 00 000  -78.00  -382.00
2011 08 06 07 25 00 000  -78.00  -371.00
2011 08 06 07 26 00 000  -78.00  -360.00
2011 08 06 07 27 00 000  -78.00  -340.00
2011 08 06 07 28 00 000  -78.00  -315.00
2011 08 06 07 29 00 000  -79.00  -296.00
2011 08 06 07 30 00 000  -79.00  -293.00
2011 08 06 07 31 00 000  -79.00  -300.00
2011 08 06 07 32 00 000  -79.00  -326.00
2011 08 06 07 33 00 000  -79.00  -357.00
2011 08 06 07 34 00 000  -79.00  -372.00
2011 08 06 07 35 00 000  -78.00  -371.00
2011 08 06 07 36 00 000  -78.00  -361.00
2011 08 06 07 37 00 000  -77.00  -350.00
2011 08 06 07 38 00 000  -77.00  -339.00
2011 08 06 07 39 00 000  -78.00  -314.00
2011 08 06 07 40 00 000  -78.00  -299.00
2011 08 06 07 41 00 000  -78.00  -297.00
2011 08 06 07 42 00 000  -76.00  -312.00
2011 08 06 07 43 00 000  -76.00  -331.00
2011 08 06 07 44 00 000  -75.00  -337.00
2011 08 06 07 45 00 000  -74.00  -324.00
2011 08 06 07 46 00 000  -72.00  -296.00
2011 08 06 07 47 00 000  -72.00  -263.00
2011 08 06 07 48 00 000  -72.00  -229.00
2011 08 06 07 49 00 000  -73.00  -197.00
2011 08 06 07 50 00 000  -73.00  -196.00
2011 08 06 07 51 00 000  -72.00  -226.00
2011 08 06 07 52 00 000  -72.00  -258.00
2011 08 06 07 53 00 000  -72.00  -255.00
2011 08 06 07 54 00 000  -73.00  -228.00
2011 08 06 07 55 00 000  -74.00  -219.00
2011 08 06 07 56 00 000  -74.00  -243.00
2011 08 06 07 57 00 000  -74.00  -271.00
2011 08 06 07 58 00 000  -74.00  -239.00
2011 08 06 07 59 00 000  -75.00  -214.00
2011 08 06 08 00 00 000  -74.00  -195.00
2011 08 06 08 01 00 000  -73.00  -178.00
2011 08 06 08 02 00 000  -71.00  -169.00
2011 08 06 08 03 00 000  -72.00  -156.00
2011 08 06 08 04 00 000  -72.00  -130.00
2011 08 06 08 05 00 000  -72.00  -131.00
2011 08 06 08 06 00 000  -72.00  -143.00
2011 08 06 08 07 00 000  -71.00  -154.00
2011 08 06 08 08 00 000  -70.00  -159.00
2011 08 06 08 09 00 000  -70.00  -165.00
2011 08 06 08 10 00 000  -69.00  -168.00
2011 08 06 08 11 00 000  -68.00  -163.00
2011 08 06 08 12 00 000  -67.00  -147.00
2011 08 06 08 13 00 000  -66.00  -136.00
2011 08 06 08 14 00 000  -66.00  -127.00
2011 08 06 08 15 00 000  -66.00  -128.00
2011 08 06 08 16 00 000  -67.00  -139.00
2011 08 06 08 17 00 000  -67.00  -145.00
2011 08 06 08 18 00 000  -68.00  -146.00
2011 08 06 08 19 00 000  -68.00  -145.00
2011 08 06 08 20 00 000  -69.00  -143.00
2011 08 06 08 21 00 000  -68.00  -140.00
2011 08 06 08 22 00 000  -67.00  -131.00
2011 08 06 08 23 00 000  -66.00  -116.00
2011 08 06 08 24 00 000  -67.00  -106.00
2011 08 06 08 25 00 000  -67.00  -100.00
2011 08 06 08 26 00 000  -67.00  -101.00
2011 08 06 08 27 00 000  -67.00  -108.00
2011 08 06 08 28 00 000  -67.00  -113.00
2011 08 06 08 29 00 000  -67.00  -116.00
2011 08 06 08 30 00 000  -67.00  -121.00
2011 08 06 08 31 00 000  -66.00  -121.00
2011 08 06 08 32 00 000  -64.00  -120.00
2011 08 06 08 33 00 000  -62.00  -112.00
2011 08 06 08 34 00 000  -60.00  -117.00
2011 08 06 08 35 00 000  -58.00  -110.00
2011 08 06 08 36 00 000  -56.00   -98.00
2011 08 06 08 37 00 000  -56.00   -89.00
2011 08 06 08 38 00 000  -56.00   -81.00
2011 08 06 08 39 00 000  -57.00   -73.00
2011 08 06 08 40 00 000  -58.00   -62.00
2011 08 06 08 41 00 000  -58.00   -57.00
2011 08 06 08 42 00 000  -58.00   -70.00
2011 08 06 08 43 00 000  -59.00   -81.00
2011 08 06 08 44 00 000  -58.00   -84.00
2011 08 06 08 45 00 000  -56.00   -87.00
2011 08 06 08 46 00 000  -56.00   -95.00
2011 08 06 08 47 00 000  -56.00   -92.00
2011 08 06 08 48 00 000  -56.00   -67.00
2011 08 06 08 49 00 000  -56.00   -34.00
2011 08 06 08 50 00 000  -57.00   -16.00
2011 08 06 08 51 00 000  -57.00   -17.00
2011 08 06 08 52 00 000  -58.00   -19.00
2011 08 06 08 53 00 000  -58.00   -23.00
2011 08 06 08 54 00 000  -57.00   -21.00
2011 08 06 08 55 00 000  -57.00   -19.00
2011 08 06 08 56 00 000  -57.00   -19.00
2011 08 06 08 57 00 000  -56.00   -26.00
2011 08 06 08 58 00 000  -57.00   -26.00
2011 08 06 08 59 00 000  -58.00   -23.00
