Sym-H and AL  obtained from Kyoto WDC for SWPC Event 7.  Units in nT.
year mo dy hr mn sc msc dst_sm AL
1998 07 07 00 33 00 000  -22.00  -103.00
1998 07 07 00 34 00 000  -22.00  -107.00
1998 07 07 00 35 00 000  -22.00  -103.00
1998 07 07 00 36 00 000  -22.00  -102.00
1998 07 07 00 37 00 000  -22.00  -101.00
1998 07 07 00 38 00 000  -23.00  -103.00
1998 07 07 00 39 00 000  -23.00  -103.00
1998 07 07 00 40 00 000  -23.00  -104.00
1998 07 07 00 41 00 000  -23.00  -102.00
1998 07 07 00 42 00 000  -24.00  -108.00
1998 07 07 00 43 00 000  -24.00  -115.00
1998 07 07 00 44 00 000  -24.00  -107.00
1998 07 07 00 45 00 000  -24.00   -96.00
1998 07 07 00 46 00 000  -25.00   -90.00
1998 07 07 00 47 00 000  -25.00   -88.00
1998 07 07 00 48 00 000  -25.00   -85.00
1998 07 07 00 49 00 000  -24.00   -88.00
1998 07 07 00 50 00 000  -25.00   -90.00
1998 07 07 00 51 00 000  -24.00   -85.00
1998 07 07 00 52 00 000  -25.00   -83.00
1998 07 07 00 53 00 000  -24.00   -82.00
1998 07 07 00 54 00 000  -24.00   -77.00
1998 07 07 00 55 00 000  -24.00   -77.00
1998 07 07 00 56 00 000  -24.00   -81.00
1998 07 07 00 57 00 000  -24.00   -80.00
1998 07 07 00 58 00 000  -24.00   -77.00
1998 07 07 00 59 00 000  -25.00   -75.00
1998 07 07 01 00 00 000  -25.00   -71.00
1998 07 07 01 01 00 000  -25.00   -67.00
1998 07 07 01 02 00 000  -24.00   -68.00
1998 07 07 01 03 00 000  -25.00   -77.00
1998 07 07 01 04 00 000  -24.00   -83.00
1998 07 07 01 05 00 000  -24.00   -78.00
1998 07 07 01 06 00 000  -24.00   -68.00
1998 07 07 01 07 00 000  -24.00   -61.00
1998 07 07 01 08 00 000  -24.00   -63.00
1998 07 07 01 09 00 000  -24.00   -75.00
1998 07 07 01 10 00 000  -24.00   -77.00
1998 07 07 01 11 00 000  -24.00   -75.00
1998 07 07 01 12 00 000  -24.00   -70.00
1998 07 07 01 13 00 000  -23.00   -65.00
1998 07 07 01 14 00 000  -23.00   -61.00
1998 07 07 01 15 00 000  -23.00   -61.00
1998 07 07 01 16 00 000  -23.00   -68.00
1998 07 07 01 17 00 000  -23.00   -75.00
1998 07 07 01 18 00 000  -23.00   -71.00
1998 07 07 01 19 00 000  -23.00   -63.00
1998 07 07 01 20 00 000  -23.00   -56.00
1998 07 07 01 21 00 000  -23.00   -50.00
1998 07 07 01 22 00 000  -23.00   -51.00
1998 07 07 01 23 00 000  -23.00   -56.00
1998 07 07 01 24 00 000  -23.00   -58.00
1998 07 07 01 25 00 000  -23.00   -55.00
1998 07 07 01 26 00 000  -23.00   -47.00
1998 07 07 01 27 00 000  -23.00   -41.00
1998 07 07 01 28 00 000  -23.00   -42.00
1998 07 07 01 29 00 000  -23.00   -43.00
1998 07 07 01 30 00 000  -23.00   -51.00
1998 07 07 01 31 00 000  -23.00   -56.00
1998 07 07 01 32 00 000  -23.00   -60.00
1998 07 07 01 33 00 000  -23.00   -56.00
1998 07 07 01 34 00 000  -24.00   -53.00
1998 07 07 01 35 00 000  -23.00   -51.00
1998 07 07 01 36 00 000  -23.00   -48.00
1998 07 07 01 37 00 000  -23.00   -34.00
1998 07 07 01 38 00 000  -21.00   -38.00
1998 07 07 01 39 00 000  -20.00   -39.00
1998 07 07 01 40 00 000  -18.00   -62.00
1998 07 07 01 41 00 000  -18.00   -74.00
1998 07 07 01 42 00 000  -17.00  -120.00
1998 07 07 01 43 00 000  -17.00  -113.00
1998 07 07 01 44 00 000  -17.00  -142.00
1998 07 07 01 45 00 000  -17.00  -148.00
1998 07 07 01 46 00 000  -17.00  -142.00
1998 07 07 01 47 00 000  -17.00  -144.00
1998 07 07 01 48 00 000  -17.00  -148.00
1998 07 07 01 49 00 000  -16.00  -156.00
1998 07 07 01 50 00 000  -16.00  -161.00
1998 07 07 01 51 00 000  -16.00  -156.00
1998 07 07 01 52 00 000  -16.00  -163.00
1998 07 07 01 53 00 000  -16.00  -163.00
1998 07 07 01 54 00 000  -16.00  -158.00
1998 07 07 01 55 00 000  -16.00  -164.00
1998 07 07 01 56 00 000  -16.00  -160.00
1998 07 07 01 57 00 000  -17.00  -156.00
1998 07 07 01 58 00 000  -17.00  -167.00
1998 07 07 01 59 00 000  -17.00  -164.00
1998 07 07 02 00 00 000  -17.00  -144.00
1998 07 07 02 01 00 000  -17.00  -136.00
1998 07 07 02 02 00 000  -16.00  -137.00
1998 07 07 02 03 00 000  -16.00  -127.00
1998 07 07 02 04 00 000  -16.00  -135.00
1998 07 07 02 05 00 000  -16.00  -136.00
1998 07 07 02 06 00 000  -16.00  -129.00
1998 07 07 02 07 00 000  -17.00  -121.00
1998 07 07 02 08 00 000  -17.00  -118.00
1998 07 07 02 09 00 000  -17.00  -116.00
1998 07 07 02 10 00 000  -17.00  -118.00
1998 07 07 02 11 00 000  -17.00  -114.00
1998 07 07 02 12 00 000  -17.00  -116.00
1998 07 07 02 13 00 000  -17.00  -117.00
1998 07 07 02 14 00 000  -17.00  -113.00
1998 07 07 02 15 00 000  -16.00  -107.00
1998 07 07 02 16 00 000  -16.00  -101.00
1998 07 07 02 17 00 000  -17.00   -96.00
1998 07 07 02 18 00 000  -17.00   -95.00
1998 07 07 02 19 00 000  -17.00   -88.00
1998 07 07 02 20 00 000  -17.00   -87.00
1998 07 07 02 21 00 000  -17.00   -87.00
1998 07 07 02 22 00 000  -17.00   -88.00
1998 07 07 02 23 00 000  -17.00   -91.00
1998 07 07 02 24 00 000  -17.00   -90.00
1998 07 07 02 25 00 000  -17.00   -89.00
1998 07 07 02 26 00 000  -17.00   -89.00
1998 07 07 02 27 00 000  -17.00   -84.00
1998 07 07 02 28 00 000  -18.00   -78.00
1998 07 07 02 29 00 000  -18.00   -74.00
1998 07 07 02 30 00 000  -18.00   -74.00
1998 07 07 02 31 00 000  -18.00   -73.00
1998 07 07 02 32 00 000  -18.00   -71.00
1998 07 07 02 33 00 000  -18.00   -62.00
1998 07 07 02 34 00 000  -19.00   -55.00
1998 07 07 02 35 00 000  -19.00   -38.00
1998 07 07 02 36 00 000  -19.00   -41.00
1998 07 07 02 37 00 000  -19.00   -46.00
1998 07 07 02 38 00 000  -19.00   -49.00
1998 07 07 02 39 00 000  -19.00   -47.00
1998 07 07 02 40 00 000  -18.00   -47.00
1998 07 07 02 41 00 000  -18.00   -48.00
1998 07 07 02 42 00 000  -18.00   -50.00
1998 07 07 02 43 00 000  -18.00   -52.00
1998 07 07 02 44 00 000  -19.00   -49.00
1998 07 07 02 45 00 000  -19.00   -45.00
1998 07 07 02 46 00 000  -19.00   -45.00
1998 07 07 02 47 00 000  -19.00   -43.00
1998 07 07 02 48 00 000  -19.00   -43.00
1998 07 07 02 49 00 000  -19.00   -42.00
1998 07 07 02 50 00 000  -19.00   -41.00
1998 07 07 02 51 00 000  -19.00   -60.00
1998 07 07 02 52 00 000  -19.00   -68.00
1998 07 07 02 53 00 000  -20.00   -51.00
1998 07 07 02 54 00 000  -19.00   -44.00
1998 07 07 02 55 00 000  -18.00   -44.00
1998 07 07 02 56 00 000  -19.00   -49.00
1998 07 07 02 57 00 000  -19.00   -55.00
1998 07 07 02 58 00 000  -19.00   -61.00
1998 07 07 02 59 00 000  -19.00   -57.00
1998 07 07 03 00 00 000  -20.00   -59.00
1998 07 07 03 01 00 000  -19.00   -60.00
1998 07 07 03 02 00 000  -19.00   -52.00
1998 07 07 03 03 00 000  -19.00   -52.00
1998 07 07 03 04 00 000  -18.00   -54.00
1998 07 07 03 05 00 000  -17.00   -68.00
1998 07 07 03 06 00 000  -17.00   -74.00
1998 07 07 03 07 00 000  -18.00   -75.00
1998 07 07 03 08 00 000  -18.00   -75.00
1998 07 07 03 09 00 000  -19.00   -69.00
1998 07 07 03 10 00 000  -20.00   -75.00
1998 07 07 03 11 00 000  -21.00   -69.00
1998 07 07 03 12 00 000  -22.00   -48.00
1998 07 07 03 13 00 000  -23.00   -51.00
1998 07 07 03 14 00 000  -23.00   -58.00
1998 07 07 03 15 00 000  -23.00   -53.00
1998 07 07 03 16 00 000  -23.00   -43.00
1998 07 07 03 17 00 000  -22.00   -45.00
1998 07 07 03 18 00 000  -21.00   -51.00
1998 07 07 03 19 00 000  -21.00   -56.00
1998 07 07 03 20 00 000  -20.00   -73.00
1998 07 07 03 21 00 000  -19.00   -82.00
1998 07 07 03 22 00 000  -18.00   -85.00
1998 07 07 03 23 00 000  -18.00   -90.00
1998 07 07 03 24 00 000  -18.00   -93.00
1998 07 07 03 25 00 000  -19.00   -97.00
1998 07 07 03 26 00 000  -20.00   -90.00
1998 07 07 03 27 00 000  -21.00   -81.00
1998 07 07 03 28 00 000  -21.00   -71.00
1998 07 07 03 29 00 000  -22.00   -64.00
1998 07 07 03 30 00 000  -22.00   -64.00
1998 07 07 03 31 00 000  -22.00   -70.00
1998 07 07 03 32 00 000  -23.00   -68.00
1998 07 07 03 33 00 000  -23.00   -65.00
1998 07 07 03 34 00 000  -23.00   -62.00
1998 07 07 03 35 00 000  -23.00   -63.00
1998 07 07 03 36 00 000  -23.00   -65.00
1998 07 07 03 37 00 000  -23.00   -66.00
1998 07 07 03 38 00 000  -23.00   -68.00
1998 07 07 03 39 00 000  -23.00   -64.00
1998 07 07 03 40 00 000  -23.00   -63.00
1998 07 07 03 41 00 000  -23.00   -64.00
1998 07 07 03 42 00 000  -24.00   -62.00
1998 07 07 03 43 00 000  -24.00   -61.00
1998 07 07 03 44 00 000  -24.00   -59.00
1998 07 07 03 45 00 000  -24.00   -53.00
1998 07 07 03 46 00 000  -24.00   -50.00
1998 07 07 03 47 00 000  -24.00   -52.00
1998 07 07 03 48 00 000  -25.00   -54.00
1998 07 07 03 49 00 000  -24.00   -58.00
1998 07 07 03 50 00 000  -24.00   -63.00
1998 07 07 03 51 00 000  -25.00   -64.00
1998 07 07 03 52 00 000  -25.00   -63.00
1998 07 07 03 53 00 000  -25.00   -67.00
1998 07 07 03 54 00 000  -25.00   -73.00
1998 07 07 03 55 00 000  -25.00   -71.00
1998 07 07 03 56 00 000  -25.00   -61.00
1998 07 07 03 57 00 000  -25.00   -49.00
1998 07 07 03 58 00 000  -24.00   -43.00
1998 07 07 03 59 00 000  -24.00   -45.00
1998 07 07 04 00 00 000  -24.00   -51.00
1998 07 07 04 01 00 000  -23.00   -59.00
1998 07 07 04 02 00 000  -24.00   -59.00
1998 07 07 04 03 00 000  -24.00   -54.00
1998 07 07 04 04 00 000  -25.00   -47.00
1998 07 07 04 05 00 000  -25.00   -48.00
1998 07 07 04 06 00 000  -26.00   -57.00
1998 07 07 04 07 00 000  -26.00   -71.00
1998 07 07 04 08 00 000  -26.00   -80.00
1998 07 07 04 09 00 000  -26.00   -78.00
1998 07 07 04 10 00 000  -27.00   -71.00
1998 07 07 04 11 00 000  -27.00   -61.00
1998 07 07 04 12 00 000  -28.00   -57.00
1998 07 07 04 13 00 000  -28.00   -54.00
1998 07 07 04 14 00 000  -28.00   -56.00
1998 07 07 04 15 00 000  -29.00   -57.00
1998 07 07 04 16 00 000  -29.00   -55.00
1998 07 07 04 17 00 000  -29.00   -55.00
1998 07 07 04 18 00 000  -29.00   -53.00
1998 07 07 04 19 00 000  -29.00   -53.00
1998 07 07 04 20 00 000  -28.00   -54.00
1998 07 07 04 21 00 000  -28.00   -52.00
1998 07 07 04 22 00 000  -28.00   -55.00
1998 07 07 04 23 00 000  -28.00   -54.00
1998 07 07 04 24 00 000  -28.00   -53.00
1998 07 07 04 25 00 000  -28.00   -54.00
1998 07 07 04 26 00 000  -28.00   -54.00
1998 07 07 04 27 00 000  -27.00   -57.00
1998 07 07 04 28 00 000  -27.00   -56.00
1998 07 07 04 29 00 000  -27.00   -54.00
1998 07 07 04 30 00 000  -27.00   -55.00
1998 07 07 04 31 00 000  -27.00   -54.00
1998 07 07 04 32 00 000  -27.00   -55.00
1998 07 07 04 33 00 000  -27.00   -56.00
1998 07 07 04 34 00 000  -27.00   -57.00
1998 07 07 04 35 00 000  -27.00   -57.00
1998 07 07 04 36 00 000  -27.00   -61.00
1998 07 07 04 37 00 000  -27.00   -61.00
1998 07 07 04 38 00 000  -27.00   -58.00
1998 07 07 04 39 00 000  -27.00   -52.00
1998 07 07 04 40 00 000  -27.00   -49.00
1998 07 07 04 41 00 000  -27.00   -49.00
1998 07 07 04 42 00 000  -27.00   -50.00
1998 07 07 04 43 00 000  -27.00   -53.00
1998 07 07 04 44 00 000  -27.00   -52.00
1998 07 07 04 45 00 000  -27.00   -47.00
1998 07 07 04 46 00 000  -27.00   -49.00
1998 07 07 04 47 00 000  -26.00   -48.00
1998 07 07 04 48 00 000  -26.00   -48.00
1998 07 07 04 49 00 000  -27.00   -45.00
1998 07 07 04 50 00 000  -26.00   -43.00
1998 07 07 04 51 00 000  -26.00   -45.00
1998 07 07 04 52 00 000  -26.00   -51.00
1998 07 07 04 53 00 000  -26.00   -46.00
1998 07 07 04 54 00 000  -26.00   -39.00
1998 07 07 04 55 00 000  -25.00   -38.00
1998 07 07 04 56 00 000  -26.00   -44.00
1998 07 07 04 57 00 000  -26.00   -43.00
1998 07 07 04 58 00 000  -26.00   -42.00
1998 07 07 04 59 00 000  -26.00   -44.00
1998 07 07 05 00 00 000  -26.00   -42.00
1998 07 07 05 01 00 000  -26.00   -39.00
1998 07 07 05 02 00 000  -26.00   -42.00
1998 07 07 05 03 00 000  -25.00   -45.00
1998 07 07 05 04 00 000  -25.00   -42.00
1998 07 07 05 05 00 000  -25.00   -39.00
1998 07 07 05 06 00 000  -25.00   -40.00
1998 07 07 05 07 00 000  -25.00   -43.00
1998 07 07 05 08 00 000  -25.00   -45.00
1998 07 07 05 09 00 000  -25.00   -47.00
1998 07 07 05 10 00 000  -25.00   -51.00
1998 07 07 05 11 00 000  -25.00   -55.00
1998 07 07 05 12 00 000  -25.00   -48.00
1998 07 07 05 13 00 000  -25.00   -43.00
1998 07 07 05 14 00 000  -25.00   -45.00
1998 07 07 05 15 00 000  -24.00   -48.00
1998 07 07 05 16 00 000  -24.00   -49.00
1998 07 07 05 17 00 000  -24.00   -46.00
1998 07 07 05 18 00 000  -24.00   -44.00
1998 07 07 05 19 00 000  -24.00   -48.00
1998 07 07 05 20 00 000  -24.00   -54.00
1998 07 07 05 21 00 000  -24.00   -51.00
1998 07 07 05 22 00 000  -24.00   -42.00
1998 07 07 05 23 00 000  -23.00   -39.00
1998 07 07 05 24 00 000  -22.00   -50.00
1998 07 07 05 25 00 000  -21.00   -55.00
1998 07 07 05 26 00 000  -20.00   -61.00
1998 07 07 05 27 00 000  -20.00   -56.00
1998 07 07 05 28 00 000  -20.00   -37.00
1998 07 07 05 29 00 000  -20.00   -45.00
1998 07 07 05 30 00 000  -20.00   -43.00
1998 07 07 05 31 00 000  -20.00   -47.00
1998 07 07 05 32 00 000  -20.00   -51.00
1998 07 07 05 33 00 000  -20.00   -50.00
1998 07 07 05 34 00 000  -21.00   -53.00
1998 07 07 05 35 00 000  -22.00   -46.00
1998 07 07 05 36 00 000  -22.00   -47.00
1998 07 07 05 37 00 000  -23.00   -44.00
1998 07 07 05 38 00 000  -23.00   -43.00
1998 07 07 05 39 00 000  -24.00   -37.00
1998 07 07 05 40 00 000  -24.00   -35.00
1998 07 07 05 41 00 000  -24.00   -32.00
1998 07 07 05 42 00 000  -25.00   -34.00
1998 07 07 05 43 00 000  -25.00   -40.00
1998 07 07 05 44 00 000  -25.00   -32.00
1998 07 07 05 45 00 000  -25.00   -31.00
1998 07 07 05 46 00 000  -25.00   -31.00
1998 07 07 05 47 00 000  -25.00   -38.00
1998 07 07 05 48 00 000  -24.00   -40.00
1998 07 07 05 49 00 000  -24.00   -39.00
1998 07 07 05 50 00 000  -23.00   -38.00
1998 07 07 05 51 00 000  -23.00   -34.00
1998 07 07 05 52 00 000  -23.00   -33.00
1998 07 07 05 53 00 000  -23.00   -37.00
1998 07 07 05 54 00 000  -23.00   -39.00
1998 07 07 05 55 00 000  -22.00   -37.00
1998 07 07 05 56 00 000  -23.00   -36.00
1998 07 07 05 57 00 000  -23.00   -37.00
1998 07 07 05 58 00 000  -22.00   -36.00
1998 07 07 05 59 00 000  -22.00   -35.00
1998 07 07 06 00 00 000  -21.00   -34.00
1998 07 07 06 01 00 000  -21.00   -33.00
1998 07 07 06 02 00 000  -21.00   -30.00
1998 07 07 06 03 00 000  -20.00   -32.00
1998 07 07 06 04 00 000  -20.00   -34.00
1998 07 07 06 05 00 000  -19.00   -31.00
1998 07 07 06 06 00 000  -19.00   -24.00
1998 07 07 06 07 00 000  -19.00   -25.00
1998 07 07 06 08 00 000  -19.00   -28.00
1998 07 07 06 09 00 000  -19.00   -26.00
1998 07 07 06 10 00 000  -19.00   -24.00
1998 07 07 06 11 00 000  -20.00   -31.00
1998 07 07 06 12 00 000  -20.00   -29.00
1998 07 07 06 13 00 000  -20.00   -36.00
1998 07 07 06 14 00 000  -21.00   -36.00
1998 07 07 06 15 00 000  -20.00   -32.00
1998 07 07 06 16 00 000  -20.00   -30.00
1998 07 07 06 17 00 000  -20.00   -30.00
1998 07 07 06 18 00 000  -19.00   -25.00
1998 07 07 06 19 00 000  -20.00   -19.00
1998 07 07 06 20 00 000  -19.00   -17.00
1998 07 07 06 21 00 000  -19.00   -20.00
1998 07 07 06 22 00 000  -20.00   -24.00
1998 07 07 06 23 00 000  -20.00   -23.00
1998 07 07 06 24 00 000  -21.00   -23.00
1998 07 07 06 25 00 000  -21.00   -22.00
1998 07 07 06 26 00 000  -21.00   -23.00
1998 07 07 06 27 00 000  -21.00   -23.00
1998 07 07 06 28 00 000  -21.00   -25.00
1998 07 07 06 29 00 000  -21.00   -29.00
1998 07 07 06 30 00 000  -20.00   -25.00
1998 07 07 06 31 00 000  -20.00   -16.00
1998 07 07 06 32 00 000  -20.00   -18.00
1998 07 07 06 33 00 000  -20.00   -19.00
1998 07 07 06 34 00 000  -19.00   -17.00
1998 07 07 06 35 00 000  -19.00   -19.00
1998 07 07 06 36 00 000  -19.00   -27.00
1998 07 07 06 37 00 000  -18.00   -37.00
1998 07 07 06 38 00 000  -18.00   -29.00
1998 07 07 06 39 00 000  -18.00   -22.00
1998 07 07 06 40 00 000  -17.00   -20.00
1998 07 07 06 41 00 000  -17.00   -21.00
1998 07 07 06 42 00 000  -18.00   -17.00
1998 07 07 06 43 00 000  -18.00   -18.00
1998 07 07 06 44 00 000  -18.00   -19.00
1998 07 07 06 45 00 000  -18.00   -20.00
1998 07 07 06 46 00 000  -18.00   -19.00
1998 07 07 06 47 00 000  -18.00   -24.00
1998 07 07 06 48 00 000  -17.00   -23.00
1998 07 07 06 49 00 000  -17.00   -24.00
1998 07 07 06 50 00 000  -16.00   -20.00
1998 07 07 06 51 00 000  -17.00   -17.00
1998 07 07 06 52 00 000  -17.00   -18.00
1998 07 07 06 53 00 000  -18.00   -24.00
1998 07 07 06 54 00 000  -19.00   -20.00
1998 07 07 06 55 00 000  -19.00   -17.00
1998 07 07 06 56 00 000  -19.00   -22.00
1998 07 07 06 57 00 000  -19.00   -24.00
1998 07 07 06 58 00 000  -19.00   -22.00
1998 07 07 06 59 00 000  -18.00   -20.00
1998 07 07 07 00 00 000  -18.00   -27.00
1998 07 07 07 01 00 000  -19.00   -21.00
1998 07 07 07 02 00 000  -19.00   -19.00
1998 07 07 07 03 00 000  -19.00   -22.00
1998 07 07 07 04 00 000  -19.00   -22.00
1998 07 07 07 05 00 000  -19.00   -22.00
1998 07 07 07 06 00 000  -19.00   -22.00
1998 07 07 07 07 00 000  -18.00   -23.00
1998 07 07 07 08 00 000  -18.00   -24.00
1998 07 07 07 09 00 000  -18.00   -23.00
1998 07 07 07 10 00 000  -18.00   -22.00
1998 07 07 07 11 00 000  -18.00   -22.00
1998 07 07 07 12 00 000  -18.00   -21.00
1998 07 07 07 13 00 000  -18.00   -21.00
1998 07 07 07 14 00 000  -19.00   -30.00
1998 07 07 07 15 00 000  -18.00   -33.00
1998 07 07 07 16 00 000  -19.00   -22.00
1998 07 07 07 17 00 000  -19.00   -24.00
1998 07 07 07 18 00 000  -20.00   -22.00
1998 07 07 07 19 00 000  -20.00   -22.00
1998 07 07 07 20 00 000  -20.00   -20.00
1998 07 07 07 21 00 000  -20.00   -22.00
1998 07 07 07 22 00 000  -20.00   -23.00
1998 07 07 07 23 00 000  -20.00   -24.00
1998 07 07 07 24 00 000  -18.00   -22.00
1998 07 07 07 25 00 000  -18.00   -24.00
1998 07 07 07 26 00 000  -20.00   -24.00
1998 07 07 07 27 00 000  -21.00   -25.00
1998 07 07 07 28 00 000  -22.00   -25.00
1998 07 07 07 29 00 000  -22.00   -23.00
1998 07 07 07 30 00 000  -22.00   -18.00
1998 07 07 07 31 00 000  -21.00   -20.00
1998 07 07 07 32 00 000  -21.00   -20.00
1998 07 07 07 33 00 000  -21.00   -22.00
1998 07 07 07 34 00 000  -21.00   -23.00
1998 07 07 07 35 00 000  -21.00   -21.00
1998 07 07 07 36 00 000  -20.00   -20.00
1998 07 07 07 37 00 000  -20.00   -20.00
1998 07 07 07 38 00 000  -20.00   -20.00
1998 07 07 07 39 00 000  -20.00   -23.00
1998 07 07 07 40 00 000  -19.00   -24.00
1998 07 07 07 41 00 000  -19.00   -24.00
1998 07 07 07 42 00 000  -20.00   -25.00
1998 07 07 07 43 00 000  -20.00   -25.00
1998 07 07 07 44 00 000  -20.00   -26.00
1998 07 07 07 45 00 000  -20.00   -27.00
1998 07 07 07 46 00 000  -21.00   -29.00
1998 07 07 07 47 00 000  -21.00   -30.00
1998 07 07 07 48 00 000  -22.00   -28.00
1998 07 07 07 49 00 000  -22.00   -29.00
1998 07 07 07 50 00 000  -22.00   -30.00
1998 07 07 07 51 00 000  -22.00   -30.00
1998 07 07 07 52 00 000  -23.00   -28.00
1998 07 07 07 53 00 000  -23.00   -27.00
1998 07 07 07 54 00 000  -23.00   -25.00
1998 07 07 07 55 00 000  -23.00   -25.00
1998 07 07 07 56 00 000  -23.00   -23.00
1998 07 07 07 57 00 000  -23.00   -26.00
1998 07 07 07 58 00 000  -23.00   -25.00
1998 07 07 07 59 00 000  -23.00   -29.00
1998 07 07 08 00 00 000  -23.00   -27.00
1998 07 07 08 01 00 000  -23.00   -25.00
1998 07 07 08 02 00 000  -23.00   -20.00
1998 07 07 08 03 00 000  -23.00   -19.00
1998 07 07 08 04 00 000  -23.00   -17.00
1998 07 07 08 05 00 000  -23.00   -19.00
1998 07 07 08 06 00 000  -22.00   -21.00
1998 07 07 08 07 00 000  -22.00   -20.00
1998 07 07 08 08 00 000  -22.00   -21.00
1998 07 07 08 09 00 000  -22.00   -21.00
1998 07 07 08 10 00 000  -22.00   -22.00
1998 07 07 08 11 00 000  -22.00   -23.00
1998 07 07 08 12 00 000  -22.00   -23.00
1998 07 07 08 13 00 000  -22.00   -27.00
1998 07 07 08 14 00 000  -22.00   -29.00
1998 07 07 08 15 00 000  -23.00   -29.00
1998 07 07 08 16 00 000  -23.00   -28.00
1998 07 07 08 17 00 000  -23.00   -31.00
1998 07 07 08 18 00 000  -23.00   -40.00
1998 07 07 08 19 00 000  -23.00   -45.00
1998 07 07 08 20 00 000  -24.00   -62.00
1998 07 07 08 21 00 000  -24.00   -88.00
1998 07 07 08 22 00 000  -25.00   -82.00
1998 07 07 08 23 00 000  -25.00   -72.00
1998 07 07 08 24 00 000  -25.00   -77.00
1998 07 07 08 25 00 000  -25.00   -84.00
1998 07 07 08 26 00 000  -25.00   -80.00
1998 07 07 08 27 00 000  -24.00   -78.00
1998 07 07 08 28 00 000  -23.00   -67.00
1998 07 07 08 29 00 000  -22.00   -69.00
1998 07 07 08 30 00 000  -22.00   -71.00
1998 07 07 08 31 00 000  -21.00   -77.00
1998 07 07 08 32 00 000  -21.00   -78.00
1998 07 07 08 33 00 000  -21.00  -103.00
1998 07 07 08 34 00 000  -21.00  -107.00
1998 07 07 08 35 00 000  -21.00  -104.00
1998 07 07 08 36 00 000  -21.00  -131.00
1998 07 07 08 37 00 000  -21.00  -179.00
1998 07 07 08 38 00 000  -22.00  -181.00
1998 07 07 08 39 00 000  -22.00  -190.00
1998 07 07 08 40 00 000  -22.00  -183.00
1998 07 07 08 41 00 000  -23.00  -192.00
1998 07 07 08 42 00 000  -23.00  -178.00
1998 07 07 08 43 00 000  -23.00  -184.00
1998 07 07 08 44 00 000  -24.00  -172.00
1998 07 07 08 45 00 000  -24.00  -179.00
1998 07 07 08 46 00 000  -24.00  -186.00
1998 07 07 08 47 00 000  -24.00  -180.00
1998 07 07 08 48 00 000  -24.00  -165.00
1998 07 07 08 49 00 000  -24.00  -159.00
1998 07 07 08 50 00 000  -24.00  -156.00
1998 07 07 08 51 00 000  -25.00  -149.00
1998 07 07 08 52 00 000  -25.00  -146.00
1998 07 07 08 53 00 000  -25.00  -155.00
1998 07 07 08 54 00 000  -26.00  -165.00
1998 07 07 08 55 00 000  -26.00  -174.00
1998 07 07 08 56 00 000  -26.00  -188.00
1998 07 07 08 57 00 000  -26.00  -195.00
1998 07 07 08 58 00 000  -26.00  -182.00
1998 07 07 08 59 00 000  -26.00  -172.00
1998 07 07 09 00 00 000  -26.00  -157.00
1998 07 07 09 01 00 000  -26.00  -166.00
1998 07 07 09 02 00 000  -26.00  -168.00
1998 07 07 09 03 00 000  -26.00  -148.00
1998 07 07 09 04 00 000  -26.00  -150.00
1998 07 07 09 05 00 000  -26.00  -146.00
1998 07 07 09 06 00 000  -25.00  -139.00
1998 07 07 09 07 00 000  -25.00  -138.00
1998 07 07 09 08 00 000  -26.00  -138.00
1998 07 07 09 09 00 000  -26.00  -133.00
1998 07 07 09 10 00 000  -26.00  -127.00
1998 07 07 09 11 00 000  -26.00  -125.00
1998 07 07 09 12 00 000  -26.00  -126.00
1998 07 07 09 13 00 000  -26.00  -126.00
1998 07 07 09 14 00 000  -26.00  -122.00
1998 07 07 09 15 00 000  -26.00  -116.00
1998 07 07 09 16 00 000  -26.00  -113.00
1998 07 07 09 17 00 000  -26.00  -114.00
1998 07 07 09 18 00 000  -26.00  -114.00
1998 07 07 09 19 00 000  -25.00  -106.00
1998 07 07 09 20 00 000  -25.00  -101.00
1998 07 07 09 21 00 000  -24.00  -114.00
1998 07 07 09 22 00 000  -23.00  -132.00
1998 07 07 09 23 00 000  -24.00  -131.00
1998 07 07 09 24 00 000  -24.00  -118.00
1998 07 07 09 25 00 000  -24.00  -105.00
1998 07 07 09 26 00 000  -24.00  -110.00
1998 07 07 09 27 00 000  -24.00  -112.00
1998 07 07 09 28 00 000  -25.00  -109.00
1998 07 07 09 29 00 000  -25.00  -110.00
1998 07 07 09 30 00 000  -25.00  -108.00
1998 07 07 09 31 00 000  -25.00  -107.00
1998 07 07 09 32 00 000  -25.00  -103.00
1998 07 07 09 33 00 000  -25.00  -104.00
1998 07 07 09 34 00 000  -25.00  -108.00
1998 07 07 09 35 00 000  -25.00  -113.00
1998 07 07 09 36 00 000  -25.00  -114.00
1998 07 07 09 37 00 000  -25.00  -113.00
1998 07 07 09 38 00 000  -26.00  -107.00
1998 07 07 09 39 00 000  -26.00   -98.00
1998 07 07 09 40 00 000  -26.00   -97.00
1998 07 07 09 41 00 000  -27.00  -101.00
1998 07 07 09 42 00 000  -27.00  -100.00
1998 07 07 09 43 00 000  -28.00   -93.00
1998 07 07 09 44 00 000  -28.00   -85.00
1998 07 07 09 45 00 000  -28.00   -84.00
1998 07 07 09 46 00 000  -29.00   -86.00
1998 07 07 09 47 00 000  -28.00   -84.00
1998 07 07 09 48 00 000  -28.00   -79.00
1998 07 07 09 49 00 000  -28.00   -76.00
1998 07 07 09 50 00 000  -28.00   -73.00
1998 07 07 09 51 00 000  -28.00   -73.00
1998 07 07 09 52 00 000  -28.00   -79.00
1998 07 07 09 53 00 000  -28.00   -81.00
1998 07 07 09 54 00 000  -28.00   -76.00
1998 07 07 09 55 00 000  -27.00   -71.00
1998 07 07 09 56 00 000  -28.00   -72.00
1998 07 07 09 57 00 000  -28.00   -75.00
1998 07 07 09 58 00 000  -28.00   -75.00
1998 07 07 09 59 00 000  -28.00   -73.00
1998 07 07 10 00 00 000  -29.00   -70.00
1998 07 07 10 01 00 000  -29.00   -66.00
1998 07 07 10 02 00 000  -30.00   -63.00
1998 07 07 10 03 00 000  -29.00   -61.00
1998 07 07 10 04 00 000  -29.00   -61.00
1998 07 07 10 05 00 000  -29.00   -65.00
1998 07 07 10 06 00 000  -29.00   -72.00
1998 07 07 10 07 00 000  -30.00   -77.00
1998 07 07 10 08 00 000  -31.00   -75.00
1998 07 07 10 09 00 000  -31.00   -72.00
1998 07 07 10 10 00 000  -31.00   -76.00
1998 07 07 10 11 00 000  -32.00   -79.00
1998 07 07 10 12 00 000  -32.00   -75.00
1998 07 07 10 13 00 000  -33.00   -72.00
1998 07 07 10 14 00 000  -33.00   -71.00
1998 07 07 10 15 00 000  -33.00   -70.00
1998 07 07 10 16 00 000  -33.00   -66.00
1998 07 07 10 17 00 000  -33.00   -64.00
1998 07 07 10 18 00 000  -33.00   -68.00
1998 07 07 10 19 00 000  -33.00   -72.00
1998 07 07 10 20 00 000  -33.00   -77.00
1998 07 07 10 21 00 000  -33.00   -80.00
1998 07 07 10 22 00 000  -33.00   -80.00
1998 07 07 10 23 00 000  -33.00   -80.00
1998 07 07 10 24 00 000  -33.00   -82.00
1998 07 07 10 25 00 000  -33.00   -82.00
1998 07 07 10 26 00 000  -34.00   -83.00
1998 07 07 10 27 00 000  -34.00   -85.00
1998 07 07 10 28 00 000  -34.00   -84.00
1998 07 07 10 29 00 000  -34.00   -81.00
1998 07 07 10 30 00 000  -33.00   -75.00
1998 07 07 10 31 00 000  -32.00   -70.00
1998 07 07 10 32 00 000  -31.00   -70.00
1998 07 07 10 33 00 000  -30.00   -65.00
1998 07 07 10 34 00 000  -29.00   -59.00
1998 07 07 10 35 00 000  -28.00   -62.00
1998 07 07 10 36 00 000  -28.00   -66.00
1998 07 07 10 37 00 000  -28.00   -70.00
1998 07 07 10 38 00 000  -28.00   -80.00
1998 07 07 10 39 00 000  -28.00   -90.00
1998 07 07 10 40 00 000  -28.00   -97.00
1998 07 07 10 41 00 000  -28.00  -101.00
1998 07 07 10 42 00 000  -29.00  -106.00
1998 07 07 10 43 00 000  -29.00  -109.00
1998 07 07 10 44 00 000  -28.00  -114.00
1998 07 07 10 45 00 000  -29.00  -113.00
1998 07 07 10 46 00 000  -29.00  -109.00
1998 07 07 10 47 00 000  -29.00  -107.00
1998 07 07 10 48 00 000  -29.00  -107.00
1998 07 07 10 49 00 000  -29.00  -107.00
1998 07 07 10 50 00 000  -29.00  -107.00
1998 07 07 10 51 00 000  -29.00  -107.00
1998 07 07 10 52 00 000  -29.00  -104.00
1998 07 07 10 53 00 000  -29.00   -99.00
1998 07 07 10 54 00 000  -30.00   -92.00
1998 07 07 10 55 00 000  -30.00   -83.00
1998 07 07 10 56 00 000  -30.00   -76.00
1998 07 07 10 57 00 000  -31.00   -72.00
1998 07 07 10 58 00 000  -31.00   -70.00
1998 07 07 10 59 00 000  -31.00   -70.00
1998 07 07 11 00 00 000  -31.00   -71.00
1998 07 07 11 01 00 000  -30.00   -76.00
1998 07 07 11 02 00 000  -30.00   -80.00
1998 07 07 11 03 00 000  -30.00   -82.00
1998 07 07 11 04 00 000  -30.00   -83.00
1998 07 07 11 05 00 000  -30.00   -84.00
1998 07 07 11 06 00 000  -30.00   -82.00
1998 07 07 11 07 00 000  -30.00   -80.00
1998 07 07 11 08 00 000  -30.00   -79.00
1998 07 07 11 09 00 000  -30.00   -75.00
1998 07 07 11 10 00 000  -30.00   -72.00
1998 07 07 11 11 00 000  -30.00   -69.00
1998 07 07 11 12 00 000  -29.00   -70.00
1998 07 07 11 13 00 000  -30.00   -71.00
1998 07 07 11 14 00 000  -30.00   -75.00
1998 07 07 11 15 00 000  -30.00   -78.00
1998 07 07 11 16 00 000  -30.00   -80.00
1998 07 07 11 17 00 000  -30.00   -81.00
1998 07 07 11 18 00 000  -30.00   -85.00
1998 07 07 11 19 00 000  -30.00   -87.00
1998 07 07 11 20 00 000  -29.00   -90.00
1998 07 07 11 21 00 000  -30.00   -92.00
1998 07 07 11 22 00 000  -30.00   -92.00
1998 07 07 11 23 00 000  -30.00   -90.00
1998 07 07 11 24 00 000  -29.00   -86.00
1998 07 07 11 25 00 000  -29.00   -84.00
1998 07 07 11 26 00 000  -29.00   -82.00
1998 07 07 11 27 00 000  -29.00   -82.00
1998 07 07 11 28 00 000  -29.00   -83.00
1998 07 07 11 29 00 000  -29.00   -83.00
1998 07 07 11 30 00 000  -29.00   -85.00
1998 07 07 11 31 00 000  -29.00   -88.00
1998 07 07 11 32 00 000  -30.00   -94.00
1998 07 07 11 33 00 000  -30.00   -95.00
1998 07 07 11 34 00 000  -31.00   -94.00
1998 07 07 11 35 00 000  -31.00   -94.00
1998 07 07 11 36 00 000  -31.00   -96.00
1998 07 07 11 37 00 000  -32.00   -99.00
1998 07 07 11 38 00 000  -32.00  -102.00
1998 07 07 11 39 00 000  -32.00  -103.00
1998 07 07 11 40 00 000  -32.00  -103.00
1998 07 07 11 41 00 000  -31.00  -100.00
1998 07 07 11 42 00 000  -31.00   -98.00
1998 07 07 11 43 00 000  -31.00   -96.00
1998 07 07 11 44 00 000  -31.00   -96.00
1998 07 07 11 45 00 000  -31.00   -95.00
1998 07 07 11 46 00 000  -31.00   -92.00
1998 07 07 11 47 00 000  -31.00   -88.00
1998 07 07 11 48 00 000  -30.00   -83.00
1998 07 07 11 49 00 000  -31.00   -76.00
1998 07 07 11 50 00 000  -31.00   -71.00
1998 07 07 11 51 00 000  -31.00   -70.00
1998 07 07 11 52 00 000  -31.00   -69.00
1998 07 07 11 53 00 000  -30.00   -68.00
1998 07 07 11 54 00 000  -30.00   -67.00
1998 07 07 11 55 00 000  -30.00   -68.00
1998 07 07 11 56 00 000  -30.00   -69.00
1998 07 07 11 57 00 000  -30.00   -73.00
1998 07 07 11 58 00 000  -30.00   -76.00
1998 07 07 11 59 00 000  -29.00   -74.00
1998 07 07 12 00 00 000  -29.00   -74.00
1998 07 07 12 01 00 000  -29.00   -74.00
1998 07 07 12 02 00 000  -29.00   -75.00
1998 07 07 12 03 00 000  -29.00   -74.00
1998 07 07 12 04 00 000  -29.00   -75.00
1998 07 07 12 05 00 000  -29.00   -79.00
1998 07 07 12 06 00 000  -29.00   -83.00
1998 07 07 12 07 00 000  -29.00   -84.00
1998 07 07 12 08 00 000  -29.00   -88.00
1998 07 07 12 09 00 000  -29.00   -93.00
1998 07 07 12 10 00 000  -29.00   -98.00
1998 07 07 12 11 00 000  -30.00   -96.00
1998 07 07 12 12 00 000  -30.00   -96.00
1998 07 07 12 13 00 000  -30.00  -100.00
1998 07 07 12 14 00 000  -30.00  -105.00
1998 07 07 12 15 00 000  -30.00  -106.00
1998 07 07 12 16 00 000  -31.00  -112.00
1998 07 07 12 17 00 000  -31.00  -116.00
1998 07 07 12 18 00 000  -31.00  -113.00
1998 07 07 12 19 00 000  -31.00  -107.00
1998 07 07 12 20 00 000  -31.00   -99.00
1998 07 07 12 21 00 000  -31.00   -90.00
1998 07 07 12 22 00 000  -31.00   -90.00
1998 07 07 12 23 00 000  -31.00   -88.00
1998 07 07 12 24 00 000  -31.00   -86.00
1998 07 07 12 25 00 000  -31.00   -85.00
1998 07 07 12 26 00 000  -31.00   -83.00
1998 07 07 12 27 00 000  -31.00   -82.00
1998 07 07 12 28 00 000  -31.00   -81.00
1998 07 07 12 29 00 000  -31.00   -84.00
1998 07 07 12 30 00 000  -31.00   -85.00
1998 07 07 12 31 00 000  -31.00   -84.00
1998 07 07 12 32 00 000  -31.00   -85.00
1998 07 07 12 33 00 000  -31.00   -89.00
1998 07 07 12 34 00 000  -31.00   -98.00
1998 07 07 12 35 00 000  -32.00  -107.00
1998 07 07 12 36 00 000  -31.00  -114.00
1998 07 07 12 37 00 000  -31.00  -118.00
1998 07 07 12 38 00 000  -32.00  -118.00
1998 07 07 12 39 00 000  -31.00  -116.00
1998 07 07 12 40 00 000  -32.00  -115.00
1998 07 07 12 41 00 000  -32.00  -115.00
1998 07 07 12 42 00 000  -31.00  -113.00
1998 07 07 12 43 00 000  -31.00  -113.00
1998 07 07 12 44 00 000  -31.00  -112.00
1998 07 07 12 45 00 000  -31.00  -110.00
1998 07 07 12 46 00 000  -31.00  -111.00
1998 07 07 12 47 00 000  -30.00  -112.00
1998 07 07 12 48 00 000  -30.00  -114.00
1998 07 07 12 49 00 000  -30.00  -116.00
1998 07 07 12 50 00 000  -30.00  -118.00
1998 07 07 12 51 00 000  -30.00  -118.00
1998 07 07 12 52 00 000  -30.00  -120.00
1998 07 07 12 53 00 000  -30.00  -122.00
1998 07 07 12 54 00 000  -30.00  -122.00
1998 07 07 12 55 00 000  -30.00  -117.00
1998 07 07 12 56 00 000  -30.00  -117.00
1998 07 07 12 57 00 000  -30.00  -118.00
1998 07 07 12 58 00 000  -30.00  -120.00
1998 07 07 12 59 00 000  -30.00  -123.00
1998 07 07 13 00 00 000  -30.00  -143.00
1998 07 07 13 01 00 000  -30.00  -120.00
1998 07 07 13 02 00 000  -30.00  -119.00
1998 07 07 13 03 00 000  -30.00  -119.00
1998 07 07 13 04 00 000  -30.00  -130.00
1998 07 07 13 05 00 000  -30.00  -161.00
1998 07 07 13 06 00 000  -30.00  -181.00
1998 07 07 13 07 00 000  -30.00  -208.00
1998 07 07 13 08 00 000  -29.00  -192.00
1998 07 07 13 09 00 000  -29.00  -204.00
1998 07 07 13 10 00 000  -29.00  -208.00
1998 07 07 13 11 00 000  -29.00  -200.00
1998 07 07 13 12 00 000  -29.00  -176.00
1998 07 07 13 13 00 000  -29.00  -148.00
1998 07 07 13 14 00 000  -28.00  -122.00
1998 07 07 13 15 00 000  -28.00  -104.00
1998 07 07 13 16 00 000  -28.00  -108.00
1998 07 07 13 17 00 000  -28.00  -115.00
1998 07 07 13 18 00 000  -28.00  -115.00
1998 07 07 13 19 00 000  -28.00  -115.00
1998 07 07 13 20 00 000  -28.00  -113.00
1998 07 07 13 21 00 000  -28.00  -108.00
1998 07 07 13 22 00 000  -28.00  -112.00
1998 07 07 13 23 00 000  -28.00  -120.00
1998 07 07 13 24 00 000  -27.00  -128.00
1998 07 07 13 25 00 000  -28.00  -142.00
1998 07 07 13 26 00 000  -27.00  -150.00
1998 07 07 13 27 00 000  -27.00  -150.00
1998 07 07 13 28 00 000  -27.00  -138.00
1998 07 07 13 29 00 000  -27.00  -121.00
1998 07 07 13 30 00 000  -27.00  -116.00
1998 07 07 13 31 00 000  -27.00  -117.00
1998 07 07 13 32 00 000  -27.00  -126.00
1998 07 07 13 33 00 000  -27.00  -134.00
1998 07 07 13 34 00 000  -26.00  -141.00
1998 07 07 13 35 00 000  -27.00  -144.00
1998 07 07 13 36 00 000  -26.00  -142.00
1998 07 07 13 37 00 000  -26.00  -137.00
1998 07 07 13 38 00 000  -26.00  -131.00
1998 07 07 13 39 00 000  -26.00  -130.00
1998 07 07 13 40 00 000  -26.00  -127.00
1998 07 07 13 41 00 000  -26.00  -122.00
1998 07 07 13 42 00 000  -26.00  -110.00
1998 07 07 13 43 00 000  -26.00   -95.00
1998 07 07 13 44 00 000  -26.00   -82.00
1998 07 07 13 45 00 000  -26.00   -79.00
1998 07 07 13 46 00 000  -26.00   -83.00
1998 07 07 13 47 00 000  -26.00  -100.00
1998 07 07 13 48 00 000  -26.00  -115.00
1998 07 07 13 49 00 000  -25.00  -111.00
1998 07 07 13 50 00 000  -25.00  -104.00
1998 07 07 13 51 00 000  -25.00  -100.00
1998 07 07 13 52 00 000  -25.00   -98.00
1998 07 07 13 53 00 000  -25.00   -91.00
1998 07 07 13 54 00 000  -25.00   -82.00
1998 07 07 13 55 00 000  -25.00   -79.00
1998 07 07 13 56 00 000  -25.00   -81.00
1998 07 07 13 57 00 000  -25.00   -85.00
1998 07 07 13 58 00 000  -25.00   -81.00
1998 07 07 13 59 00 000  -25.00   -78.00
1998 07 07 14 00 00 000  -25.00   -79.00
1998 07 07 14 01 00 000  -25.00   -84.00
1998 07 07 14 02 00 000  -25.00   -93.00
1998 07 07 14 03 00 000  -25.00  -108.00
1998 07 07 14 04 00 000  -25.00  -118.00
1998 07 07 14 05 00 000  -25.00  -125.00
1998 07 07 14 06 00 000  -25.00  -125.00
1998 07 07 14 07 00 000  -25.00  -121.00
1998 07 07 14 08 00 000  -24.00  -116.00
1998 07 07 14 09 00 000  -25.00  -117.00
1998 07 07 14 10 00 000  -25.00  -120.00
1998 07 07 14 11 00 000  -24.00  -127.00
1998 07 07 14 12 00 000  -24.00  -129.00
1998 07 07 14 13 00 000  -24.00  -124.00
1998 07 07 14 14 00 000  -24.00  -117.00
1998 07 07 14 15 00 000  -24.00  -108.00
1998 07 07 14 16 00 000  -24.00  -106.00
1998 07 07 14 17 00 000  -24.00  -106.00
1998 07 07 14 18 00 000  -24.00  -109.00
1998 07 07 14 19 00 000  -24.00  -120.00
1998 07 07 14 20 00 000  -23.00  -135.00
1998 07 07 14 21 00 000  -23.00  -147.00
1998 07 07 14 22 00 000  -23.00  -142.00
1998 07 07 14 23 00 000  -22.00  -128.00
1998 07 07 14 24 00 000  -22.00  -117.00
1998 07 07 14 25 00 000  -22.00  -106.00
1998 07 07 14 26 00 000  -22.00   -93.00
1998 07 07 14 27 00 000  -22.00   -78.00
1998 07 07 14 28 00 000  -22.00   -71.00
1998 07 07 14 29 00 000  -22.00   -72.00
1998 07 07 14 30 00 000  -22.00   -73.00
1998 07 07 14 31 00 000  -22.00   -76.00
1998 07 07 14 32 00 000  -22.00   -82.00
1998 07 07 14 33 00 000  -22.00   -84.00
1998 07 07 14 34 00 000  -22.00   -90.00
1998 07 07 14 35 00 000  -21.00   -98.00
1998 07 07 14 36 00 000  -21.00  -109.00
1998 07 07 14 37 00 000  -21.00  -123.00
1998 07 07 14 38 00 000  -21.00  -129.00
1998 07 07 14 39 00 000  -21.00  -125.00
1998 07 07 14 40 00 000  -21.00  -115.00
1998 07 07 14 41 00 000  -21.00  -114.00
1998 07 07 14 42 00 000  -21.00  -115.00
1998 07 07 14 43 00 000  -21.00  -119.00
1998 07 07 14 44 00 000  -20.00  -124.00
1998 07 07 14 45 00 000  -20.00  -122.00
1998 07 07 14 46 00 000  -20.00  -117.00
1998 07 07 14 47 00 000  -19.00  -109.00
1998 07 07 14 48 00 000  -19.00  -100.00
1998 07 07 14 49 00 000  -19.00   -93.00
1998 07 07 14 50 00 000  -18.00   -92.00
1998 07 07 14 51 00 000  -18.00   -90.00
1998 07 07 14 52 00 000  -18.00   -87.00
1998 07 07 14 53 00 000  -18.00   -87.00
1998 07 07 14 54 00 000  -18.00   -85.00
1998 07 07 14 55 00 000  -18.00   -87.00
1998 07 07 14 56 00 000  -18.00   -88.00
1998 07 07 14 57 00 000  -18.00   -84.00
1998 07 07 14 58 00 000  -17.00   -85.00
1998 07 07 14 59 00 000  -17.00   -92.00
1998 07 07 15 00 00 000  -17.00  -103.00
1998 07 07 15 01 00 000  -17.00   -99.00
1998 07 07 15 02 00 000  -17.00   -89.00
1998 07 07 15 03 00 000  -16.00   -84.00
1998 07 07 15 04 00 000  -16.00   -82.00
1998 07 07 15 05 00 000  -17.00   -78.00
1998 07 07 15 06 00 000  -16.00   -74.00
1998 07 07 15 07 00 000  -17.00   -69.00
1998 07 07 15 08 00 000  -17.00   -64.00
1998 07 07 15 09 00 000  -17.00   -56.00
1998 07 07 15 10 00 000  -17.00   -59.00
1998 07 07 15 11 00 000  -16.00   -57.00
1998 07 07 15 12 00 000  -16.00   -57.00
1998 07 07 15 13 00 000  -16.00   -41.00
1998 07 07 15 14 00 000  -16.00   -33.00
1998 07 07 15 15 00 000  -15.00   -41.00
1998 07 07 15 16 00 000  -15.00   -34.00
1998 07 07 15 17 00 000  -15.00   -27.00
1998 07 07 15 18 00 000  -14.00   -25.00
1998 07 07 15 19 00 000  -15.00   -24.00
1998 07 07 15 20 00 000  -15.00   -25.00
1998 07 07 15 21 00 000  -14.00   -27.00
1998 07 07 15 22 00 000  -14.00   -28.00
1998 07 07 15 23 00 000  -14.00   -31.00
1998 07 07 15 24 00 000  -15.00   -31.00
1998 07 07 15 25 00 000  -15.00   -27.00
1998 07 07 15 26 00 000  -15.00   -27.00
1998 07 07 15 27 00 000  -15.00   -25.00
1998 07 07 15 28 00 000  -15.00   -26.00
1998 07 07 15 29 00 000  -15.00   -27.00
1998 07 07 15 30 00 000  -14.00   -26.00
1998 07 07 15 31 00 000  -14.00   -26.00
1998 07 07 15 32 00 000  -14.00   -25.00
1998 07 07 15 33 00 000  -14.00   -21.00
1998 07 07 15 34 00 000  -14.00   -19.00
1998 07 07 15 35 00 000  -14.00   -19.00
1998 07 07 15 36 00 000  -14.00   -20.00
1998 07 07 15 37 00 000  -14.00   -20.00
1998 07 07 15 38 00 000  -14.00   -21.00
1998 07 07 15 39 00 000  -14.00   -22.00
1998 07 07 15 40 00 000  -14.00   -23.00
1998 07 07 15 41 00 000  -14.00   -24.00
1998 07 07 15 42 00 000  -14.00   -24.00
1998 07 07 15 43 00 000  -14.00   -22.00
1998 07 07 15 44 00 000  -14.00   -21.00
1998 07 07 15 45 00 000  -14.00   -21.00
1998 07 07 15 46 00 000  -14.00   -20.00
1998 07 07 15 47 00 000  -14.00   -19.00
1998 07 07 15 48 00 000  -14.00   -19.00
1998 07 07 15 49 00 000  -15.00   -19.00
1998 07 07 15 50 00 000  -15.00   -21.00
1998 07 07 15 51 00 000  -15.00   -22.00
1998 07 07 15 52 00 000  -15.00   -21.00
1998 07 07 15 53 00 000  -14.00   -19.00
1998 07 07 15 54 00 000  -14.00   -17.00
1998 07 07 15 55 00 000  -14.00   -13.00
1998 07 07 15 56 00 000  -14.00   -12.00
1998 07 07 15 57 00 000  -14.00   -12.00
1998 07 07 15 58 00 000  -14.00   -12.00
1998 07 07 15 59 00 000  -14.00   -12.00
1998 07 07 16 00 00 000  -14.00   -13.00
1998 07 07 16 01 00 000  -14.00   -13.00
1998 07 07 16 02 00 000  -14.00   -13.00
1998 07 07 16 03 00 000  -15.00   -13.00
1998 07 07 16 04 00 000  -15.00   -13.00
1998 07 07 16 05 00 000  -15.00   -12.00
1998 07 07 16 06 00 000  -15.00   -12.00
1998 07 07 16 07 00 000  -15.00   -11.00
1998 07 07 16 08 00 000  -15.00   -12.00
1998 07 07 16 09 00 000  -15.00   -14.00
1998 07 07 16 10 00 000  -15.00   -11.00
1998 07 07 16 11 00 000  -16.00   -11.00
1998 07 07 16 12 00 000  -15.00   -13.00
1998 07 07 16 13 00 000  -15.00   -14.00
1998 07 07 16 14 00 000  -15.00   -14.00
1998 07 07 16 15 00 000  -16.00   -13.00
1998 07 07 16 16 00 000  -16.00   -13.00
1998 07 07 16 17 00 000  -16.00   -12.00
1998 07 07 16 18 00 000  -16.00   -13.00
1998 07 07 16 19 00 000  -16.00   -13.00
1998 07 07 16 20 00 000  -16.00   -13.00
1998 07 07 16 21 00 000  -16.00   -13.00
1998 07 07 16 22 00 000  -16.00   -13.00
1998 07 07 16 23 00 000  -16.00   -13.00
1998 07 07 16 24 00 000  -16.00   -14.00
1998 07 07 16 25 00 000  -16.00   -15.00
1998 07 07 16 26 00 000  -16.00   -15.00
1998 07 07 16 27 00 000  -16.00   -15.00
1998 07 07 16 28 00 000  -16.00   -15.00
1998 07 07 16 29 00 000  -16.00   -16.00
1998 07 07 16 30 00 000  -16.00   -15.00
1998 07 07 16 31 00 000  -16.00   -15.00
1998 07 07 16 32 00 000  -16.00   -16.00
1998 07 07 16 33 00 000  -16.00   -15.00
1998 07 07 16 34 00 000  -16.00   -15.00
1998 07 07 16 35 00 000  -16.00   -15.00
1998 07 07 16 36 00 000  -16.00   -15.00
1998 07 07 16 37 00 000  -16.00   -15.00
1998 07 07 16 38 00 000  -16.00   -15.00
1998 07 07 16 39 00 000  -16.00   -16.00
1998 07 07 16 40 00 000  -16.00   -15.00
1998 07 07 16 41 00 000  -16.00   -15.00
1998 07 07 16 42 00 000  -16.00   -16.00
1998 07 07 16 43 00 000  -16.00   -15.00
1998 07 07 16 44 00 000  -16.00   -15.00
1998 07 07 16 45 00 000  -17.00   -16.00
1998 07 07 16 46 00 000  -16.00   -17.00
1998 07 07 16 47 00 000  -16.00   -18.00
1998 07 07 16 48 00 000  -16.00   -19.00
1998 07 07 16 49 00 000  -16.00   -20.00
1998 07 07 16 50 00 000  -16.00   -21.00
1998 07 07 16 51 00 000  -16.00   -21.00
1998 07 07 16 52 00 000  -16.00   -21.00
1998 07 07 16 53 00 000  -16.00   -20.00
1998 07 07 16 54 00 000  -16.00   -19.00
1998 07 07 16 55 00 000  -16.00   -19.00
1998 07 07 16 56 00 000  -16.00   -20.00
1998 07 07 16 57 00 000  -16.00   -20.00
1998 07 07 16 58 00 000  -15.00   -20.00
1998 07 07 16 59 00 000  -16.00   -21.00
1998 07 07 17 00 00 000  -16.00   -19.00
1998 07 07 17 01 00 000  -16.00   -19.00
1998 07 07 17 02 00 000  -16.00   -20.00
1998 07 07 17 03 00 000  -16.00   -20.00
1998 07 07 17 04 00 000  -16.00   -20.00
1998 07 07 17 05 00 000  -16.00   -20.00
1998 07 07 17 06 00 000  -16.00   -20.00
1998 07 07 17 07 00 000  -16.00   -20.00
1998 07 07 17 08 00 000  -16.00   -20.00
1998 07 07 17 09 00 000  -16.00   -20.00
1998 07 07 17 10 00 000  -16.00   -20.00
1998 07 07 17 11 00 000  -16.00   -20.00
1998 07 07 17 12 00 000  -16.00   -20.00
1998 07 07 17 13 00 000  -15.00   -20.00
1998 07 07 17 14 00 000  -15.00   -20.00
1998 07 07 17 15 00 000  -16.00   -21.00
1998 07 07 17 16 00 000  -15.00   -21.00
1998 07 07 17 17 00 000  -15.00   -21.00
1998 07 07 17 18 00 000  -15.00   -21.00
1998 07 07 17 19 00 000  -15.00   -21.00
1998 07 07 17 20 00 000  -14.00   -21.00
1998 07 07 17 21 00 000  -14.00   -22.00
1998 07 07 17 22 00 000  -15.00   -22.00
1998 07 07 17 23 00 000  -14.00   -23.00
1998 07 07 17 24 00 000  -14.00   -22.00
1998 07 07 17 25 00 000  -14.00   -22.00
1998 07 07 17 26 00 000  -14.00   -22.00
1998 07 07 17 27 00 000  -14.00   -22.00
1998 07 07 17 28 00 000  -14.00   -22.00
1998 07 07 17 29 00 000  -14.00   -21.00
1998 07 07 17 30 00 000  -14.00   -22.00
1998 07 07 17 31 00 000  -14.00   -22.00
1998 07 07 17 32 00 000  -13.00   -21.00
1998 07 07 17 33 00 000  -13.00   -21.00
1998 07 07 17 34 00 000  -13.00   -21.00
1998 07 07 17 35 00 000  -13.00   -22.00
1998 07 07 17 36 00 000  -13.00   -22.00
1998 07 07 17 37 00 000  -13.00   -21.00
1998 07 07 17 38 00 000  -13.00   -20.00
1998 07 07 17 39 00 000  -13.00   -20.00
1998 07 07 17 40 00 000  -13.00   -20.00
1998 07 07 17 41 00 000  -13.00   -20.00
1998 07 07 17 42 00 000  -13.00   -19.00
1998 07 07 17 43 00 000  -13.00   -19.00
1998 07 07 17 44 00 000  -12.00   -19.00
1998 07 07 17 45 00 000  -12.00   -20.00
1998 07 07 17 46 00 000  -12.00   -19.00
1998 07 07 17 47 00 000  -12.00   -19.00
1998 07 07 17 48 00 000  -12.00   -18.00
1998 07 07 17 49 00 000  -12.00   -18.00
1998 07 07 17 50 00 000  -12.00   -18.00
1998 07 07 17 51 00 000  -11.00   -18.00
1998 07 07 17 52 00 000  -11.00   -17.00
1998 07 07 17 53 00 000  -11.00   -18.00
1998 07 07 17 54 00 000  -11.00   -18.00
1998 07 07 17 55 00 000  -11.00   -19.00
1998 07 07 17 56 00 000  -11.00   -20.00
1998 07 07 17 57 00 000  -10.00   -20.00
1998 07 07 17 58 00 000  -10.00   -20.00
1998 07 07 17 59 00 000  -10.00   -20.00
1998 07 07 18 00 00 000   -9.00   -20.00
1998 07 07 18 01 00 000   -9.00   -19.00
1998 07 07 18 02 00 000   -8.00   -19.00
1998 07 07 18 03 00 000   -9.00   -19.00
1998 07 07 18 04 00 000   -8.00   -19.00
1998 07 07 18 05 00 000   -9.00   -19.00
1998 07 07 18 06 00 000   -8.00   -19.00
1998 07 07 18 07 00 000   -8.00   -19.00
1998 07 07 18 08 00 000   -8.00   -20.00
1998 07 07 18 09 00 000   -8.00   -20.00
1998 07 07 18 10 00 000   -7.00   -21.00
1998 07 07 18 11 00 000   -7.00   -20.00
1998 07 07 18 12 00 000   -7.00   -21.00
1998 07 07 18 13 00 000   -7.00   -21.00
1998 07 07 18 14 00 000   -7.00   -21.00
1998 07 07 18 15 00 000   -7.00   -22.00
1998 07 07 18 16 00 000   -7.00   -23.00
1998 07 07 18 17 00 000   -6.00   -22.00
1998 07 07 18 18 00 000   -6.00   -21.00
1998 07 07 18 19 00 000   -6.00   -22.00
1998 07 07 18 20 00 000   -6.00   -23.00
1998 07 07 18 21 00 000   -6.00   -23.00
1998 07 07 18 22 00 000   -6.00   -23.00
1998 07 07 18 23 00 000   -6.00   -24.00
1998 07 07 18 24 00 000   -6.00   -24.00
1998 07 07 18 25 00 000   -6.00   -25.00
1998 07 07 18 26 00 000   -5.00   -26.00
1998 07 07 18 27 00 000   -5.00   -25.00
1998 07 07 18 28 00 000   -5.00   -26.00
1998 07 07 18 29 00 000   -5.00   -26.00
1998 07 07 18 30 00 000   -5.00   -25.00
1998 07 07 18 31 00 000   -5.00   -25.00
1998 07 07 18 32 00 000   -5.00   -26.00
1998 07 07 18 33 00 000   -5.00   -25.00
1998 07 07 18 34 00 000   -5.00   -24.00
1998 07 07 18 35 00 000   -5.00   -23.00
1998 07 07 18 36 00 000   -5.00   -23.00
1998 07 07 18 37 00 000   -5.00   -23.00
1998 07 07 18 38 00 000   -5.00   -25.00
1998 07 07 18 39 00 000   -4.00   -26.00
1998 07 07 18 40 00 000   -4.00   -25.00
1998 07 07 18 41 00 000   -4.00   -25.00
1998 07 07 18 42 00 000   -4.00   -28.00
1998 07 07 18 43 00 000   -4.00   -27.00
1998 07 07 18 44 00 000   -4.00   -26.00
1998 07 07 18 45 00 000   -4.00   -25.00
1998 07 07 18 46 00 000   -4.00   -26.00
1998 07 07 18 47 00 000   -4.00   -26.00
1998 07 07 18 48 00 000   -4.00   -23.00
1998 07 07 18 49 00 000   -4.00   -20.00
1998 07 07 18 50 00 000   -4.00   -20.00
1998 07 07 18 51 00 000   -4.00   -20.00
1998 07 07 18 52 00 000   -4.00   -19.00
1998 07 07 18 53 00 000   -4.00   -19.00
1998 07 07 18 54 00 000   -4.00   -20.00
1998 07 07 18 55 00 000   -4.00   -22.00
1998 07 07 18 56 00 000   -4.00   -25.00
1998 07 07 18 57 00 000   -5.00   -26.00
1998 07 07 18 58 00 000   -5.00   -26.00
1998 07 07 18 59 00 000   -5.00   -24.00
1998 07 07 19 00 00 000   -6.00   -25.00
1998 07 07 19 01 00 000   -6.00   -26.00
1998 07 07 19 02 00 000   -6.00   -26.00
1998 07 07 19 03 00 000   -6.00   -25.00
1998 07 07 19 04 00 000   -6.00   -26.00
1998 07 07 19 05 00 000   -6.00   -26.00
1998 07 07 19 06 00 000   -6.00   -26.00
1998 07 07 19 07 00 000   -6.00   -27.00
1998 07 07 19 08 00 000   -6.00   -28.00
1998 07 07 19 09 00 000   -5.00   -29.00
1998 07 07 19 10 00 000   -5.00   -28.00
1998 07 07 19 11 00 000   -5.00   -26.00
1998 07 07 19 12 00 000   -4.00   -27.00
1998 07 07 19 13 00 000   -4.00   -27.00
1998 07 07 19 14 00 000   -4.00   -26.00
1998 07 07 19 15 00 000   -4.00   -25.00
1998 07 07 19 16 00 000   -5.00   -25.00
1998 07 07 19 17 00 000   -5.00   -24.00
1998 07 07 19 18 00 000   -5.00   -24.00
1998 07 07 19 19 00 000   -5.00   -24.00
1998 07 07 19 20 00 000   -5.00   -23.00
1998 07 07 19 21 00 000   -5.00   -23.00
1998 07 07 19 22 00 000   -5.00   -23.00
1998 07 07 19 23 00 000   -5.00   -23.00
1998 07 07 19 24 00 000   -5.00   -23.00
1998 07 07 19 25 00 000   -5.00   -24.00
1998 07 07 19 26 00 000   -5.00   -24.00
1998 07 07 19 27 00 000   -5.00   -25.00
1998 07 07 19 28 00 000   -5.00   -26.00
1998 07 07 19 29 00 000   -5.00   -27.00
1998 07 07 19 30 00 000   -5.00   -27.00
1998 07 07 19 31 00 000   -5.00   -27.00
1998 07 07 19 32 00 000   -5.00   -27.00
1998 07 07 19 33 00 000   -5.00   -26.00
1998 07 07 19 34 00 000   -5.00   -25.00
1998 07 07 19 35 00 000   -5.00   -25.00
1998 07 07 19 36 00 000   -6.00   -24.00
1998 07 07 19 37 00 000   -6.00   -25.00
1998 07 07 19 38 00 000   -6.00   -25.00
1998 07 07 19 39 00 000   -6.00   -26.00
1998 07 07 19 40 00 000   -5.00   -26.00
1998 07 07 19 41 00 000   -5.00   -27.00
1998 07 07 19 42 00 000   -5.00   -28.00
1998 07 07 19 43 00 000   -5.00   -29.00
1998 07 07 19 44 00 000   -5.00   -30.00
1998 07 07 19 45 00 000   -5.00   -30.00
1998 07 07 19 46 00 000   -5.00   -30.00
1998 07 07 19 47 00 000   -5.00   -30.00
1998 07 07 19 48 00 000   -5.00   -30.00
1998 07 07 19 49 00 000   -5.00   -30.00
1998 07 07 19 50 00 000   -4.00   -31.00
1998 07 07 19 51 00 000   -5.00   -32.00
1998 07 07 19 52 00 000   -4.00   -32.00
1998 07 07 19 53 00 000   -4.00   -32.00
1998 07 07 19 54 00 000   -4.00   -33.00
1998 07 07 19 55 00 000   -5.00   -33.00
1998 07 07 19 56 00 000   -5.00   -32.00
1998 07 07 19 57 00 000   -5.00   -32.00
1998 07 07 19 58 00 000   -5.00   -32.00
1998 07 07 19 59 00 000   -5.00   -32.00
1998 07 07 20 00 00 000   -5.00   -32.00
1998 07 07 20 01 00 000   -5.00   -33.00
1998 07 07 20 02 00 000   -5.00   -34.00
1998 07 07 20 03 00 000   -5.00   -35.00
1998 07 07 20 04 00 000   -5.00   -33.00
1998 07 07 20 05 00 000   -5.00   -33.00
1998 07 07 20 06 00 000   -5.00   -33.00
1998 07 07 20 07 00 000   -6.00   -32.00
1998 07 07 20 08 00 000   -5.00   -31.00
1998 07 07 20 09 00 000   -5.00   -33.00
1998 07 07 20 10 00 000   -5.00   -33.00
1998 07 07 20 11 00 000   -5.00   -32.00
1998 07 07 20 12 00 000   -5.00   -32.00
1998 07 07 20 13 00 000   -6.00   -31.00
1998 07 07 20 14 00 000   -6.00   -31.00
1998 07 07 20 15 00 000   -6.00   -32.00
1998 07 07 20 16 00 000   -6.00   -32.00
1998 07 07 20 17 00 000   -6.00   -32.00
1998 07 07 20 18 00 000   -6.00   -32.00
1998 07 07 20 19 00 000   -6.00   -32.00
1998 07 07 20 20 00 000   -6.00   -32.00
1998 07 07 20 21 00 000   -6.00   -31.00
1998 07 07 20 22 00 000   -7.00   -31.00
1998 07 07 20 23 00 000   -7.00   -31.00
1998 07 07 20 24 00 000   -7.00   -32.00
1998 07 07 20 25 00 000   -8.00   -32.00
1998 07 07 20 26 00 000   -8.00   -31.00
1998 07 07 20 27 00 000   -9.00   -29.00
1998 07 07 20 28 00 000   -9.00   -28.00
1998 07 07 20 29 00 000   -9.00   -27.00
1998 07 07 20 30 00 000  -10.00   -27.00
1998 07 07 20 31 00 000   -9.00   -29.00
1998 07 07 20 32 00 000   -9.00   -30.00
1998 07 07 20 33 00 000   -9.00   -27.00
1998 07 07 20 34 00 000   -9.00   -27.00
1998 07 07 20 35 00 000   -9.00   -30.00
1998 07 07 20 36 00 000   -8.00   -34.00
1998 07 07 20 37 00 000   -8.00   -36.00
1998 07 07 20 38 00 000   -8.00   -35.00
1998 07 07 20 39 00 000   -8.00   -34.00
1998 07 07 20 40 00 000   -9.00   -34.00
1998 07 07 20 41 00 000   -9.00   -32.00
1998 07 07 20 42 00 000   -9.00   -31.00
1998 07 07 20 43 00 000   -9.00   -29.00
1998 07 07 20 44 00 000  -10.00   -28.00
1998 07 07 20 45 00 000  -10.00   -27.00
1998 07 07 20 46 00 000  -10.00   -27.00
1998 07 07 20 47 00 000  -10.00   -27.00
1998 07 07 20 48 00 000  -10.00   -28.00
1998 07 07 20 49 00 000  -10.00   -27.00
1998 07 07 20 50 00 000  -10.00   -27.00
1998 07 07 20 51 00 000  -10.00   -28.00
1998 07 07 20 52 00 000  -11.00   -28.00
1998 07 07 20 53 00 000  -11.00   -28.00
1998 07 07 20 54 00 000  -11.00   -29.00
1998 07 07 20 55 00 000  -11.00   -29.00
1998 07 07 20 56 00 000  -11.00   -29.00
1998 07 07 20 57 00 000  -12.00   -27.00
1998 07 07 20 58 00 000  -12.00   -27.00
1998 07 07 20 59 00 000  -13.00   -26.00
1998 07 07 21 00 00 000  -13.00   -28.00
1998 07 07 21 01 00 000  -13.00   -28.00
1998 07 07 21 02 00 000  -13.00   -27.00
1998 07 07 21 03 00 000  -13.00   -26.00
1998 07 07 21 04 00 000  -13.00   -26.00
1998 07 07 21 05 00 000  -13.00   -25.00
1998 07 07 21 06 00 000  -13.00   -26.00
1998 07 07 21 07 00 000  -13.00   -25.00
1998 07 07 21 08 00 000  -14.00   -26.00
1998 07 07 21 09 00 000  -14.00   -25.00
1998 07 07 21 10 00 000  -14.00   -24.00
1998 07 07 21 11 00 000  -14.00   -24.00
1998 07 07 21 12 00 000  -14.00   -23.00
1998 07 07 21 13 00 000  -14.00   -23.00
1998 07 07 21 14 00 000  -14.00   -24.00
1998 07 07 21 15 00 000  -14.00   -24.00
1998 07 07 21 16 00 000  -15.00   -25.00
1998 07 07 21 17 00 000  -15.00   -25.00
1998 07 07 21 18 00 000  -15.00   -25.00
1998 07 07 21 19 00 000  -16.00   -24.00
1998 07 07 21 20 00 000  -16.00   -24.00
1998 07 07 21 21 00 000  -16.00   -25.00
1998 07 07 21 22 00 000  -16.00   -24.00
1998 07 07 21 23 00 000  -16.00   -25.00
1998 07 07 21 24 00 000  -16.00   -25.00
1998 07 07 21 25 00 000  -16.00   -25.00
1998 07 07 21 26 00 000  -16.00   -24.00
1998 07 07 21 27 00 000  -16.00   -25.00
1998 07 07 21 28 00 000  -17.00   -25.00
1998 07 07 21 29 00 000  -16.00   -26.00
1998 07 07 21 30 00 000  -16.00   -18.00
1998 07 07 21 31 00 000  -16.00   -19.00
1998 07 07 21 32 00 000  -16.00   -26.00
1998 07 07 21 33 00 000  -17.00   -25.00
1998 07 07 21 34 00 000  -17.00   -25.00
1998 07 07 21 35 00 000  -17.00   -25.00
1998 07 07 21 36 00 000  -17.00   -26.00
1998 07 07 21 37 00 000  -17.00   -26.00
1998 07 07 21 38 00 000  -17.00   -26.00
1998 07 07 21 39 00 000  -17.00   -27.00
1998 07 07 21 40 00 000  -17.00   -27.00
1998 07 07 21 41 00 000  -17.00   -27.00
1998 07 07 21 42 00 000  -17.00   -27.00
1998 07 07 21 43 00 000  -17.00   -27.00
1998 07 07 21 44 00 000  -17.00   -28.00
1998 07 07 21 45 00 000  -17.00   -28.00
1998 07 07 21 46 00 000  -16.00   -27.00
1998 07 07 21 47 00 000  -16.00   -26.00
1998 07 07 21 48 00 000  -16.00   -26.00
1998 07 07 21 49 00 000  -16.00   -27.00
1998 07 07 21 50 00 000  -16.00   -27.00
1998 07 07 21 51 00 000  -16.00   -28.00
1998 07 07 21 52 00 000  -16.00   -28.00
1998 07 07 21 53 00 000  -16.00   -29.00
1998 07 07 21 54 00 000  -16.00   -29.00
1998 07 07 21 55 00 000  -16.00   -29.00
1998 07 07 21 56 00 000  -16.00   -30.00
1998 07 07 21 57 00 000  -16.00   -30.00
1998 07 07 21 58 00 000  -16.00   -31.00
1998 07 07 21 59 00 000  -17.00   -31.00
1998 07 07 22 00 00 000  -17.00   -31.00
1998 07 07 22 01 00 000  -17.00   -31.00
1998 07 07 22 02 00 000  -17.00   -32.00
1998 07 07 22 03 00 000  -17.00   -32.00
1998 07 07 22 04 00 000  -17.00   -31.00
1998 07 07 22 05 00 000  -17.00   -31.00
1998 07 07 22 06 00 000  -17.00   -31.00
1998 07 07 22 07 00 000  -17.00   -32.00
1998 07 07 22 08 00 000  -17.00   -31.00
1998 07 07 22 09 00 000  -17.00   -31.00
1998 07 07 22 10 00 000  -17.00   -32.00
1998 07 07 22 11 00 000  -17.00   -32.00
1998 07 07 22 12 00 000  -17.00   -32.00
1998 07 07 22 13 00 000  -18.00   -32.00
1998 07 07 22 14 00 000  -18.00   -32.00
1998 07 07 22 15 00 000  -18.00   -32.00
1998 07 07 22 16 00 000  -18.00   -32.00
1998 07 07 22 17 00 000  -18.00   -32.00
1998 07 07 22 18 00 000  -18.00   -31.00
1998 07 07 22 19 00 000  -18.00   -31.00
1998 07 07 22 20 00 000  -18.00   -31.00
1998 07 07 22 21 00 000  -18.00   -31.00
1998 07 07 22 22 00 000  -18.00   -31.00
1998 07 07 22 23 00 000  -18.00   -30.00
1998 07 07 22 24 00 000  -18.00   -29.00
1998 07 07 22 25 00 000  -18.00   -29.00
1998 07 07 22 26 00 000  -18.00   -29.00
1998 07 07 22 27 00 000  -18.00   -28.00
1998 07 07 22 28 00 000  -18.00   -27.00
1998 07 07 22 29 00 000  -18.00   -27.00
1998 07 07 22 30 00 000  -18.00   -18.00
1998 07 07 22 31 00 000  -18.00   -18.00
1998 07 07 22 32 00 000  -18.00   -27.00
1998 07 07 22 33 00 000  -18.00   -27.00
1998 07 07 22 34 00 000  -18.00   -28.00
1998 07 07 22 35 00 000  -18.00   -27.00
1998 07 07 22 36 00 000  -18.00   -27.00
1998 07 07 22 37 00 000  -18.00   -27.00
1998 07 07 22 38 00 000  -18.00   -26.00
1998 07 07 22 39 00 000  -18.00   -27.00
1998 07 07 22 40 00 000  -18.00   -27.00
1998 07 07 22 41 00 000  -19.00   -27.00
1998 07 07 22 42 00 000  -19.00   -27.00
1998 07 07 22 43 00 000  -19.00   -27.00
1998 07 07 22 44 00 000  -19.00   -27.00
1998 07 07 22 45 00 000  -19.00   -26.00
1998 07 07 22 46 00 000  -19.00   -27.00
1998 07 07 22 47 00 000  -19.00   -27.00
1998 07 07 22 48 00 000  -19.00   -26.00
1998 07 07 22 49 00 000  -18.00   -27.00
1998 07 07 22 50 00 000  -18.00   -26.00
1998 07 07 22 51 00 000  -19.00   -26.00
1998 07 07 22 52 00 000  -19.00   -26.00
1998 07 07 22 53 00 000  -19.00   -26.00
1998 07 07 22 54 00 000  -19.00   -26.00
1998 07 07 22 55 00 000  -19.00   -25.00
1998 07 07 22 56 00 000  -18.00   -26.00
1998 07 07 22 57 00 000  -18.00   -26.00
1998 07 07 22 58 00 000  -18.00   -25.00
1998 07 07 22 59 00 000  -18.00   -25.00
1998 07 07 23 00 00 000  -18.00   -25.00
1998 07 07 23 01 00 000  -18.00   -25.00
1998 07 07 23 02 00 000  -17.00   -23.00
1998 07 07 23 03 00 000  -17.00   -23.00
1998 07 07 23 04 00 000  -17.00   -23.00
1998 07 07 23 05 00 000  -17.00   -23.00
1998 07 07 23 06 00 000  -18.00   -23.00
1998 07 07 23 07 00 000  -18.00   -23.00
1998 07 07 23 08 00 000  -17.00   -23.00
1998 07 07 23 09 00 000  -17.00   -23.00
1998 07 07 23 10 00 000  -17.00   -23.00
1998 07 07 23 11 00 000  -17.00   -23.00
1998 07 07 23 12 00 000  -17.00   -22.00
1998 07 07 23 13 00 000  -17.00   -23.00
1998 07 07 23 14 00 000  -17.00   -23.00
1998 07 07 23 15 00 000  -17.00   -23.00
1998 07 07 23 16 00 000  -17.00   -23.00
1998 07 07 23 17 00 000  -17.00   -23.00
1998 07 07 23 18 00 000  -17.00   -23.00
1998 07 07 23 19 00 000  -17.00   -22.00
1998 07 07 23 20 00 000  -17.00   -22.00
1998 07 07 23 21 00 000  -17.00   -22.00
1998 07 07 23 22 00 000  -17.00   -21.00
1998 07 07 23 23 00 000  -17.00   -22.00
1998 07 07 23 24 00 000  -17.00   -22.00
1998 07 07 23 25 00 000  -17.00   -22.00
1998 07 07 23 26 00 000  -17.00   -22.00
1998 07 07 23 27 00 000  -16.00   -22.00
1998 07 07 23 28 00 000  -16.00   -22.00
1998 07 07 23 29 00 000  -16.00   -22.00
1998 07 07 23 30 00 000  -16.00   -22.00
1998 07 07 23 31 00 000  -16.00   -23.00
1998 07 07 23 32 00 000  -15.00   -23.00
1998 07 07 23 33 00 000  -15.00   -23.00
1998 07 07 23 34 00 000  -15.00   -23.00
1998 07 07 23 35 00 000  -16.00   -24.00
1998 07 07 23 36 00 000  -16.00   -23.00
1998 07 07 23 37 00 000  -16.00   -21.00
1998 07 07 23 38 00 000  -16.00   -20.00
1998 07 07 23 39 00 000  -16.00   -19.00
1998 07 07 23 40 00 000  -16.00   -20.00
1998 07 07 23 41 00 000  -15.00   -21.00
1998 07 07 23 42 00 000  -14.00   -22.00
1998 07 07 23 43 00 000  -14.00   -23.00
1998 07 07 23 44 00 000  -14.00   -25.00
1998 07 07 23 45 00 000  -13.00   -25.00
1998 07 07 23 46 00 000  -14.00   -26.00
1998 07 07 23 47 00 000  -14.00   -27.00
1998 07 07 23 48 00 000  -14.00   -27.00
1998 07 07 23 49 00 000  -14.00   -26.00
1998 07 07 23 50 00 000  -14.00   -26.00
1998 07 07 23 51 00 000  -14.00   -26.00
1998 07 07 23 52 00 000  -14.00   -26.00
1998 07 07 23 53 00 000  -14.00   -26.00
1998 07 07 23 54 00 000  -14.00   -26.00
1998 07 07 23 55 00 000  -14.00   -25.00
1998 07 07 23 56 00 000  -14.00   -25.00
1998 07 07 23 57 00 000  -14.00   -25.00
1998 07 07 23 58 00 000  -14.00   -25.00
1998 07 07 23 59 00 000  -14.00   -25.00
1998 07 08 00 00 00 000  -14.00   -26.00
1998 07 08 00 01 00 000  -14.00   -26.00
1998 07 08 00 02 00 000  -15.00   -26.00
1998 07 08 00 03 00 000  -15.00   -26.00
1998 07 08 00 04 00 000  -15.00   -25.00
1998 07 08 00 05 00 000  -15.00   -25.00
1998 07 08 00 06 00 000  -16.00   -24.00
1998 07 08 00 07 00 000  -16.00   -24.00
1998 07 08 00 08 00 000  -16.00   -23.00
1998 07 08 00 09 00 000  -16.00   -23.00
1998 07 08 00 10 00 000  -16.00   -23.00
1998 07 08 00 11 00 000  -16.00   -12.00
1998 07 08 00 12 00 000  -16.00   -24.00
1998 07 08 00 13 00 000  -16.00   -24.00
1998 07 08 00 14 00 000  -16.00   -24.00
1998 07 08 00 15 00 000  -15.00   -24.00
1998 07 08 00 16 00 000  -15.00   -25.00
1998 07 08 00 17 00 000  -15.00   -25.00
1998 07 08 00 18 00 000  -15.00   -26.00
1998 07 08 00 19 00 000  -15.00   -26.00
1998 07 08 00 20 00 000  -16.00   -25.00
1998 07 08 00 21 00 000  -16.00   -25.00
1998 07 08 00 22 00 000  -16.00   -25.00
1998 07 08 00 23 00 000  -16.00   -26.00
1998 07 08 00 24 00 000  -16.00   -24.00
1998 07 08 00 25 00 000  -16.00   -23.00
1998 07 08 00 26 00 000  -16.00   -24.00
1998 07 08 00 27 00 000  -16.00   -24.00
1998 07 08 00 28 00 000  -15.00   -25.00
1998 07 08 00 29 00 000  -15.00   -26.00
1998 07 08 00 30 00 000  -14.00   -27.00
1998 07 08 00 31 00 000  -14.00   -27.00
1998 07 08 00 32 00 000  -14.00   -28.00
1998 07 08 00 33 00 000  -14.00   -29.00
1998 07 08 00 34 00 000  -14.00   -30.00
1998 07 08 00 35 00 000  -14.00   -30.00
1998 07 08 00 36 00 000  -15.00   -30.00
1998 07 08 00 37 00 000  -15.00   -29.00
1998 07 08 00 38 00 000  -16.00   -28.00
1998 07 08 00 39 00 000  -16.00   -27.00
1998 07 08 00 40 00 000  -16.00   -26.00
