Sym-H and AL  obtained from Kyoto WDC for SWPC Event 5.  Units in nT.
year mo dy hr mn sc msc dst_sm AL
2010 04 04 19 00 00 000  -14.00  -543.00
2010 04 04 19 01 00 000  -14.00  -542.00
2010 04 04 19 02 00 000  -14.00  -554.00
2010 04 04 19 03 00 000  -14.00  -552.00
2010 04 04 19 04 00 000  -14.00  -533.00
2010 04 04 19 05 00 000  -15.00  -498.00
2010 04 04 19 06 00 000  -15.00  -460.00
2010 04 04 19 07 00 000  -15.00  -425.00
2010 04 04 19 08 00 000  -15.00  -385.00
2010 04 04 19 09 00 000  -15.00  -358.00
2010 04 04 19 10 00 000  -15.00  -352.00
2010 04 04 19 11 00 000  -16.00  -341.00
2010 04 04 19 12 00 000  -16.00  -340.00
2010 04 04 19 13 00 000  -16.00  -329.00
2010 04 04 19 14 00 000  -16.00  -312.00
2010 04 04 19 15 00 000  -16.00  -288.00
2010 04 04 19 16 00 000  -16.00  -289.00
2010 04 04 19 17 00 000  -16.00  -298.00
2010 04 04 19 18 00 000  -16.00  -299.00
2010 04 04 19 19 00 000  -18.00  -300.00
2010 04 04 19 20 00 000  -18.00  -309.00
2010 04 04 19 21 00 000  -18.00  -321.00
2010 04 04 19 22 00 000  -18.00  -349.00
2010 04 04 19 23 00 000  -19.00  -357.00
2010 04 04 19 24 00 000  -18.00  -366.00
2010 04 04 19 25 00 000  -18.00  -379.00
2010 04 04 19 26 00 000  -17.00  -393.00
2010 04 04 19 27 00 000  -16.00  -426.00
2010 04 04 19 28 00 000  -17.00  -460.00
2010 04 04 19 29 00 000  -17.00  -508.00
2010 04 04 19 30 00 000  -16.00  -533.00
2010 04 04 19 31 00 000  -16.00  -539.00
2010 04 04 19 32 00 000  -16.00  -533.00
2010 04 04 19 33 00 000  -15.00  -510.00
2010 04 04 19 34 00 000  -16.00  -479.00
2010 04 04 19 35 00 000  -16.00  -464.00
2010 04 04 19 36 00 000  -17.00  -451.00
2010 04 04 19 37 00 000  -17.00  -426.00
2010 04 04 19 38 00 000  -17.00  -418.00
2010 04 04 19 39 00 000  -18.00  -421.00
2010 04 04 19 40 00 000  -17.00  -424.00
2010 04 04 19 41 00 000  -17.00  -422.00
2010 04 04 19 42 00 000  -17.00  -418.00
2010 04 04 19 43 00 000  -17.00  -401.00
2010 04 04 19 44 00 000  -18.00  -388.00
2010 04 04 19 45 00 000  -18.00  -369.00
2010 04 04 19 46 00 000  -18.00  -362.00
2010 04 04 19 47 00 000  -19.00  -357.00
2010 04 04 19 48 00 000  -20.00  -342.00
2010 04 04 19 49 00 000  -21.00  -337.00
2010 04 04 19 50 00 000  -22.00  -334.00
2010 04 04 19 51 00 000  -22.00  -331.00
2010 04 04 19 52 00 000  -23.00  -329.00
2010 04 04 19 53 00 000  -23.00  -326.00
2010 04 04 19 54 00 000  -24.00  -321.00
2010 04 04 19 55 00 000  -23.00  -318.00
2010 04 04 19 56 00 000  -23.00  -304.00
2010 04 04 19 57 00 000  -24.00  -284.00
2010 04 04 19 58 00 000  -24.00  -259.00
2010 04 04 19 59 00 000  -24.00  -252.00
2010 04 04 20 00 00 000  -23.00  -245.00
2010 04 04 20 01 00 000  -23.00  -241.00
2010 04 04 20 02 00 000  -23.00  -244.00
2010 04 04 20 03 00 000  -23.00  -243.00
2010 04 04 20 04 00 000  -23.00  -239.00
2010 04 04 20 05 00 000  -22.00  -250.00
2010 04 04 20 06 00 000  -22.00  -271.00
2010 04 04 20 07 00 000  -24.00  -280.00
2010 04 04 20 08 00 000  -25.00  -288.00
2010 04 04 20 09 00 000  -24.00  -283.00
2010 04 04 20 10 00 000  -23.00  -269.00
2010 04 04 20 11 00 000  -22.00  -257.00
2010 04 04 20 12 00 000  -22.00  -243.00
2010 04 04 20 13 00 000  -21.00  -238.00
2010 04 04 20 14 00 000  -22.00  -234.00
2010 04 04 20 15 00 000  -21.00  -214.00
2010 04 04 20 16 00 000  -21.00  -212.00
2010 04 04 20 17 00 000  -20.00  -239.00
2010 04 04 20 18 00 000  -20.00  -325.00
2010 04 04 20 19 00 000  -20.00  -291.00
2010 04 04 20 20 00 000  -21.00  -327.00
2010 04 04 20 21 00 000  -22.00  -383.00
2010 04 04 20 22 00 000  -22.00  -407.00
2010 04 04 20 23 00 000  -23.00  -358.00
2010 04 04 20 24 00 000  -22.00  -368.00
2010 04 04 20 25 00 000  -22.00  -332.00
2010 04 04 20 26 00 000  -22.00  -289.00
2010 04 04 20 27 00 000  -21.00  -289.00
2010 04 04 20 28 00 000  -20.00  -305.00
2010 04 04 20 29 00 000  -20.00  -317.00
2010 04 04 20 30 00 000  -21.00  -296.00
2010 04 04 20 31 00 000  -20.00  -277.00
2010 04 04 20 32 00 000  -20.00  -273.00
2010 04 04 20 33 00 000  -19.00  -270.00
2010 04 04 20 34 00 000  -19.00  -273.00
2010 04 04 20 35 00 000  -18.00  -251.00
2010 04 04 20 36 00 000  -18.00  -238.00
2010 04 04 20 37 00 000  -18.00  -231.00
2010 04 04 20 38 00 000  -17.00  -235.00
2010 04 04 20 39 00 000  -17.00  -238.00
2010 04 04 20 40 00 000  -18.00  -226.00
2010 04 04 20 41 00 000  -18.00  -211.00
2010 04 04 20 42 00 000  -18.00  -198.00
2010 04 04 20 43 00 000  -18.00  -173.00
2010 04 04 20 44 00 000  -18.00  -171.00
2010 04 04 20 45 00 000  -18.00  -171.00
2010 04 04 20 46 00 000  -18.00  -172.00
2010 04 04 20 47 00 000  -17.00  -177.00
2010 04 04 20 48 00 000  -18.00  -175.00
2010 04 04 20 49 00 000  -18.00  -164.00
2010 04 04 20 50 00 000  -18.00  -148.00
2010 04 04 20 51 00 000  -18.00  -137.00
2010 04 04 20 52 00 000  -17.00  -131.00
2010 04 04 20 53 00 000  -16.00  -121.00
2010 04 04 20 54 00 000  -15.00  -101.00
2010 04 04 20 55 00 000  -14.00  -102.00
2010 04 04 20 56 00 000  -14.00  -107.00
2010 04 04 20 57 00 000  -14.00  -104.00
2010 04 04 20 58 00 000  -14.00   -94.00
2010 04 04 20 59 00 000  -14.00   -85.00
2010 04 04 21 00 00 000  -13.00   -78.00
2010 04 04 21 01 00 000  -13.00   -74.00
2010 04 04 21 02 00 000  -13.00   -77.00
2010 04 04 21 03 00 000  -13.00   -81.00
2010 04 04 21 04 00 000  -13.00   -71.00
2010 04 04 21 05 00 000  -13.00   -66.00
2010 04 04 21 06 00 000  -13.00   -61.00
2010 04 04 21 07 00 000  -13.00   -56.00
2010 04 04 21 08 00 000  -13.00   -48.00
2010 04 04 21 09 00 000  -13.00   -42.00
2010 04 04 21 10 00 000  -12.00   -41.00
2010 04 04 21 11 00 000  -12.00   -37.00
2010 04 04 21 12 00 000  -12.00   -32.00
2010 04 04 21 13 00 000  -12.00   -25.00
2010 04 04 21 14 00 000  -13.00   -24.00
2010 04 04 21 15 00 000  -13.00   -25.00
2010 04 04 21 16 00 000  -13.00   -28.00
2010 04 04 21 17 00 000  -12.00   -27.00
2010 04 04 21 18 00 000  -12.00   -30.00
2010 04 04 21 19 00 000  -12.00   -31.00
2010 04 04 21 20 00 000  -13.00   -26.00
2010 04 04 21 21 00 000  -13.00   -20.00
2010 04 04 21 22 00 000  -13.00   -15.00
2010 04 04 21 23 00 000  -14.00   -16.00
2010 04 04 21 24 00 000  -14.00   -15.00
2010 04 04 21 25 00 000  -14.00   -12.00
2010 04 04 21 26 00 000  -14.00   -16.00
2010 04 04 21 27 00 000  -14.00    -8.00
2010 04 04 21 28 00 000  -13.00    -8.00
2010 04 04 21 29 00 000  -13.00    -7.00
2010 04 04 21 30 00 000  -12.00    -7.00
2010 04 04 21 31 00 000  -13.00    -6.00
2010 04 04 21 32 00 000  -13.00    -4.00
2010 04 04 21 33 00 000  -14.00    -6.00
2010 04 04 21 34 00 000  -13.00    -5.00
2010 04 04 21 35 00 000  -13.00    -7.00
2010 04 04 21 36 00 000  -14.00    -8.00
2010 04 04 21 37 00 000  -13.00   -13.00
2010 04 04 21 38 00 000  -12.00   -19.00
2010 04 04 21 39 00 000  -12.00   -36.00
2010 04 04 21 40 00 000  -12.00   -25.00
2010 04 04 21 41 00 000  -11.00   -17.00
2010 04 04 21 42 00 000  -12.00   -15.00
2010 04 04 21 43 00 000  -12.00   -13.00
2010 04 04 21 44 00 000  -12.00   -11.00
2010 04 04 21 45 00 000  -12.00   -12.00
2010 04 04 21 46 00 000  -12.00   -16.00
2010 04 04 21 47 00 000  -12.00   -17.00
2010 04 04 21 48 00 000  -11.00   -25.00
2010 04 04 21 49 00 000  -11.00   -42.00
2010 04 04 21 50 00 000  -10.00   -57.00
2010 04 04 21 51 00 000   -9.00   -72.00
2010 04 04 21 52 00 000   -9.00   -86.00
2010 04 04 21 53 00 000   -8.00  -100.00
2010 04 04 21 54 00 000   -9.00  -109.00
2010 04 04 21 55 00 000  -10.00  -118.00
2010 04 04 21 56 00 000  -10.00  -131.00
2010 04 04 21 57 00 000  -10.00  -137.00
2010 04 04 21 58 00 000  -11.00  -140.00
2010 04 04 21 59 00 000  -11.00  -145.00
2010 04 04 22 00 00 000  -12.00  -149.00
2010 04 04 22 01 00 000  -12.00  -155.00
2010 04 04 22 02 00 000  -13.00  -153.00
2010 04 04 22 03 00 000  -13.00  -152.00
2010 04 04 22 04 00 000  -13.00  -158.00
2010 04 04 22 05 00 000  -13.00  -156.00
2010 04 04 22 06 00 000  -13.00  -152.00
2010 04 04 22 07 00 000  -13.00  -158.00
2010 04 04 22 08 00 000  -14.00  -172.00
2010 04 04 22 09 00 000  -15.00  -186.00
2010 04 04 22 10 00 000  -15.00  -190.00
2010 04 04 22 11 00 000  -15.00  -180.00
2010 04 04 22 12 00 000  -16.00  -187.00
2010 04 04 22 13 00 000  -15.00  -224.00
2010 04 04 22 14 00 000  -15.00  -251.00
2010 04 04 22 15 00 000  -16.00  -288.00
2010 04 04 22 16 00 000  -16.00  -315.00
2010 04 04 22 17 00 000  -17.00  -357.00
2010 04 04 22 18 00 000  -17.00  -370.00
2010 04 04 22 19 00 000  -17.00  -378.00
2010 04 04 22 20 00 000  -16.00  -393.00
2010 04 04 22 21 00 000  -16.00  -401.00
2010 04 04 22 22 00 000  -17.00  -404.00
2010 04 04 22 23 00 000  -17.00  -429.00
2010 04 04 22 24 00 000  -17.00  -438.00
2010 04 04 22 25 00 000  -17.00  -448.00
2010 04 04 22 26 00 000  -18.00  -449.00
2010 04 04 22 27 00 000  -18.00  -456.00
2010 04 04 22 28 00 000  -18.00  -462.00
2010 04 04 22 29 00 000  -19.00  -440.00
2010 04 04 22 30 00 000  -18.00  -474.00
2010 04 04 22 31 00 000  -19.00  -508.00
2010 04 04 22 32 00 000  -19.00  -496.00
2010 04 04 22 33 00 000  -19.00  -507.00
2010 04 04 22 34 00 000  -20.00  -554.00
2010 04 04 22 35 00 000  -20.00  -564.00
2010 04 04 22 36 00 000  -20.00  -566.00
2010 04 04 22 37 00 000  -21.00  -573.00
2010 04 04 22 38 00 000  -21.00  -585.00
2010 04 04 22 39 00 000  -22.00  -605.00
2010 04 04 22 40 00 000  -23.00  -566.00
2010 04 04 22 41 00 000  -23.00  -574.00
2010 04 04 22 42 00 000  -23.00  -597.00
2010 04 04 22 43 00 000  -24.00  -606.00
2010 04 04 22 44 00 000  -25.00  -613.00
2010 04 04 22 45 00 000  -25.00  -592.00
2010 04 04 22 46 00 000  -24.00  -603.00
2010 04 04 22 47 00 000  -25.00  -645.00
2010 04 04 22 48 00 000  -25.00  -691.00
2010 04 04 22 49 00 000  -25.00  -717.00
2010 04 04 22 50 00 000  -24.00  -766.00
2010 04 04 22 51 00 000  -24.00  -795.00
2010 04 04 22 52 00 000  -24.00  -797.00
2010 04 04 22 53 00 000  -23.00  -785.00
2010 04 04 22 54 00 000  -23.00  -825.00
2010 04 04 22 55 00 000  -23.00  -801.00
2010 04 04 22 56 00 000  -23.00  -706.00
2010 04 04 22 57 00 000  -23.00  -620.00
2010 04 04 22 58 00 000  -23.00  -629.00
2010 04 04 22 59 00 000  -23.00  -605.00
2010 04 04 23 00 00 000  -24.00  -597.00
2010 04 04 23 01 00 000  -24.00  -614.00
2010 04 04 23 02 00 000  -24.00  -692.00
2010 04 04 23 03 00 000  -24.00  -817.00
2010 04 04 23 04 00 000  -24.00  -891.00
2010 04 04 23 05 00 000  -24.00  -836.00
2010 04 04 23 06 00 000  -24.00  -776.00
2010 04 04 23 07 00 000  -23.00  -796.00
2010 04 04 23 08 00 000  -23.00  -815.00
2010 04 04 23 09 00 000  -23.00  -784.00
2010 04 04 23 10 00 000  -23.00  -747.00
2010 04 04 23 11 00 000  -23.00  -763.00
2010 04 04 23 12 00 000  -23.00  -751.00
2010 04 04 23 13 00 000  -23.00  -705.00
2010 04 04 23 14 00 000  -23.00  -681.00
2010 04 04 23 15 00 000  -23.00  -638.00
2010 04 04 23 16 00 000  -23.00  -624.00
2010 04 04 23 17 00 000  -23.00  -627.00
2010 04 04 23 18 00 000  -23.00  -642.00
2010 04 04 23 19 00 000  -22.00  -666.00
2010 04 04 23 20 00 000  -22.00  -668.00
2010 04 04 23 21 00 000  -22.00  -666.00
2010 04 04 23 22 00 000  -22.00  -626.00
2010 04 04 23 23 00 000  -22.00  -606.00
2010 04 04 23 24 00 000  -22.00  -597.00
2010 04 04 23 25 00 000  -22.00  -568.00
2010 04 04 23 26 00 000  -22.00  -537.00
2010 04 04 23 27 00 000  -21.00  -507.00
2010 04 04 23 28 00 000  -21.00  -507.00
2010 04 04 23 29 00 000  -21.00  -496.00
2010 04 04 23 30 00 000  -22.00  -492.00
2010 04 04 23 31 00 000  -22.00  -476.00
2010 04 04 23 32 00 000  -22.00  -457.00
2010 04 04 23 33 00 000  -22.00  -439.00
2010 04 04 23 34 00 000  -22.00  -452.00
2010 04 04 23 35 00 000  -23.00  -491.00
2010 04 04 23 36 00 000  -23.00  -489.00
2010 04 04 23 37 00 000  -23.00  -472.00
2010 04 04 23 38 00 000  -23.00  -464.00
2010 04 04 23 39 00 000  -24.00  -445.00
2010 04 04 23 40 00 000  -24.00  -406.00
2010 04 04 23 41 00 000  -24.00  -404.00
2010 04 04 23 42 00 000  -24.00  -414.00
2010 04 04 23 43 00 000  -24.00  -421.00
2010 04 04 23 44 00 000  -25.00  -428.00
2010 04 04 23 45 00 000  -26.00  -428.00
2010 04 04 23 46 00 000  -26.00  -428.00
2010 04 04 23 47 00 000  -26.00  -434.00
2010 04 04 23 48 00 000  -27.00  -434.00
2010 04 04 23 49 00 000  -27.00  -449.00
2010 04 04 23 50 00 000  -27.00  -441.00
2010 04 04 23 51 00 000  -27.00  -434.00
2010 04 04 23 52 00 000  -27.00  -442.00
2010 04 04 23 53 00 000  -27.00  -440.00
2010 04 04 23 54 00 000  -28.00  -422.00
2010 04 04 23 55 00 000  -28.00  -446.00
2010 04 04 23 56 00 000  -28.00  -459.00
2010 04 04 23 57 00 000  -28.00  -401.00
2010 04 04 23 58 00 000  -28.00  -414.00
2010 04 04 23 59 00 000  -28.00  -441.00
2010 04 05 00 00 00 000  -28.00  -456.00
2010 04 05 00 01 00 000  -28.00  -440.00
2010 04 05 00 02 00 000  -29.00  -414.00
2010 04 05 00 03 00 000  -28.00  -395.00
2010 04 05 00 04 00 000  -29.00  -379.00
2010 04 05 00 05 00 000  -29.00  -357.00
2010 04 05 00 06 00 000  -29.00  -349.00
2010 04 05 00 07 00 000  -29.00  -375.00
2010 04 05 00 08 00 000  -29.00  -373.00
2010 04 05 00 09 00 000  -30.00  -353.00
2010 04 05 00 10 00 000  -30.00  -346.00
2010 04 05 00 11 00 000  -30.00  -339.00
2010 04 05 00 12 00 000  -30.00  -333.00
2010 04 05 00 13 00 000  -31.00  -349.00
2010 04 05 00 14 00 000  -30.00  -359.00
2010 04 05 00 15 00 000  -29.00  -361.00
2010 04 05 00 16 00 000  -29.00  -358.00
2010 04 05 00 17 00 000  -28.00  -334.00
2010 04 05 00 18 00 000  -28.00  -314.00
2010 04 05 00 19 00 000  -28.00  -296.00
2010 04 05 00 20 00 000  -28.00  -291.00
2010 04 05 00 21 00 000  -28.00  -280.00
2010 04 05 00 22 00 000  -28.00  -259.00
2010 04 05 00 23 00 000  -28.00  -250.00
2010 04 05 00 24 00 000  -27.00  -247.00
2010 04 05 00 25 00 000  -27.00  -242.00
2010 04 05 00 26 00 000  -27.00  -229.00
2010 04 05 00 27 00 000  -27.00  -225.00
2010 04 05 00 28 00 000  -26.00  -219.00
2010 04 05 00 29 00 000  -27.00  -216.00
2010 04 05 00 30 00 000  -26.00  -215.00
2010 04 05 00 31 00 000  -26.00  -204.00
2010 04 05 00 32 00 000  -26.00  -194.00
2010 04 05 00 33 00 000  -26.00  -192.00
2010 04 05 00 34 00 000  -25.00  -179.00
2010 04 05 00 35 00 000  -25.00  -157.00
2010 04 05 00 36 00 000  -25.00  -144.00
2010 04 05 00 37 00 000  -25.00  -139.00
2010 04 05 00 38 00 000  -25.00  -137.00
2010 04 05 00 39 00 000  -25.00  -137.00
2010 04 05 00 40 00 000  -25.00  -128.00
2010 04 05 00 41 00 000  -25.00  -134.00
2010 04 05 00 42 00 000  -25.00  -138.00
2010 04 05 00 43 00 000  -24.00  -141.00
2010 04 05 00 44 00 000  -24.00  -141.00
2010 04 05 00 45 00 000  -23.00  -130.00
2010 04 05 00 46 00 000  -23.00  -120.00
2010 04 05 00 47 00 000  -24.00  -113.00
2010 04 05 00 48 00 000  -24.00  -110.00
2010 04 05 00 49 00 000  -23.00  -118.00
2010 04 05 00 50 00 000  -24.00  -116.00
2010 04 05 00 51 00 000  -23.00  -108.00
2010 04 05 00 52 00 000  -23.00  -119.00
2010 04 05 00 53 00 000  -22.00  -123.00
2010 04 05 00 54 00 000  -22.00  -113.00
2010 04 05 00 55 00 000  -21.00  -106.00
2010 04 05 00 56 00 000  -21.00  -102.00
2010 04 05 00 57 00 000  -21.00  -103.00
2010 04 05 00 58 00 000  -22.00  -108.00
2010 04 05 00 59 00 000  -22.00  -104.00
2010 04 05 01 00 00 000  -22.00  -118.00
2010 04 05 01 01 00 000  -21.00  -133.00
2010 04 05 01 02 00 000  -21.00  -146.00
2010 04 05 01 03 00 000  -20.00  -149.00
2010 04 05 01 04 00 000  -19.00  -143.00
2010 04 05 01 05 00 000  -19.00  -124.00
2010 04 05 01 06 00 000  -18.00  -109.00
2010 04 05 01 07 00 000  -18.00  -113.00
2010 04 05 01 08 00 000  -18.00  -133.00
2010 04 05 01 09 00 000  -18.00  -113.00
2010 04 05 01 10 00 000  -18.00  -139.00
2010 04 05 01 11 00 000  -18.00  -158.00
2010 04 05 01 12 00 000  -18.00  -165.00
2010 04 05 01 13 00 000  -17.00  -173.00
2010 04 05 01 14 00 000  -18.00  -174.00
2010 04 05 01 15 00 000  -17.00  -161.00
2010 04 05 01 16 00 000  -17.00  -149.00
2010 04 05 01 17 00 000  -17.00  -159.00
2010 04 05 01 18 00 000  -17.00  -164.00
2010 04 05 01 19 00 000  -17.00  -167.00
2010 04 05 01 20 00 000  -17.00  -179.00
2010 04 05 01 21 00 000  -17.00  -185.00
2010 04 05 01 22 00 000  -17.00  -188.00
2010 04 05 01 23 00 000  -17.00  -191.00
2010 04 05 01 24 00 000  -17.00  -193.00
2010 04 05 01 25 00 000  -18.00  -185.00
2010 04 05 01 26 00 000  -18.00  -171.00
2010 04 05 01 27 00 000  -18.00  -159.00
2010 04 05 01 28 00 000  -18.00  -152.00
2010 04 05 01 29 00 000  -18.00  -152.00
2010 04 05 01 30 00 000  -18.00  -156.00
2010 04 05 01 31 00 000  -19.00  -151.00
2010 04 05 01 32 00 000  -19.00  -147.00
2010 04 05 01 33 00 000  -19.00  -143.00
2010 04 05 01 34 00 000  -19.00  -145.00
2010 04 05 01 35 00 000  -20.00  -154.00
2010 04 05 01 36 00 000  -20.00  -155.00
2010 04 05 01 37 00 000  -20.00  -151.00
2010 04 05 01 38 00 000  -20.00  -164.00
2010 04 05 01 39 00 000  -20.00  -173.00
2010 04 05 01 40 00 000  -20.00  -174.00
2010 04 05 01 41 00 000  -20.00  -160.00
2010 04 05 01 42 00 000  -20.00  -152.00
2010 04 05 01 43 00 000  -20.00  -151.00
2010 04 05 01 44 00 000  -20.00  -159.00
2010 04 05 01 45 00 000  -21.00  -173.00
2010 04 05 01 46 00 000  -21.00  -183.00
2010 04 05 01 47 00 000  -21.00  -199.00
2010 04 05 01 48 00 000  -20.00  -211.00
2010 04 05 01 49 00 000  -21.00  -218.00
2010 04 05 01 50 00 000  -21.00  -201.00
2010 04 05 01 51 00 000  -21.00  -206.00
2010 04 05 01 52 00 000  -21.00  -222.00
2010 04 05 01 53 00 000  -21.00  -227.00
2010 04 05 01 54 00 000  -21.00  -230.00
2010 04 05 01 55 00 000  -21.00  -219.00
2010 04 05 01 56 00 000  -21.00  -201.00
2010 04 05 01 57 00 000  -20.00  -194.00
2010 04 05 01 58 00 000  -19.00  -183.00
2010 04 05 01 59 00 000  -18.00  -151.00
2010 04 05 02 00 00 000  -17.00  -160.00
2010 04 05 02 01 00 000  -17.00  -173.00
2010 04 05 02 02 00 000  -17.00  -177.00
2010 04 05 02 03 00 000  -17.00  -177.00
2010 04 05 02 04 00 000  -17.00  -153.00
2010 04 05 02 05 00 000  -17.00  -124.00
2010 04 05 02 06 00 000  -17.00  -103.00
2010 04 05 02 07 00 000  -16.00   -94.00
2010 04 05 02 08 00 000  -16.00   -99.00
2010 04 05 02 09 00 000  -15.00  -117.00
2010 04 05 02 10 00 000  -16.00  -127.00
2010 04 05 02 11 00 000  -17.00  -128.00
2010 04 05 02 12 00 000  -17.00  -133.00
2010 04 05 02 13 00 000  -17.00  -127.00
2010 04 05 02 14 00 000  -17.00  -124.00
2010 04 05 02 15 00 000  -17.00  -128.00
2010 04 05 02 16 00 000  -17.00  -159.00
2010 04 05 02 17 00 000  -17.00  -197.00
2010 04 05 02 18 00 000  -17.00  -212.00
2010 04 05 02 19 00 000  -17.00  -194.00
2010 04 05 02 20 00 000  -17.00  -190.00
2010 04 05 02 21 00 000  -17.00  -189.00
2010 04 05 02 22 00 000  -18.00  -185.00
2010 04 05 02 23 00 000  -18.00  -181.00
2010 04 05 02 24 00 000  -18.00  -179.00
2010 04 05 02 25 00 000  -18.00  -164.00
2010 04 05 02 26 00 000  -17.00  -174.00
2010 04 05 02 27 00 000  -17.00  -207.00
2010 04 05 02 28 00 000  -17.00  -183.00
2010 04 05 02 29 00 000  -17.00  -156.00
2010 04 05 02 30 00 000  -16.00  -142.00
2010 04 05 02 31 00 000  -16.00  -133.00
2010 04 05 02 32 00 000  -16.00  -137.00
2010 04 05 02 33 00 000  -16.00  -132.00
2010 04 05 02 34 00 000  -16.00  -133.00
2010 04 05 02 35 00 000  -17.00  -123.00
2010 04 05 02 36 00 000  -17.00  -108.00
2010 04 05 02 37 00 000  -17.00  -114.00
2010 04 05 02 38 00 000  -18.00  -106.00
2010 04 05 02 39 00 000  -18.00  -104.00
2010 04 05 02 40 00 000  -18.00   -81.00
2010 04 05 02 41 00 000  -18.00   -84.00
2010 04 05 02 42 00 000  -18.00   -94.00
2010 04 05 02 43 00 000  -18.00  -106.00
2010 04 05 02 44 00 000  -18.00  -120.00
2010 04 05 02 45 00 000  -18.00  -111.00
2010 04 05 02 46 00 000  -18.00   -90.00
2010 04 05 02 47 00 000  -18.00  -101.00
2010 04 05 02 48 00 000  -17.00   -96.00
2010 04 05 02 49 00 000  -18.00  -104.00
2010 04 05 02 50 00 000  -17.00   -92.00
2010 04 05 02 51 00 000  -18.00   -82.00
2010 04 05 02 52 00 000  -18.00   -70.00
2010 04 05 02 53 00 000  -17.00   -67.00
2010 04 05 02 54 00 000  -17.00   -66.00
2010 04 05 02 55 00 000  -16.00   -72.00
2010 04 05 02 56 00 000  -16.00   -89.00
2010 04 05 02 57 00 000  -15.00   -96.00
2010 04 05 02 58 00 000  -15.00   -96.00
2010 04 05 02 59 00 000  -15.00   -87.00
2010 04 05 03 00 00 000  -14.00   -85.00
2010 04 05 03 01 00 000  -14.00   -84.00
2010 04 05 03 02 00 000  -14.00   -83.00
2010 04 05 03 03 00 000  -14.00   -79.00
2010 04 05 03 04 00 000  -14.00   -71.00
2010 04 05 03 05 00 000  -13.00   -64.00
2010 04 05 03 06 00 000  -13.00   -59.00
2010 04 05 03 07 00 000  -13.00   -50.00
2010 04 05 03 08 00 000  -13.00   -44.00
2010 04 05 03 09 00 000  -13.00   -37.00
2010 04 05 03 10 00 000  -13.00   -30.00
2010 04 05 03 11 00 000  -13.00   -28.00
2010 04 05 03 12 00 000  -14.00   -24.00
2010 04 05 03 13 00 000  -14.00   -26.00
2010 04 05 03 14 00 000  -14.00   -17.00
2010 04 05 03 15 00 000  -14.00   -20.00
2010 04 05 03 16 00 000  -15.00   -22.00
2010 04 05 03 17 00 000  -15.00   -30.00
2010 04 05 03 18 00 000  -15.00   -34.00
2010 04 05 03 19 00 000  -16.00   -41.00
2010 04 05 03 20 00 000  -16.00   -43.00
2010 04 05 03 21 00 000  -16.00   -42.00
2010 04 05 03 22 00 000  -17.00   -34.00
2010 04 05 03 23 00 000  -17.00   -32.00
2010 04 05 03 24 00 000  -18.00   -42.00
2010 04 05 03 25 00 000  -18.00   -36.00
2010 04 05 03 26 00 000  -18.00   -51.00
2010 04 05 03 27 00 000  -17.00   -45.00
2010 04 05 03 28 00 000  -17.00   -53.00
2010 04 05 03 29 00 000  -17.00   -55.00
2010 04 05 03 30 00 000  -17.00   -53.00
2010 04 05 03 31 00 000  -17.00   -47.00
2010 04 05 03 32 00 000  -17.00   -49.00
2010 04 05 03 33 00 000  -17.00   -51.00
2010 04 05 03 34 00 000  -17.00   -64.00
2010 04 05 03 35 00 000  -16.00   -72.00
2010 04 05 03 36 00 000  -16.00   -79.00
2010 04 05 03 37 00 000  -15.00   -81.00
2010 04 05 03 38 00 000  -15.00   -94.00
2010 04 05 03 39 00 000  -14.00  -106.00
2010 04 05 03 40 00 000  -14.00  -108.00
2010 04 05 03 41 00 000  -14.00   -97.00
2010 04 05 03 42 00 000  -14.00   -85.00
2010 04 05 03 43 00 000  -14.00   -73.00
2010 04 05 03 44 00 000  -13.00   -65.00
2010 04 05 03 45 00 000  -13.00   -64.00
2010 04 05 03 46 00 000  -13.00   -55.00
2010 04 05 03 47 00 000  -14.00   -45.00
2010 04 05 03 48 00 000  -14.00   -37.00
2010 04 05 03 49 00 000  -14.00   -34.00
2010 04 05 03 50 00 000  -14.00   -29.00
2010 04 05 03 51 00 000  -14.00   -24.00
2010 04 05 03 52 00 000  -15.00   -15.00
2010 04 05 03 53 00 000  -16.00   -11.00
2010 04 05 03 54 00 000  -16.00   -12.00
2010 04 05 03 55 00 000  -16.00   -12.00
2010 04 05 03 56 00 000  -16.00   -21.00
2010 04 05 03 57 00 000  -17.00   -20.00
2010 04 05 03 58 00 000  -17.00   -17.00
2010 04 05 03 59 00 000  -17.00   -21.00
2010 04 05 04 00 00 000  -18.00   -29.00
2010 04 05 04 01 00 000  -18.00   -39.00
2010 04 05 04 02 00 000  -18.00   -46.00
2010 04 05 04 03 00 000  -17.00   -44.00
2010 04 05 04 04 00 000  -17.00   -43.00
2010 04 05 04 05 00 000  -17.00   -40.00
2010 04 05 04 06 00 000  -17.00   -40.00
2010 04 05 04 07 00 000  -17.00   -38.00
2010 04 05 04 08 00 000  -17.00   -36.00
2010 04 05 04 09 00 000  -16.00   -34.00
2010 04 05 04 10 00 000  -16.00   -33.00
2010 04 05 04 11 00 000  -16.00   -33.00
2010 04 05 04 12 00 000  -16.00   -37.00
2010 04 05 04 13 00 000  -15.00   -35.00
2010 04 05 04 14 00 000  -15.00   -31.00
2010 04 05 04 15 00 000  -15.00   -27.00
2010 04 05 04 16 00 000  -15.00   -26.00
2010 04 05 04 17 00 000  -15.00   -23.00
2010 04 05 04 18 00 000  -14.00   -27.00
2010 04 05 04 19 00 000  -14.00   -31.00
2010 04 05 04 20 00 000  -13.00   -31.00
2010 04 05 04 21 00 000  -13.00   -36.00
2010 04 05 04 22 00 000  -13.00   -33.00
2010 04 05 04 23 00 000  -13.00   -38.00
2010 04 05 04 24 00 000  -12.00   -54.00
2010 04 05 04 25 00 000  -12.00   -44.00
2010 04 05 04 26 00 000  -13.00   -49.00
2010 04 05 04 27 00 000  -13.00   -85.00
2010 04 05 04 28 00 000  -13.00  -151.00
2010 04 05 04 29 00 000  -12.00  -125.00
2010 04 05 04 30 00 000  -13.00  -134.00
2010 04 05 04 31 00 000  -13.00  -148.00
2010 04 05 04 32 00 000  -14.00  -142.00
2010 04 05 04 33 00 000  -14.00  -135.00
2010 04 05 04 34 00 000  -14.00  -129.00
2010 04 05 04 35 00 000  -14.00  -129.00
2010 04 05 04 36 00 000  -14.00  -123.00
2010 04 05 04 37 00 000  -15.00   -88.00
2010 04 05 04 38 00 000  -15.00   -80.00
2010 04 05 04 39 00 000  -15.00   -67.00
2010 04 05 04 40 00 000  -15.00  -132.00
2010 04 05 04 41 00 000  -15.00   -89.00
2010 04 05 04 42 00 000  -15.00   -91.00
2010 04 05 04 43 00 000  -14.00   -94.00
2010 04 05 04 44 00 000  -15.00   -68.00
2010 04 05 04 45 00 000  -15.00   -60.00
2010 04 05 04 46 00 000  -14.00   -52.00
2010 04 05 04 47 00 000  -12.00   -54.00
2010 04 05 04 48 00 000  -11.00   -72.00
2010 04 05 04 49 00 000  -10.00  -139.00
2010 04 05 04 50 00 000  -10.00  -125.00
2010 04 05 04 51 00 000  -10.00  -101.00
2010 04 05 04 52 00 000  -10.00  -111.00
2010 04 05 04 53 00 000  -10.00  -147.00
2010 04 05 04 54 00 000   -9.00  -181.00
2010 04 05 04 55 00 000   -9.00  -168.00
2010 04 05 04 56 00 000   -9.00  -178.00
2010 04 05 04 57 00 000  -10.00  -167.00
2010 04 05 04 58 00 000  -10.00  -223.00
2010 04 05 04 59 00 000  -10.00  -248.00
2010 04 05 05 00 00 000   -9.00  -231.00
2010 04 05 05 01 00 000  -10.00  -239.00
2010 04 05 05 02 00 000  -11.00  -234.00
2010 04 05 05 03 00 000  -12.00  -228.00
2010 04 05 05 04 00 000  -13.00  -223.00
2010 04 05 05 05 00 000  -13.00  -255.00
2010 04 05 05 06 00 000  -13.00  -293.00
2010 04 05 05 07 00 000  -12.00  -283.00
2010 04 05 05 08 00 000  -12.00  -293.00
2010 04 05 05 09 00 000  -12.00  -278.00
2010 04 05 05 10 00 000  -12.00  -289.00
2010 04 05 05 11 00 000  -12.00  -267.00
2010 04 05 05 12 00 000  -11.00  -289.00
2010 04 05 05 13 00 000  -11.00  -320.00
2010 04 05 05 14 00 000  -11.00  -317.00
2010 04 05 05 15 00 000  -12.00  -326.00
2010 04 05 05 16 00 000  -12.00  -339.00
2010 04 05 05 17 00 000  -12.00  -377.00
2010 04 05 05 18 00 000  -12.00  -381.00
2010 04 05 05 19 00 000  -11.00  -428.00
2010 04 05 05 20 00 000  -11.00  -416.00
2010 04 05 05 21 00 000  -11.00  -425.00
2010 04 05 05 22 00 000  -11.00  -432.00
2010 04 05 05 23 00 000  -12.00  -420.00
2010 04 05 05 24 00 000  -12.00  -415.00
2010 04 05 05 25 00 000  -12.00  -427.00
2010 04 05 05 26 00 000  -12.00  -395.00
2010 04 05 05 27 00 000  -12.00  -418.00
2010 04 05 05 28 00 000  -13.00  -434.00
2010 04 05 05 29 00 000  -13.00  -473.00
2010 04 05 05 30 00 000  -14.00  -469.00
2010 04 05 05 31 00 000  -14.00  -483.00
2010 04 05 05 32 00 000  -14.00  -496.00
2010 04 05 05 33 00 000  -15.00  -509.00
2010 04 05 05 34 00 000  -15.00  -519.00
2010 04 05 05 35 00 000  -15.00  -509.00
2010 04 05 05 36 00 000  -15.00  -503.00
2010 04 05 05 37 00 000  -15.00  -524.00
2010 04 05 05 38 00 000  -15.00  -527.00
2010 04 05 05 39 00 000  -16.00  -540.00
2010 04 05 05 40 00 000  -16.00  -549.00
2010 04 05 05 41 00 000  -17.00  -556.00
2010 04 05 05 42 00 000  -17.00  -561.00
2010 04 05 05 43 00 000  -17.00  -543.00
2010 04 05 05 44 00 000  -17.00  -508.00
2010 04 05 05 45 00 000  -17.00  -456.00
2010 04 05 05 46 00 000  -17.00  -432.00
2010 04 05 05 47 00 000  -17.00  -432.00
2010 04 05 05 48 00 000  -17.00  -441.00
2010 04 05 05 49 00 000  -17.00  -429.00
2010 04 05 05 50 00 000  -17.00  -446.00
2010 04 05 05 51 00 000  -17.00  -420.00
2010 04 05 05 52 00 000  -18.00  -427.00
2010 04 05 05 53 00 000  -17.00  -353.00
2010 04 05 05 54 00 000  -18.00  -342.00
2010 04 05 05 55 00 000  -17.00  -335.00
2010 04 05 05 56 00 000  -18.00  -339.00
2010 04 05 05 57 00 000  -17.00  -353.00
2010 04 05 05 58 00 000  -17.00  -394.00
2010 04 05 05 59 00 000  -18.00  -384.00
2010 04 05 06 00 00 000  -17.00  -374.00
2010 04 05 06 01 00 000  -17.00  -352.00
2010 04 05 06 02 00 000  -17.00  -343.00
2010 04 05 06 03 00 000  -18.00  -347.00
2010 04 05 06 04 00 000  -18.00  -333.00
2010 04 05 06 05 00 000  -18.00  -314.00
2010 04 05 06 06 00 000  -18.00  -344.00
2010 04 05 06 07 00 000  -19.00  -412.00
2010 04 05 06 08 00 000  -19.00  -465.00
2010 04 05 06 09 00 000  -19.00  -485.00
2010 04 05 06 10 00 000  -19.00  -476.00
2010 04 05 06 11 00 000  -19.00  -489.00
2010 04 05 06 12 00 000  -19.00  -492.00
2010 04 05 06 13 00 000  -19.00  -494.00
2010 04 05 06 14 00 000  -19.00  -495.00
2010 04 05 06 15 00 000  -19.00  -496.00
2010 04 05 06 16 00 000  -20.00  -468.00
2010 04 05 06 17 00 000  -20.00  -434.00
2010 04 05 06 18 00 000  -20.00  -400.00
2010 04 05 06 19 00 000  -21.00  -376.00
2010 04 05 06 20 00 000  -21.00  -363.00
2010 04 05 06 21 00 000  -21.00  -343.00
2010 04 05 06 22 00 000  -21.00  -327.00
2010 04 05 06 23 00 000  -21.00  -298.00
2010 04 05 06 24 00 000  -21.00  -294.00
2010 04 05 06 25 00 000  -21.00  -298.00
2010 04 05 06 26 00 000  -21.00  -291.00
2010 04 05 06 27 00 000  -21.00  -289.00
2010 04 05 06 28 00 000  -20.00  -284.00
2010 04 05 06 29 00 000  -20.00  -293.00
2010 04 05 06 30 00 000  -19.00  -291.00
2010 04 05 06 31 00 000  -19.00  -304.00
2010 04 05 06 32 00 000  -19.00  -321.00
2010 04 05 06 33 00 000  -19.00  -326.00
2010 04 05 06 34 00 000  -19.00  -324.00
2010 04 05 06 35 00 000  -19.00  -331.00
2010 04 05 06 36 00 000  -19.00  -338.00
2010 04 05 06 37 00 000  -19.00  -346.00
2010 04 05 06 38 00 000  -20.00  -352.00
2010 04 05 06 39 00 000  -20.00  -349.00
2010 04 05 06 40 00 000  -19.00  -351.00
2010 04 05 06 41 00 000  -19.00  -325.00
2010 04 05 06 42 00 000  -18.00  -304.00
2010 04 05 06 43 00 000  -18.00  -308.00
2010 04 05 06 44 00 000  -18.00  -318.00
2010 04 05 06 45 00 000  -18.00  -317.00
2010 04 05 06 46 00 000  -17.00  -329.00
2010 04 05 06 47 00 000  -17.00  -333.00
2010 04 05 06 48 00 000  -16.00  -331.00
2010 04 05 06 49 00 000  -16.00  -310.00
2010 04 05 06 50 00 000  -16.00  -308.00
2010 04 05 06 51 00 000  -15.00  -299.00
2010 04 05 06 52 00 000  -15.00  -287.00
2010 04 05 06 53 00 000  -15.00  -270.00
2010 04 05 06 54 00 000  -14.00  -254.00
2010 04 05 06 55 00 000  -14.00  -239.00
2010 04 05 06 56 00 000  -14.00  -225.00
2010 04 05 06 57 00 000  -13.00  -222.00
2010 04 05 06 58 00 000  -13.00  -234.00
2010 04 05 06 59 00 000  -13.00  -234.00
2010 04 05 07 00 00 000  -13.00  -232.00
2010 04 05 07 01 00 000  -13.00  -224.00
2010 04 05 07 02 00 000  -14.00  -218.00
2010 04 05 07 03 00 000  -14.00  -216.00
2010 04 05 07 04 00 000  -14.00  -213.00
2010 04 05 07 05 00 000  -14.00  -212.00
2010 04 05 07 06 00 000  -15.00  -212.00
2010 04 05 07 07 00 000  -15.00  -219.00
2010 04 05 07 08 00 000  -16.00  -223.00
2010 04 05 07 09 00 000  -17.00  -216.00
2010 04 05 07 10 00 000  -17.00  -201.00
2010 04 05 07 11 00 000  -18.00  -198.00
2010 04 05 07 12 00 000  -18.00  -190.00
2010 04 05 07 13 00 000  -18.00  -184.00
2010 04 05 07 14 00 000  -18.00  -185.00
2010 04 05 07 15 00 000  -18.00  -182.00
2010 04 05 07 16 00 000  -18.00  -167.00
2010 04 05 07 17 00 000  -18.00  -154.00
2010 04 05 07 18 00 000  -18.00  -140.00
2010 04 05 07 19 00 000  -17.00  -128.00
2010 04 05 07 20 00 000  -17.00  -118.00
2010 04 05 07 21 00 000  -17.00  -113.00
2010 04 05 07 22 00 000  -17.00  -105.00
2010 04 05 07 23 00 000  -17.00   -95.00
2010 04 05 07 24 00 000  -17.00   -95.00
2010 04 05 07 25 00 000  -17.00   -96.00
2010 04 05 07 26 00 000  -18.00   -96.00
2010 04 05 07 27 00 000  -18.00   -91.00
2010 04 05 07 28 00 000  -17.00   -85.00
2010 04 05 07 29 00 000  -17.00   -79.00
2010 04 05 07 30 00 000  -16.00   -69.00
2010 04 05 07 31 00 000  -16.00   -65.00
2010 04 05 07 32 00 000  -17.00   -63.00
2010 04 05 07 33 00 000  -17.00   -62.00
2010 04 05 07 34 00 000  -18.00   -60.00
2010 04 05 07 35 00 000  -18.00   -56.00
2010 04 05 07 36 00 000  -18.00   -57.00
2010 04 05 07 37 00 000  -18.00   -74.00
2010 04 05 07 38 00 000  -18.00   -40.00
2010 04 05 07 39 00 000  -17.00   -14.00
2010 04 05 07 40 00 000  -16.00   -12.00
2010 04 05 07 41 00 000  -16.00   -10.00
2010 04 05 07 42 00 000  -16.00    -3.00
2010 04 05 07 43 00 000  -16.00     0.00
2010 04 05 07 44 00 000  -16.00   -19.00
2010 04 05 07 45 00 000  -16.00   -37.00
2010 04 05 07 46 00 000  -16.00   -34.00
2010 04 05 07 47 00 000  -15.00   -18.00
2010 04 05 07 48 00 000  -16.00   -15.00
2010 04 05 07 49 00 000  -15.00    -3.00
2010 04 05 07 50 00 000  -15.00    -8.00
2010 04 05 07 51 00 000  -15.00   -14.00
2010 04 05 07 52 00 000  -15.00   -18.00
2010 04 05 07 53 00 000  -15.00   -22.00
2010 04 05 07 54 00 000  -14.00   -28.00
2010 04 05 07 55 00 000  -14.00   -33.00
2010 04 05 07 56 00 000  -13.00   -38.00
2010 04 05 07 57 00 000  -12.00   -40.00
2010 04 05 07 58 00 000  -12.00   -39.00
2010 04 05 07 59 00 000  -11.00   -37.00
2010 04 05 08 00 00 000  -12.00   -35.00
2010 04 05 08 01 00 000  -12.00   -29.00
2010 04 05 08 02 00 000  -12.00   -30.00
2010 04 05 08 03 00 000  -12.00   -34.00
2010 04 05 08 04 00 000  -11.00   -41.00
2010 04 05 08 05 00 000  -11.00   -42.00
2010 04 05 08 06 00 000  -11.00   -53.00
2010 04 05 08 07 00 000  -11.00   -60.00
2010 04 05 08 08 00 000  -11.00   -62.00
2010 04 05 08 09 00 000  -11.00   -54.00
2010 04 05 08 10 00 000  -11.00   -41.00
2010 04 05 08 11 00 000  -11.00   -43.00
2010 04 05 08 12 00 000  -10.00   -53.00
2010 04 05 08 13 00 000  -10.00   -65.00
2010 04 05 08 14 00 000  -10.00   -72.00
2010 04 05 08 15 00 000   -9.00   -79.00
2010 04 05 08 16 00 000   -8.00   -82.00
2010 04 05 08 17 00 000   -8.00   -83.00
2010 04 05 08 18 00 000   -8.00   -82.00
2010 04 05 08 19 00 000   -8.00   -85.00
2010 04 05 08 20 00 000   -8.00   -93.00
2010 04 05 08 21 00 000   -8.00   -95.00
2010 04 05 08 22 00 000   -8.00   -95.00
2010 04 05 08 23 00 000   -8.00   -89.00
2010 04 05 08 24 00 000   -8.00   -88.00
2010 04 05 08 25 00 000   -9.00   -98.00
2010 04 05 08 26 00 000   -9.00  -102.00
2010 04 05 08 27 00 000    1.00   -84.00
2010 04 05 08 28 00 000   21.00  -180.00
2010 04 05 08 29 00 000   28.00  -260.00
2010 04 05 08 30 00 000   26.00  -376.00
2010 04 05 08 31 00 000   24.00  -425.00
2010 04 05 08 32 00 000   21.00  -399.00
2010 04 05 08 33 00 000   21.00  -368.00
2010 04 05 08 34 00 000   23.00  -479.00
2010 04 05 08 35 00 000   25.00  -476.00
2010 04 05 08 36 00 000   24.00  -498.00
2010 04 05 08 37 00 000   22.00  -625.00
2010 04 05 08 38 00 000   19.00  -688.00
2010 04 05 08 39 00 000   17.00  -718.00
2010 04 05 08 40 00 000   13.00  -732.00
2010 04 05 08 41 00 000   13.00  -761.00
2010 04 05 08 42 00 000   15.00  -743.00
2010 04 05 08 43 00 000   14.00  -796.00
2010 04 05 08 44 00 000   11.00  -775.00
2010 04 05 08 45 00 000    8.00  -810.00
2010 04 05 08 46 00 000    7.00  -704.00
2010 04 05 08 47 00 000    8.00  -735.00
2010 04 05 08 48 00 000    8.00  -723.00
2010 04 05 08 49 00 000    7.00  -640.00
2010 04 05 08 50 00 000    6.00  -711.00
2010 04 05 08 51 00 000    5.00  -390.00
2010 04 05 08 52 00 000    3.00  -904.00
2010 04 05 08 53 00 000    3.00  -792.00
2010 04 05 08 54 00 000    2.00  -616.00
2010 04 05 08 55 00 000    0.00  -563.00
2010 04 05 08 56 00 000   -1.00  -583.00
2010 04 05 08 57 00 000   -3.00  -579.00
2010 04 05 08 58 00 000   -4.00  -613.00
2010 04 05 08 59 00 000   -4.00  -874.00
2010 04 05 09 00 00 000   -6.00  -873.00
2010 04 05 09 01 00 000   -8.00  -798.00
2010 04 05 09 02 00 000  -10.00  -706.00
2010 04 05 09 03 00 000  -12.00 -1179.00
2010 04 05 09 04 00 000  -12.00 -1518.00
2010 04 05 09 05 00 000  -11.00 -1281.00
2010 04 05 09 06 00 000  -11.00 -1235.00
2010 04 05 09 07 00 000  -11.00 -1277.00
2010 04 05 09 08 00 000  -12.00 -1116.00
2010 04 05 09 09 00 000  -12.00 -1043.00
2010 04 05 09 10 00 000  -13.00 -1056.00
2010 04 05 09 11 00 000  -14.00  -975.00
2010 04 05 09 12 00 000  -13.00  -985.00
2010 04 05 09 13 00 000  -13.00 -1004.00
2010 04 05 09 14 00 000  -14.00 -1157.00
2010 04 05 09 15 00 000  -15.00 -1239.00
2010 04 05 09 16 00 000  -16.00 -1336.00
2010 04 05 09 17 00 000  -15.00 -1396.00
2010 04 05 09 18 00 000  -15.00 -1547.00
2010 04 05 09 19 00 000  -15.00 -1843.00
2010 04 05 09 20 00 000  -15.00 -1921.00
2010 04 05 09 21 00 000  -15.00 -1737.00
2010 04 05 09 22 00 000  -14.00 -1561.00
2010 04 05 09 23 00 000  -14.00 -1538.00
2010 04 05 09 24 00 000  -14.00 -1447.00
2010 04 05 09 25 00 000  -13.00 -1371.00
2010 04 05 09 26 00 000  -14.00 -1682.00
2010 04 05 09 27 00 000  -15.00 -1853.00
2010 04 05 09 28 00 000  -16.00 -2028.00
2010 04 05 09 29 00 000  -17.00 -2152.00
2010 04 05 09 30 00 000  -18.00 -2103.00
2010 04 05 09 31 00 000  -17.00 -2060.00
2010 04 05 09 32 00 000  -18.00 -2080.00
2010 04 05 09 33 00 000  -19.00 -2014.00
2010 04 05 09 34 00 000  -20.00 -1906.00
2010 04 05 09 35 00 000  -20.00 -1700.00
2010 04 05 09 36 00 000  -20.00 -1574.00
2010 04 05 09 37 00 000  -21.00 -1463.00
2010 04 05 09 38 00 000  -19.00 -1380.00
2010 04 05 09 39 00 000  -21.00 -1354.00
2010 04 05 09 40 00 000  -23.00 -1170.00
2010 04 05 09 41 00 000  -23.00  -967.00
2010 04 05 09 42 00 000  -23.00  -872.00
2010 04 05 09 43 00 000  -23.00  -889.00
2010 04 05 09 44 00 000  -25.00  -805.00
2010 04 05 09 45 00 000  -26.00  -735.00
2010 04 05 09 46 00 000  -27.00  -664.00
2010 04 05 09 47 00 000  -28.00  -603.00
2010 04 05 09 48 00 000  -30.00  -578.00
2010 04 05 09 49 00 000  -30.00  -564.00
2010 04 05 09 50 00 000  -29.00  -530.00
2010 04 05 09 51 00 000  -28.00  -520.00
2010 04 05 09 52 00 000  -29.00  -556.00
2010 04 05 09 53 00 000  -29.00  -648.00
2010 04 05 09 54 00 000  -24.00  -692.00
2010 04 05 09 55 00 000  -22.00  -651.00
2010 04 05 09 56 00 000  -24.00  -606.00
2010 04 05 09 57 00 000  -25.00  -588.00
2010 04 05 09 58 00 000  -26.00  -574.00
2010 04 05 09 59 00 000  -24.00  -544.00
2010 04 05 10 00 00 000  -23.00  -591.00
2010 04 05 10 01 00 000  -23.00  -656.00
2010 04 05 10 02 00 000  -23.00  -653.00
2010 04 05 10 03 00 000  -21.00  -652.00
2010 04 05 10 04 00 000  -22.00  -720.00
2010 04 05 10 05 00 000  -24.00  -732.00
2010 04 05 10 06 00 000  -25.00  -696.00
2010 04 05 10 07 00 000  -25.00  -695.00
2010 04 05 10 08 00 000  -25.00  -710.00
2010 04 05 10 09 00 000  -26.00  -711.00
2010 04 05 10 10 00 000  -28.00  -692.00
2010 04 05 10 11 00 000  -29.00  -677.00
2010 04 05 10 12 00 000  -29.00  -727.00
2010 04 05 10 13 00 000  -32.00  -761.00
2010 04 05 10 14 00 000  -32.00  -835.00
2010 04 05 10 15 00 000  -33.00  -922.00
2010 04 05 10 16 00 000  -34.00  -953.00
2010 04 05 10 17 00 000  -34.00  -919.00
2010 04 05 10 18 00 000  -35.00  -862.00
2010 04 05 10 19 00 000  -36.00  -860.00
2010 04 05 10 20 00 000  -36.00  -929.00
2010 04 05 10 21 00 000  -37.00  -953.00
2010 04 05 10 22 00 000  -38.00  -883.00
2010 04 05 10 23 00 000  -40.00  -792.00
2010 04 05 10 24 00 000  -41.00  -723.00
2010 04 05 10 25 00 000  -41.00  -667.00
2010 04 05 10 26 00 000  -41.00  -673.00
2010 04 05 10 27 00 000  -43.00  -697.00
2010 04 05 10 28 00 000  -44.00  -694.00
2010 04 05 10 29 00 000  -45.00  -650.00
2010 04 05 10 30 00 000  -45.00  -633.00
2010 04 05 10 31 00 000  -45.00  -631.00
2010 04 05 10 32 00 000  -45.00  -644.00
2010 04 05 10 33 00 000  -46.00  -661.00
2010 04 05 10 34 00 000  -47.00  -678.00
2010 04 05 10 35 00 000  -47.00  -683.00
2010 04 05 10 36 00 000  -47.00  -668.00
2010 04 05 10 37 00 000  -46.00  -690.00
2010 04 05 10 38 00 000  -46.00  -697.00
2010 04 05 10 39 00 000  -47.00  -683.00
2010 04 05 10 40 00 000  -47.00  -653.00
2010 04 05 10 41 00 000  -48.00  -660.00
2010 04 05 10 42 00 000  -49.00  -655.00
2010 04 05 10 43 00 000  -48.00  -627.00
2010 04 05 10 44 00 000  -48.00  -595.00
2010 04 05 10 45 00 000  -47.00  -575.00
2010 04 05 10 46 00 000  -49.00  -544.00
2010 04 05 10 47 00 000  -49.00  -487.00
2010 04 05 10 48 00 000  -48.00  -431.00
2010 04 05 10 49 00 000  -47.00  -382.00
2010 04 05 10 50 00 000  -48.00  -350.00
2010 04 05 10 51 00 000  -49.00  -325.00
2010 04 05 10 52 00 000  -49.00  -294.00
2010 04 05 10 53 00 000  -48.00  -271.00
2010 04 05 10 54 00 000  -48.00  -260.00
2010 04 05 10 55 00 000  -47.00  -286.00
2010 04 05 10 56 00 000  -46.00  -296.00
2010 04 05 10 57 00 000  -44.00  -310.00
2010 04 05 10 58 00 000  -43.00  -314.00
2010 04 05 10 59 00 000  -42.00  -311.00
2010 04 05 11 00 00 000  -42.00  -370.00
2010 04 05 11 01 00 000  -42.00  -398.00
2010 04 05 11 02 00 000  -42.00  -312.00
2010 04 05 11 03 00 000  -43.00  -298.00
2010 04 05 11 04 00 000  -44.00  -322.00
2010 04 05 11 05 00 000  -43.00  -262.00
2010 04 05 11 06 00 000  -43.00  -245.00
2010 04 05 11 07 00 000  -43.00  -240.00
2010 04 05 11 08 00 000  -43.00  -260.00
2010 04 05 11 09 00 000  -43.00  -250.00
2010 04 05 11 10 00 000  -43.00  -250.00
2010 04 05 11 11 00 000  -42.00  -223.00
2010 04 05 11 12 00 000  -42.00  -204.00
2010 04 05 11 13 00 000  -43.00  -192.00
2010 04 05 11 14 00 000  -43.00  -185.00
2010 04 05 11 15 00 000  -42.00  -168.00
2010 04 05 11 16 00 000  -42.00  -169.00
2010 04 05 11 17 00 000  -42.00  -176.00
2010 04 05 11 18 00 000  -42.00  -162.00
2010 04 05 11 19 00 000  -42.00  -158.00
2010 04 05 11 20 00 000  -41.00  -148.00
2010 04 05 11 21 00 000  -42.00  -151.00
2010 04 05 11 22 00 000  -42.00  -135.00
2010 04 05 11 23 00 000  -41.00  -114.00
2010 04 05 11 24 00 000  -39.00  -103.00
2010 04 05 11 25 00 000  -40.00   -94.00
2010 04 05 11 26 00 000  -43.00   -90.00
2010 04 05 11 27 00 000  -43.00   -66.00
2010 04 05 11 28 00 000  -43.00   -66.00
2010 04 05 11 29 00 000  -43.00   -82.00
2010 04 05 11 30 00 000  -42.00   -90.00
2010 04 05 11 31 00 000  -41.00  -101.00
2010 04 05 11 32 00 000  -40.00  -121.00
2010 04 05 11 33 00 000  -42.00   -95.00
2010 04 05 11 34 00 000  -45.00   -62.00
2010 04 05 11 35 00 000  -46.00   -59.00
2010 04 05 11 36 00 000  -36.00   -73.00
2010 04 05 11 37 00 000  -35.00   -45.00
2010 04 05 11 38 00 000  -36.00   -45.00
2010 04 05 11 39 00 000  -36.00   -26.00
2010 04 05 11 40 00 000  -35.00   -19.00
2010 04 05 11 41 00 000  -34.00   -38.00
2010 04 05 11 42 00 000  -34.00   -40.00
2010 04 05 11 43 00 000  -34.00   -38.00
2010 04 05 11 44 00 000  -34.00   -45.00
2010 04 05 11 45 00 000  -34.00   -35.00
2010 04 05 11 46 00 000  -34.00   -29.00
2010 04 05 11 47 00 000  -33.00   -44.00
2010 04 05 11 48 00 000  -30.00   -21.00
2010 04 05 11 49 00 000  -30.00   -58.00
2010 04 05 11 50 00 000  -28.00   -79.00
2010 04 05 11 51 00 000  -24.00  -120.00
2010 04 05 11 52 00 000  -23.00   -40.00
2010 04 05 11 53 00 000  -24.00   -70.00
2010 04 05 11 54 00 000  -26.00   -35.00
2010 04 05 11 55 00 000  -23.00   -56.00
2010 04 05 11 56 00 000  -16.00   -52.00
2010 04 05 11 57 00 000  -12.00   -83.00
2010 04 05 11 58 00 000  -11.00   -49.00
2010 04 05 11 59 00 000  -12.00  -152.00
2010 04 05 12 00 00 000  -12.00    -1.00
2010 04 05 12 01 00 000  -12.00     1.00
2010 04 05 12 02 00 000  -13.00   -18.00
2010 04 05 12 03 00 000  -14.00   -24.00
2010 04 05 12 04 00 000  -14.00    -7.00
2010 04 05 12 05 00 000  -13.00    -4.00
2010 04 05 12 06 00 000  -11.00   -22.00
2010 04 05 12 07 00 000  -11.00   -28.00
2010 04 05 12 08 00 000  -12.00   -26.00
2010 04 05 12 09 00 000  -11.00   -26.00
2010 04 05 12 10 00 000  -10.00   -55.00
2010 04 05 12 11 00 000  -11.00   -67.00
2010 04 05 12 12 00 000  -12.00   -34.00
2010 04 05 12 13 00 000  -12.00   -58.00
2010 04 05 12 14 00 000  -12.00   -56.00
2010 04 05 12 15 00 000  -12.00   -97.00
2010 04 05 12 16 00 000  -13.00  -117.00
2010 04 05 12 17 00 000  -14.00  -141.00
2010 04 05 12 18 00 000  -13.00  -123.00
2010 04 05 12 19 00 000  -11.00  -151.00
2010 04 05 12 20 00 000   -9.00  -147.00
2010 04 05 12 21 00 000   -8.00  -155.00
2010 04 05 12 22 00 000   -8.00  -140.00
2010 04 05 12 23 00 000   -9.00  -126.00
2010 04 05 12 24 00 000   -8.00  -115.00
2010 04 05 12 25 00 000   -6.00  -101.00
2010 04 05 12 26 00 000   -6.00   -82.00
2010 04 05 12 27 00 000   -6.00   -63.00
2010 04 05 12 28 00 000   -7.00   -65.00
2010 04 05 12 29 00 000  -12.00   -76.00
2010 04 05 12 30 00 000  -18.00   -62.00
2010 04 05 12 31 00 000  -19.00   -51.00
2010 04 05 12 32 00 000  -16.00   -50.00
2010 04 05 12 33 00 000  -16.00   -44.00
2010 04 05 12 34 00 000  -19.00   -46.00
2010 04 05 12 35 00 000  -20.00   -64.00
2010 04 05 12 36 00 000  -13.00   -43.00
2010 04 05 12 37 00 000  -16.00   -75.00
2010 04 05 12 38 00 000  -22.00   -98.00
2010 04 05 12 39 00 000  -22.00  -121.00
2010 04 05 12 40 00 000  -20.00  -143.00
2010 04 05 12 41 00 000  -21.00   -94.00
2010 04 05 12 42 00 000  -27.00   -54.00
2010 04 05 12 43 00 000  -29.00   -69.00
2010 04 05 12 44 00 000  -27.00   -87.00
2010 04 05 12 45 00 000  -25.00   -97.00
2010 04 05 12 46 00 000  -25.00  -125.00
2010 04 05 12 47 00 000  -22.00  -184.00
2010 04 05 12 48 00 000  -18.00  -229.00
2010 04 05 12 49 00 000  -17.00  -180.00
2010 04 05 12 50 00 000  -20.00  -216.00
2010 04 05 12 51 00 000  -25.00  -232.00
2010 04 05 12 52 00 000  -26.00  -246.00
2010 04 05 12 53 00 000  -24.00  -299.00
2010 04 05 12 54 00 000  -21.00  -279.00
2010 04 05 12 55 00 000  -21.00  -178.00
2010 04 05 12 56 00 000  -23.00  -185.00
2010 04 05 12 57 00 000  -25.00  -182.00
2010 04 05 12 58 00 000  -25.00  -177.00
2010 04 05 12 59 00 000  -22.00  -270.00
2010 04 05 13 00 00 000  -21.00  -259.00
2010 04 05 13 01 00 000  -21.00  -191.00
2010 04 05 13 02 00 000  -19.00  -185.00
2010 04 05 13 03 00 000  -19.00  -191.00
2010 04 05 13 04 00 000  -21.00  -204.00
2010 04 05 13 05 00 000  -23.00  -214.00
2010 04 05 13 06 00 000  -27.00  -212.00
2010 04 05 13 07 00 000  -23.00  -202.00
2010 04 05 13 08 00 000  -15.00  -182.00
2010 04 05 13 09 00 000  -18.00  -201.00
2010 04 05 13 10 00 000  -21.00  -238.00
2010 04 05 13 11 00 000  -18.00  -344.00
2010 04 05 13 12 00 000  -14.00  -442.00
2010 04 05 13 13 00 000  -17.00  -455.00
2010 04 05 13 14 00 000  -24.00  -591.00
2010 04 05 13 15 00 000  -26.00  -536.00
2010 04 05 13 16 00 000  -24.00  -582.00
2010 04 05 13 17 00 000  -28.00  -685.00
2010 04 05 13 18 00 000  -29.00  -677.00
2010 04 05 13 19 00 000  -31.00  -653.00
2010 04 05 13 20 00 000  -26.00  -713.00
2010 04 05 13 21 00 000  -27.00  -770.00
2010 04 05 13 22 00 000  -34.00  -922.00
2010 04 05 13 23 00 000  -35.00  -939.00
2010 04 05 13 24 00 000  -34.00  -839.00
2010 04 05 13 25 00 000  -34.00  -805.00
2010 04 05 13 26 00 000  -35.00  -934.00
2010 04 05 13 27 00 000  -35.00  -950.00
2010 04 05 13 28 00 000  -32.00  -956.00
2010 04 05 13 29 00 000  -30.00  -951.00
2010 04 05 13 30 00 000  -30.00  -975.00
2010 04 05 13 31 00 000  -30.00  -871.00
2010 04 05 13 32 00 000  -30.00  -804.00
2010 04 05 13 33 00 000  -28.00  -701.00
2010 04 05 13 34 00 000  -29.00  -756.00
2010 04 05 13 35 00 000  -29.00  -786.00
2010 04 05 13 36 00 000  -30.00  -768.00
2010 04 05 13 37 00 000  -33.00  -709.00
2010 04 05 13 38 00 000  -38.00  -735.00
2010 04 05 13 39 00 000  -35.00  -631.00
2010 04 05 13 40 00 000  -33.00  -564.00
2010 04 05 13 41 00 000  -32.00  -688.00
2010 04 05 13 42 00 000  -34.00  -711.00
2010 04 05 13 43 00 000  -31.00  -879.00
2010 04 05 13 44 00 000  -29.00  -975.00
2010 04 05 13 45 00 000  -32.00  -944.00
2010 04 05 13 46 00 000  -32.00  -901.00
2010 04 05 13 47 00 000  -30.00  -989.00
2010 04 05 13 48 00 000  -30.00  -996.00
2010 04 05 13 49 00 000  -36.00 -1040.00
2010 04 05 13 50 00 000  -39.00 -1023.00
2010 04 05 13 51 00 000  -40.00  -860.00
2010 04 05 13 52 00 000  -39.00  -817.00
2010 04 05 13 53 00 000  -37.00  -742.00
2010 04 05 13 54 00 000  -41.00  -764.00
2010 04 05 13 55 00 000  -37.00  -748.00
2010 04 05 13 56 00 000  -36.00  -583.00
2010 04 05 13 57 00 000  -35.00  -551.00
2010 04 05 13 58 00 000  -35.00  -524.00
2010 04 05 13 59 00 000  -36.00  -597.00
2010 04 05 14 00 00 000  -40.00  -587.00
2010 04 05 14 01 00 000  -41.00  -662.00
2010 04 05 14 02 00 000  -42.00  -685.00
2010 04 05 14 03 00 000  -41.00  -641.00
2010 04 05 14 04 00 000  -40.00  -597.00
2010 04 05 14 05 00 000  -40.00  -586.00
2010 04 05 14 06 00 000  -42.00  -492.00
2010 04 05 14 07 00 000  -43.00  -544.00
2010 04 05 14 08 00 000  -42.00  -555.00
2010 04 05 14 09 00 000  -41.00  -517.00
2010 04 05 14 10 00 000  -40.00  -534.00
2010 04 05 14 11 00 000  -37.00  -482.00
2010 04 05 14 12 00 000  -37.00  -505.00
2010 04 05 14 13 00 000  -33.00  -566.00
2010 04 05 14 14 00 000  -30.00  -634.00
2010 04 05 14 15 00 000  -30.00  -633.00
2010 04 05 14 16 00 000  -33.00  -533.00
2010 04 05 14 17 00 000  -37.00  -588.00
2010 04 05 14 18 00 000  -38.00  -617.00
2010 04 05 14 19 00 000  -38.00  -695.00
2010 04 05 14 20 00 000  -37.00  -756.00
2010 04 05 14 21 00 000  -37.00  -739.00
2010 04 05 14 22 00 000  -36.00  -653.00
2010 04 05 14 23 00 000  -36.00  -681.00
2010 04 05 14 24 00 000  -38.00  -797.00
2010 04 05 14 25 00 000  -39.00  -856.00
2010 04 05 14 26 00 000  -39.00  -799.00
2010 04 05 14 27 00 000  -39.00  -726.00
2010 04 05 14 28 00 000  -38.00  -651.00
2010 04 05 14 29 00 000  -34.00  -714.00
2010 04 05 14 30 00 000  -33.00  -774.00
2010 04 05 14 31 00 000  -34.00  -753.00
2010 04 05 14 32 00 000  -36.00  -741.00
2010 04 05 14 33 00 000  -36.00  -804.00
2010 04 05 14 34 00 000  -38.00  -865.00
2010 04 05 14 35 00 000  -38.00  -922.00
2010 04 05 14 36 00 000  -39.00  -911.00
2010 04 05 14 37 00 000  -39.00  -833.00
2010 04 05 14 38 00 000  -40.00  -727.00
2010 04 05 14 39 00 000  -40.00  -686.00
2010 04 05 14 40 00 000  -38.00  -650.00
2010 04 05 14 41 00 000  -34.00  -567.00
2010 04 05 14 42 00 000  -36.00  -572.00
2010 04 05 14 43 00 000  -36.00  -632.00
2010 04 05 14 44 00 000  -36.00  -635.00
2010 04 05 14 45 00 000  -36.00  -619.00
2010 04 05 14 46 00 000  -39.00  -671.00
2010 04 05 14 47 00 000  -42.00  -722.00
2010 04 05 14 48 00 000  -45.00  -784.00
2010 04 05 14 49 00 000  -45.00  -797.00
2010 04 05 14 50 00 000  -47.00  -755.00
2010 04 05 14 51 00 000  -48.00  -728.00
2010 04 05 14 52 00 000  -47.00  -722.00
2010 04 05 14 53 00 000  -47.00  -673.00
2010 04 05 14 54 00 000  -48.00  -625.00
2010 04 05 14 55 00 000  -48.00  -575.00
2010 04 05 14 56 00 000  -49.00  -549.00
2010 04 05 14 57 00 000  -50.00  -514.00
2010 04 05 14 58 00 000  -51.00  -484.00
2010 04 05 14 59 00 000  -52.00  -465.00
2010 04 05 15 00 00 000  -52.00  -449.00
2010 04 05 15 01 00 000  -52.00  -484.00
2010 04 05 15 02 00 000  -52.00  -548.00
2010 04 05 15 03 00 000  -52.00  -587.00
2010 04 05 15 04 00 000  -51.00  -565.00
2010 04 05 15 05 00 000  -50.00  -538.00
2010 04 05 15 06 00 000  -51.00  -513.00
2010 04 05 15 07 00 000  -51.00  -505.00
2010 04 05 15 08 00 000  -51.00  -485.00
2010 04 05 15 09 00 000  -50.00  -470.00
2010 04 05 15 10 00 000  -50.00  -472.00
2010 04 05 15 11 00 000  -49.00  -474.00
2010 04 05 15 12 00 000  -49.00  -488.00
2010 04 05 15 13 00 000  -49.00  -460.00
2010 04 05 15 14 00 000  -50.00  -461.00
2010 04 05 15 15 00 000  -49.00  -454.00
2010 04 05 15 16 00 000  -49.00  -419.00
2010 04 05 15 17 00 000  -49.00  -376.00
2010 04 05 15 18 00 000  -48.00  -334.00
2010 04 05 15 19 00 000  -49.00  -331.00
2010 04 05 15 20 00 000  -49.00  -334.00
2010 04 05 15 21 00 000  -48.00  -350.00
2010 04 05 15 22 00 000  -46.00  -333.00
2010 04 05 15 23 00 000  -44.00  -320.00
2010 04 05 15 24 00 000  -44.00  -386.00
2010 04 05 15 25 00 000  -44.00  -405.00
2010 04 05 15 26 00 000  -45.00  -441.00
2010 04 05 15 27 00 000  -46.00  -411.00
2010 04 05 15 28 00 000  -45.00  -464.00
2010 04 05 15 29 00 000  -45.00  -427.00
2010 04 05 15 30 00 000  -45.00  -421.00
2010 04 05 15 31 00 000  -44.00  -386.00
2010 04 05 15 32 00 000  -43.00  -424.00
2010 04 05 15 33 00 000  -42.00  -418.00
2010 04 05 15 34 00 000  -41.00  -460.00
2010 04 05 15 35 00 000  -42.00  -523.00
2010 04 05 15 36 00 000  -42.00  -527.00
2010 04 05 15 37 00 000  -41.00  -561.00
2010 04 05 15 38 00 000  -41.00  -593.00
2010 04 05 15 39 00 000  -41.00  -591.00
2010 04 05 15 40 00 000  -41.00  -595.00
2010 04 05 15 41 00 000  -42.00  -608.00
2010 04 05 15 42 00 000  -42.00  -644.00
2010 04 05 15 43 00 000  -41.00  -593.00
2010 04 05 15 44 00 000  -41.00  -601.00
2010 04 05 15 45 00 000  -41.00  -633.00
2010 04 05 15 46 00 000  -40.00  -704.00
2010 04 05 15 47 00 000  -40.00  -744.00
2010 04 05 15 48 00 000  -40.00  -779.00
2010 04 05 15 49 00 000  -40.00  -842.00
2010 04 05 15 50 00 000  -40.00  -925.00
2010 04 05 15 51 00 000  -39.00  -947.00
2010 04 05 15 52 00 000  -40.00  -915.00
2010 04 05 15 53 00 000  -39.00  -896.00
2010 04 05 15 54 00 000  -39.00  -890.00
2010 04 05 15 55 00 000  -39.00  -897.00
2010 04 05 15 56 00 000  -39.00  -951.00
2010 04 05 15 57 00 000  -38.00  -954.00
2010 04 05 15 58 00 000  -38.00  -879.00
2010 04 05 15 59 00 000  -38.00  -808.00
2010 04 05 16 00 00 000  -37.00  -803.00
2010 04 05 16 01 00 000  -37.00  -774.00
2010 04 05 16 02 00 000  -36.00  -726.00
2010 04 05 16 03 00 000  -36.00  -686.00
2010 04 05 16 04 00 000  -36.00  -679.00
2010 04 05 16 05 00 000  -36.00  -685.00
2010 04 05 16 06 00 000  -36.00  -633.00
2010 04 05 16 07 00 000  -36.00  -626.00
2010 04 05 16 08 00 000  -36.00  -628.00
2010 04 05 16 09 00 000  -37.00  -605.00
2010 04 05 16 10 00 000  -37.00  -613.00
2010 04 05 16 11 00 000  -37.00  -554.00
2010 04 05 16 12 00 000  -37.00  -580.00
2010 04 05 16 13 00 000  -37.00  -612.00
2010 04 05 16 14 00 000  -37.00  -625.00
2010 04 05 16 15 00 000  -37.00  -602.00
2010 04 05 16 16 00 000  -38.00  -599.00
2010 04 05 16 17 00 000  -38.00  -610.00
2010 04 05 16 18 00 000  -37.00  -627.00
2010 04 05 16 19 00 000  -38.00  -653.00
2010 04 05 16 20 00 000  -37.00  -643.00
2010 04 05 16 21 00 000  -38.00  -729.00
2010 04 05 16 22 00 000  -38.00  -684.00
2010 04 05 16 23 00 000  -38.00  -587.00
2010 04 05 16 24 00 000  -38.00  -518.00
2010 04 05 16 25 00 000  -38.00  -516.00
2010 04 05 16 26 00 000  -38.00  -545.00
2010 04 05 16 27 00 000  -37.00  -578.00
2010 04 05 16 28 00 000  -36.00  -589.00
2010 04 05 16 29 00 000  -34.00  -603.00
2010 04 05 16 30 00 000  -33.00  -585.00
2010 04 05 16 31 00 000  -32.00  -513.00
2010 04 05 16 32 00 000  -32.00  -513.00
2010 04 05 16 33 00 000  -30.00  -517.00
2010 04 05 16 34 00 000  -29.00  -587.00
2010 04 05 16 35 00 000  -31.00  -610.00
2010 04 05 16 36 00 000  -34.00  -717.00
2010 04 05 16 37 00 000  -36.00  -610.00
2010 04 05 16 38 00 000  -36.00  -599.00
2010 04 05 16 39 00 000  -37.00  -596.00
2010 04 05 16 40 00 000  -36.00  -571.00
2010 04 05 16 41 00 000  -35.00  -559.00
2010 04 05 16 42 00 000  -33.00  -556.00
2010 04 05 16 43 00 000  -34.00  -591.00
2010 04 05 16 44 00 000  -36.00  -530.00
2010 04 05 16 45 00 000  -36.00  -527.00
2010 04 05 16 46 00 000  -36.00  -521.00
2010 04 05 16 47 00 000  -35.00  -511.00
2010 04 05 16 48 00 000  -34.00  -526.00
2010 04 05 16 49 00 000  -34.00  -523.00
2010 04 05 16 50 00 000  -33.00  -554.00
2010 04 05 16 51 00 000  -34.00  -566.00
2010 04 05 16 52 00 000  -35.00  -563.00
2010 04 05 16 53 00 000  -35.00  -613.00
2010 04 05 16 54 00 000  -36.00  -685.00
2010 04 05 16 55 00 000  -35.00  -655.00
2010 04 05 16 56 00 000  -33.00  -660.00
2010 04 05 16 57 00 000  -33.00  -709.00
2010 04 05 16 58 00 000  -34.00  -744.00
2010 04 05 16 59 00 000  -36.00  -626.00
2010 04 05 17 00 00 000  -40.00  -515.00
2010 04 05 17 01 00 000  -37.00  -456.00
2010 04 05 17 02 00 000  -38.00  -472.00
2010 04 05 17 03 00 000  -33.00  -372.00
2010 04 05 17 04 00 000  -31.00  -451.00
2010 04 05 17 05 00 000  -34.00  -477.00
2010 04 05 17 06 00 000  -34.00  -427.00
2010 04 05 17 07 00 000  -35.00  -375.00
2010 04 05 17 08 00 000  -35.00  -325.00
2010 04 05 17 09 00 000  -32.00  -401.00
2010 04 05 17 10 00 000  -32.00  -372.00
2010 04 05 17 11 00 000  -32.00  -318.00
2010 04 05 17 12 00 000  -33.00  -302.00
2010 04 05 17 13 00 000  -33.00  -283.00
2010 04 05 17 14 00 000  -34.00  -290.00
2010 04 05 17 15 00 000  -32.00  -431.00
2010 04 05 17 16 00 000  -29.00  -390.00
2010 04 05 17 17 00 000  -27.00  -427.00
2010 04 05 17 18 00 000  -26.00  -510.00
2010 04 05 17 19 00 000  -27.00  -559.00
2010 04 05 17 20 00 000  -28.00  -528.00
2010 04 05 17 21 00 000  -28.00  -403.00
2010 04 05 17 22 00 000  -29.00  -450.00
2010 04 05 17 23 00 000  -28.00  -519.00
2010 04 05 17 24 00 000  -28.00  -485.00
2010 04 05 17 25 00 000  -31.00  -487.00
2010 04 05 17 26 00 000  -32.00  -450.00
2010 04 05 17 27 00 000  -33.00  -490.00
2010 04 05 17 28 00 000  -32.00  -636.00
2010 04 05 17 29 00 000  -32.00  -674.00
2010 04 05 17 30 00 000  -32.00  -578.00
2010 04 05 17 31 00 000  -33.00  -426.00
2010 04 05 17 32 00 000  -33.00  -322.00
2010 04 05 17 33 00 000  -32.00  -341.00
2010 04 05 17 34 00 000  -31.00  -458.00
2010 04 05 17 35 00 000  -29.00  -456.00
2010 04 05 17 36 00 000  -29.00  -361.00
2010 04 05 17 37 00 000  -32.00  -342.00
2010 04 05 17 38 00 000  -35.00  -362.00
2010 04 05 17 39 00 000  -38.00  -315.00
2010 04 05 17 40 00 000  -38.00  -294.00
2010 04 05 17 41 00 000  -39.00  -289.00
2010 04 05 17 42 00 000  -40.00  -243.00
2010 04 05 17 43 00 000  -39.00  -229.00
2010 04 05 17 44 00 000  -39.00  -264.00
2010 04 05 17 45 00 000  -34.00  -307.00
2010 04 05 17 46 00 000  -29.00  -336.00
2010 04 05 17 47 00 000  -25.00  -278.00
2010 04 05 17 48 00 000  -23.00  -272.00
2010 04 05 17 49 00 000  -23.00  -394.00
2010 04 05 17 50 00 000  -21.00  -325.00
2010 04 05 17 51 00 000  -21.00  -473.00
2010 04 05 17 52 00 000  -13.00  -406.00
2010 04 05 17 53 00 000   -7.00  -380.00
2010 04 05 17 54 00 000   -5.00  -400.00
2010 04 05 17 55 00 000   -6.00  -483.00
2010 04 05 17 56 00 000   -5.00  -422.00
2010 04 05 17 57 00 000   -5.00  -650.00
2010 04 05 17 58 00 000   -5.00  -615.00
2010 04 05 17 59 00 000   -5.00  -386.00
2010 04 05 18 00 00 000   -8.00  -314.00
2010 04 05 18 01 00 000  -11.00  -298.00
2010 04 05 18 02 00 000   -8.00  -338.00
2010 04 05 18 03 00 000  -12.00  -379.00
2010 04 05 18 04 00 000  -12.00  -361.00
2010 04 05 18 05 00 000  -11.00  -409.00
2010 04 05 18 06 00 000  -13.00  -365.00
2010 04 05 18 07 00 000  -16.00  -320.00
2010 04 05 18 08 00 000  -17.00  -430.00
2010 04 05 18 09 00 000  -17.00  -447.00
2010 04 05 18 10 00 000  -19.00  -384.00
2010 04 05 18 11 00 000  -18.00  -380.00
2010 04 05 18 12 00 000  -21.00  -358.00
2010 04 05 18 13 00 000  -23.00  -384.00
2010 04 05 18 14 00 000  -22.00  -446.00
2010 04 05 18 15 00 000  -20.00  -421.00
2010 04 05 18 16 00 000  -20.00  -377.00
2010 04 05 18 17 00 000  -19.00  -336.00
2010 04 05 18 18 00 000  -21.00  -369.00
2010 04 05 18 19 00 000  -21.00  -425.00
2010 04 05 18 20 00 000  -21.00  -457.00
2010 04 05 18 21 00 000  -20.00  -285.00
2010 04 05 18 22 00 000  -19.00  -227.00
2010 04 05 18 23 00 000  -18.00  -240.00
2010 04 05 18 24 00 000  -15.00  -245.00
2010 04 05 18 25 00 000  -14.00  -314.00
2010 04 05 18 26 00 000  -14.00  -280.00
2010 04 05 18 27 00 000  -18.00  -325.00
2010 04 05 18 28 00 000  -19.00  -340.00
2010 04 05 18 29 00 000  -17.00  -343.00
2010 04 05 18 30 00 000  -17.00  -352.00
2010 04 05 18 31 00 000  -16.00  -324.00
2010 04 05 18 32 00 000  -15.00  -341.00
2010 04 05 18 33 00 000  -15.00  -313.00
2010 04 05 18 34 00 000  -16.00  -375.00
2010 04 05 18 35 00 000  -16.00  -392.00
2010 04 05 18 36 00 000  -16.00  -386.00
2010 04 05 18 37 00 000  -15.00  -333.00
2010 04 05 18 38 00 000  -18.00  -327.00
2010 04 05 18 39 00 000  -21.00  -336.00
2010 04 05 18 40 00 000  -21.00  -354.00
2010 04 05 18 41 00 000  -23.00  -346.00
2010 04 05 18 42 00 000  -26.00  -336.00
2010 04 05 18 43 00 000  -25.00  -314.00
2010 04 05 18 44 00 000  -25.00  -272.00
2010 04 05 18 45 00 000  -26.00  -268.00
2010 04 05 18 46 00 000  -27.00  -256.00
2010 04 05 18 47 00 000  -27.00  -265.00
2010 04 05 18 48 00 000  -28.00  -246.00
2010 04 05 18 49 00 000  -28.00  -255.00
2010 04 05 18 50 00 000  -28.00  -253.00
2010 04 05 18 51 00 000  -27.00  -242.00
2010 04 05 18 52 00 000  -28.00  -232.00
2010 04 05 18 53 00 000  -28.00  -226.00
2010 04 05 18 54 00 000  -28.00  -222.00
2010 04 05 18 55 00 000  -27.00  -226.00
2010 04 05 18 56 00 000  -27.00  -226.00
2010 04 05 18 57 00 000  -27.00  -220.00
2010 04 05 18 58 00 000  -27.00  -208.00
2010 04 05 18 59 00 000  -26.00  -213.00
2010 04 05 19 00 00 000  -27.00  -220.00
2010 04 05 19 01 00 000  -27.00  -224.00
2010 04 05 19 02 00 000  -26.00  -235.00
2010 04 05 19 03 00 000  -26.00  -243.00
2010 04 05 19 04 00 000  -27.00  -239.00
2010 04 05 19 05 00 000  -27.00  -219.00
2010 04 05 19 06 00 000  -28.00  -202.00
2010 04 05 19 07 00 000  -29.00  -199.00
2010 04 05 19 08 00 000  -31.00  -184.00
2010 04 05 19 09 00 000  -31.00  -182.00
2010 04 05 19 10 00 000  -31.00  -190.00
2010 04 05 19 11 00 000  -31.00  -205.00
2010 04 05 19 12 00 000  -31.00  -224.00
2010 04 05 19 13 00 000  -31.00  -233.00
2010 04 05 19 14 00 000  -32.00  -235.00
2010 04 05 19 15 00 000  -32.00  -247.00
2010 04 05 19 16 00 000  -32.00  -265.00
2010 04 05 19 17 00 000  -32.00  -266.00
2010 04 05 19 18 00 000  -31.00  -268.00
2010 04 05 19 19 00 000  -32.00  -261.00
2010 04 05 19 20 00 000  -32.00  -264.00
2010 04 05 19 21 00 000  -32.00  -265.00
2010 04 05 19 22 00 000  -31.00  -264.00
2010 04 05 19 23 00 000  -31.00  -266.00
2010 04 05 19 24 00 000  -31.00  -264.00
2010 04 05 19 25 00 000  -31.00  -254.00
2010 04 05 19 26 00 000  -30.00  -243.00
2010 04 05 19 27 00 000  -29.00  -228.00
2010 04 05 19 28 00 000  -30.00  -219.00
2010 04 05 19 29 00 000  -30.00  -226.00
2010 04 05 19 30 00 000  -28.00  -260.00
2010 04 05 19 31 00 000  -29.00  -284.00
2010 04 05 19 32 00 000  -30.00  -271.00
2010 04 05 19 33 00 000  -32.00  -248.00
2010 04 05 19 34 00 000  -32.00  -246.00
2010 04 05 19 35 00 000  -32.00  -274.00
2010 04 05 19 36 00 000  -33.00  -302.00
2010 04 05 19 37 00 000  -34.00  -282.00
2010 04 05 19 38 00 000  -34.00  -246.00
2010 04 05 19 39 00 000  -34.00  -233.00
2010 04 05 19 40 00 000  -34.00  -245.00
2010 04 05 19 41 00 000  -34.00  -267.00
2010 04 05 19 42 00 000  -36.00  -267.00
2010 04 05 19 43 00 000  -36.00  -257.00
2010 04 05 19 44 00 000  -37.00  -259.00
2010 04 05 19 45 00 000  -37.00  -270.00
2010 04 05 19 46 00 000  -38.00  -276.00
2010 04 05 19 47 00 000  -39.00  -278.00
2010 04 05 19 48 00 000  -40.00  -281.00
2010 04 05 19 49 00 000  -40.00  -288.00
2010 04 05 19 50 00 000  -40.00  -301.00
2010 04 05 19 51 00 000  -39.00  -297.00
2010 04 05 19 52 00 000  -39.00  -304.00
2010 04 05 19 53 00 000  -39.00  -280.00
2010 04 05 19 54 00 000  -39.00  -243.00
2010 04 05 19 55 00 000  -39.00  -231.00
2010 04 05 19 56 00 000  -39.00  -244.00
2010 04 05 19 57 00 000  -39.00  -242.00
2010 04 05 19 58 00 000  -38.00  -230.00
2010 04 05 19 59 00 000  -37.00  -228.00
2010 04 05 20 00 00 000  -36.00  -222.00
2010 04 05 20 01 00 000  -35.00  -226.00
2010 04 05 20 02 00 000  -34.00  -212.00
2010 04 05 20 03 00 000  -34.00  -203.00
2010 04 05 20 04 00 000  -34.00  -181.00
2010 04 05 20 05 00 000  -35.00  -172.00
2010 04 05 20 06 00 000  -35.00  -128.00
2010 04 05 20 07 00 000  -36.00  -121.00
2010 04 05 20 08 00 000  -36.00  -143.00
2010 04 05 20 09 00 000  -37.00  -157.00
2010 04 05 20 10 00 000  -37.00  -152.00
2010 04 05 20 11 00 000  -37.00  -156.00
2010 04 05 20 12 00 000  -36.00  -198.00
2010 04 05 20 13 00 000  -35.00  -196.00
2010 04 05 20 14 00 000  -35.00  -229.00
2010 04 05 20 15 00 000  -35.00  -212.00
2010 04 05 20 16 00 000  -35.00  -260.00
2010 04 05 20 17 00 000  -36.00  -367.00
2010 04 05 20 18 00 000  -36.00  -380.00
2010 04 05 20 19 00 000  -36.00  -298.00
2010 04 05 20 20 00 000  -37.00  -201.00
2010 04 05 20 21 00 000  -37.00  -278.00
2010 04 05 20 22 00 000  -37.00  -329.00
2010 04 05 20 23 00 000  -37.00  -330.00
2010 04 05 20 24 00 000  -37.00  -345.00
2010 04 05 20 25 00 000  -36.00  -335.00
2010 04 05 20 26 00 000  -35.00  -346.00
2010 04 05 20 27 00 000  -35.00  -345.00
2010 04 05 20 28 00 000  -34.00  -391.00
2010 04 05 20 29 00 000  -34.00  -442.00
2010 04 05 20 30 00 000  -34.00  -456.00
2010 04 05 20 31 00 000  -34.00  -472.00
2010 04 05 20 32 00 000  -34.00  -445.00
2010 04 05 20 33 00 000  -33.00  -432.00
2010 04 05 20 34 00 000  -33.00  -452.00
2010 04 05 20 35 00 000  -33.00  -476.00
2010 04 05 20 36 00 000  -34.00  -530.00
2010 04 05 20 37 00 000  -35.00  -530.00
2010 04 05 20 38 00 000  -36.00  -527.00
2010 04 05 20 39 00 000  -35.00  -539.00
2010 04 05 20 40 00 000  -35.00  -543.00
2010 04 05 20 41 00 000  -36.00  -484.00
2010 04 05 20 42 00 000  -36.00  -442.00
2010 04 05 20 43 00 000  -36.00  -408.00
2010 04 05 20 44 00 000  -35.00  -356.00
2010 04 05 20 45 00 000  -36.00  -306.00
2010 04 05 20 46 00 000  -37.00  -294.00
2010 04 05 20 47 00 000  -38.00  -293.00
2010 04 05 20 48 00 000  -36.00  -328.00
2010 04 05 20 49 00 000  -36.00  -378.00
2010 04 05 20 50 00 000  -36.00  -399.00
2010 04 05 20 51 00 000  -36.00  -405.00
2010 04 05 20 52 00 000  -36.00  -409.00
2010 04 05 20 53 00 000  -35.00  -410.00
2010 04 05 20 54 00 000  -36.00  -452.00
2010 04 05 20 55 00 000  -36.00  -458.00
2010 04 05 20 56 00 000  -36.00  -426.00
2010 04 05 20 57 00 000  -37.00  -384.00
2010 04 05 20 58 00 000  -37.00  -311.00
2010 04 05 20 59 00 000  -37.00  -259.00
2010 04 05 21 00 00 000  -36.00  -252.00
2010 04 05 21 01 00 000  -37.00  -263.00
2010 04 05 21 02 00 000  -37.00  -380.00
2010 04 05 21 03 00 000  -37.00  -298.00
2010 04 05 21 04 00 000  -36.00  -266.00
2010 04 05 21 05 00 000  -36.00  -295.00
2010 04 05 21 06 00 000  -36.00  -287.00
2010 04 05 21 07 00 000  -36.00  -280.00
2010 04 05 21 08 00 000  -37.00  -282.00
2010 04 05 21 09 00 000  -37.00  -268.00
2010 04 05 21 10 00 000  -36.00  -314.00
2010 04 05 21 11 00 000  -35.00  -331.00
2010 04 05 21 12 00 000  -35.00  -313.00
2010 04 05 21 13 00 000  -36.00  -301.00
2010 04 05 21 14 00 000  -36.00  -320.00
2010 04 05 21 15 00 000  -36.00  -358.00
2010 04 05 21 16 00 000  -36.00  -364.00
2010 04 05 21 17 00 000  -37.00  -382.00
2010 04 05 21 18 00 000  -36.00  -412.00
2010 04 05 21 19 00 000  -36.00  -422.00
2010 04 05 21 20 00 000  -36.00  -406.00
2010 04 05 21 21 00 000  -36.00  -398.00
2010 04 05 21 22 00 000  -36.00  -415.00
2010 04 05 21 23 00 000  -36.00  -394.00
2010 04 05 21 24 00 000  -37.00  -401.00
2010 04 05 21 25 00 000  -37.00  -391.00
2010 04 05 21 26 00 000  -37.00  -371.00
2010 04 05 21 27 00 000  -37.00  -380.00
2010 04 05 21 28 00 000  -38.00  -361.00
2010 04 05 21 29 00 000  -39.00  -346.00
2010 04 05 21 30 00 000  -39.00  -312.00
2010 04 05 21 31 00 000  -39.00  -307.00
2010 04 05 21 32 00 000  -40.00  -320.00
2010 04 05 21 33 00 000  -41.00  -342.00
2010 04 05 21 34 00 000  -42.00  -338.00
2010 04 05 21 35 00 000  -42.00  -331.00
2010 04 05 21 36 00 000  -41.00  -303.00
2010 04 05 21 37 00 000  -41.00  -302.00
2010 04 05 21 38 00 000  -41.00  -348.00
2010 04 05 21 39 00 000  -42.00  -359.00
2010 04 05 21 40 00 000  -43.00  -321.00
2010 04 05 21 41 00 000  -42.00  -299.00
2010 04 05 21 42 00 000  -43.00  -327.00
2010 04 05 21 43 00 000  -43.00  -369.00
2010 04 05 21 44 00 000  -42.00  -397.00
2010 04 05 21 45 00 000  -43.00  -369.00
2010 04 05 21 46 00 000  -43.00  -335.00
2010 04 05 21 47 00 000  -43.00  -337.00
2010 04 05 21 48 00 000  -42.00  -390.00
2010 04 05 21 49 00 000  -41.00  -410.00
2010 04 05 21 50 00 000  -41.00  -403.00
2010 04 05 21 51 00 000  -41.00  -380.00
2010 04 05 21 52 00 000  -41.00  -366.00
2010 04 05 21 53 00 000  -41.00  -370.00
2010 04 05 21 54 00 000  -41.00  -385.00
2010 04 05 21 55 00 000  -41.00  -400.00
2010 04 05 21 56 00 000  -40.00  -411.00
2010 04 05 21 57 00 000  -40.00  -412.00
2010 04 05 21 58 00 000  -41.00  -421.00
2010 04 05 21 59 00 000  -42.00  -425.00
2010 04 05 22 00 00 000  -42.00  -444.00
2010 04 05 22 01 00 000  -42.00  -458.00
2010 04 05 22 02 00 000  -42.00  -459.00
2010 04 05 22 03 00 000  -42.00  -463.00
2010 04 05 22 04 00 000  -43.00  -461.00
2010 04 05 22 05 00 000  -43.00  -437.00
2010 04 05 22 06 00 000  -42.00  -421.00
2010 04 05 22 07 00 000  -42.00  -437.00
2010 04 05 22 08 00 000  -43.00  -476.00
2010 04 05 22 09 00 000  -44.00  -504.00
2010 04 05 22 10 00 000  -43.00  -501.00
2010 04 05 22 11 00 000  -43.00  -498.00
2010 04 05 22 12 00 000  -43.00  -513.00
2010 04 05 22 13 00 000  -43.00  -520.00
2010 04 05 22 14 00 000  -42.00  -530.00
2010 04 05 22 15 00 000  -43.00  -509.00
2010 04 05 22 16 00 000  -43.00  -495.00
2010 04 05 22 17 00 000  -43.00  -492.00
2010 04 05 22 18 00 000  -45.00  -500.00
2010 04 05 22 19 00 000  -45.00  -483.00
2010 04 05 22 20 00 000  -45.00  -458.00
2010 04 05 22 21 00 000  -44.00  -443.00
2010 04 05 22 22 00 000  -46.00  -449.00
2010 04 05 22 23 00 000  -46.00  -445.00
2010 04 05 22 24 00 000  -46.00  -455.00
2010 04 05 22 25 00 000  -47.00  -445.00
2010 04 05 22 26 00 000  -46.00  -430.00
2010 04 05 22 27 00 000  -46.00  -399.00
2010 04 05 22 28 00 000  -47.00  -380.00
2010 04 05 22 29 00 000  -47.00  -381.00
2010 04 05 22 30 00 000  -47.00  -380.00
2010 04 05 22 31 00 000  -47.00  -400.00
2010 04 05 22 32 00 000  -47.00  -412.00
2010 04 05 22 33 00 000  -47.00  -425.00
2010 04 05 22 34 00 000  -47.00  -428.00
2010 04 05 22 35 00 000  -47.00  -424.00
2010 04 05 22 36 00 000  -47.00  -436.00
2010 04 05 22 37 00 000  -47.00  -426.00
2010 04 05 22 38 00 000  -47.00  -427.00
2010 04 05 22 39 00 000  -47.00  -432.00
2010 04 05 22 40 00 000  -48.00  -421.00
2010 04 05 22 41 00 000  -48.00  -416.00
2010 04 05 22 42 00 000  -48.00  -409.00
2010 04 05 22 43 00 000  -49.00  -408.00
2010 04 05 22 44 00 000  -50.00  -400.00
2010 04 05 22 45 00 000  -50.00  -397.00
2010 04 05 22 46 00 000  -49.00  -415.00
2010 04 05 22 47 00 000  -49.00  -416.00
2010 04 05 22 48 00 000  -49.00  -397.00
2010 04 05 22 49 00 000  -49.00  -390.00
2010 04 05 22 50 00 000  -49.00  -392.00
2010 04 05 22 51 00 000  -50.00  -413.00
2010 04 05 22 52 00 000  -51.00  -408.00
2010 04 05 22 53 00 000  -50.00  -380.00
2010 04 05 22 54 00 000  -50.00  -387.00
2010 04 05 22 55 00 000  -50.00  -378.00
2010 04 05 22 56 00 000  -51.00  -409.00
2010 04 05 22 57 00 000  -51.00  -415.00
2010 04 05 22 58 00 000  -51.00  -399.00
2010 04 05 22 59 00 000  -51.00  -394.00
2010 04 05 23 00 00 000  -51.00  -400.00
2010 04 05 23 01 00 000  -51.00  -431.00
2010 04 05 23 02 00 000  -52.00  -453.00
2010 04 05 23 03 00 000  -53.00  -463.00
2010 04 05 23 04 00 000  -54.00  -476.00
2010 04 05 23 05 00 000  -55.00  -466.00
2010 04 05 23 06 00 000  -55.00  -460.00
2010 04 05 23 07 00 000  -55.00  -477.00
2010 04 05 23 08 00 000  -55.00  -498.00
2010 04 05 23 09 00 000  -56.00  -505.00
2010 04 05 23 10 00 000  -59.00  -486.00
2010 04 05 23 11 00 000  -59.00  -466.00
2010 04 05 23 12 00 000  -56.00  -447.00
2010 04 05 23 13 00 000  -57.00  -452.00
2010 04 05 23 14 00 000  -58.00  -443.00
2010 04 05 23 15 00 000  -57.00  -430.00
2010 04 05 23 16 00 000  -57.00  -508.00
2010 04 05 23 17 00 000  -58.00  -524.00
2010 04 05 23 18 00 000  -60.00  -444.00
2010 04 05 23 19 00 000  -58.00  -447.00
2010 04 05 23 20 00 000  -57.00  -403.00
2010 04 05 23 21 00 000  -58.00  -404.00
2010 04 05 23 22 00 000  -59.00  -393.00
2010 04 05 23 23 00 000  -60.00  -486.00
2010 04 05 23 24 00 000  -61.00  -536.00
2010 04 05 23 25 00 000  -62.00  -498.00
2010 04 05 23 26 00 000  -62.00  -523.00
2010 04 05 23 27 00 000  -62.00  -492.00
2010 04 05 23 28 00 000  -63.00  -380.00
2010 04 05 23 29 00 000  -64.00  -362.00
2010 04 05 23 30 00 000  -64.00  -350.00
2010 04 05 23 31 00 000  -64.00  -396.00
2010 04 05 23 32 00 000  -65.00  -401.00
2010 04 05 23 33 00 000  -65.00  -358.00
2010 04 05 23 34 00 000  -65.00  -360.00
2010 04 05 23 35 00 000  -66.00  -377.00
2010 04 05 23 36 00 000  -66.00  -390.00
2010 04 05 23 37 00 000  -66.00  -395.00
2010 04 05 23 38 00 000  -66.00  -391.00
2010 04 05 23 39 00 000  -67.00  -381.00
2010 04 05 23 40 00 000  -66.00  -371.00
2010 04 05 23 41 00 000  -67.00  -375.00
2010 04 05 23 42 00 000  -66.00  -378.00
2010 04 05 23 43 00 000  -66.00  -386.00
2010 04 05 23 44 00 000  -66.00  -394.00
2010 04 05 23 45 00 000  -66.00  -413.00
2010 04 05 23 46 00 000  -66.00  -417.00
2010 04 05 23 47 00 000  -66.00  -408.00
2010 04 05 23 48 00 000  -66.00  -403.00
2010 04 05 23 49 00 000  -66.00  -396.00
2010 04 05 23 50 00 000  -66.00  -395.00
2010 04 05 23 51 00 000  -66.00  -368.00
2010 04 05 23 52 00 000  -66.00  -368.00
2010 04 05 23 53 00 000  -66.00  -376.00
2010 04 05 23 54 00 000  -66.00  -374.00
2010 04 05 23 55 00 000  -66.00  -376.00
2010 04 05 23 56 00 000  -66.00  -385.00
2010 04 05 23 57 00 000  -66.00  -386.00
2010 04 05 23 58 00 000  -66.00  -389.00
2010 04 05 23 59 00 000  -66.00  -389.00
