Hourly Dst obtained from minute resolution SYMH
year mo dy hr dst
2001 08 30 19   -11.00
2001 08 30 20   -18.15
2001 08 30 21   -20.42
2001 08 30 22   -16.75
2001 08 30 23   -14.05
2001 08 31 00   -12.42
2001 08 31 01   -11.87
2001 08 31 02    -9.17
2001 08 31 03    -9.27
2001 08 31 04    -8.93
2001 08 31 05   -16.37
2001 08 31 06   -16.70
2001 08 31 07   -20.10
2001 08 31 08   -28.90
2001 08 31 09   -37.50
2001 08 31 10   -42.78
2001 08 31 11   -42.02
2001 08 31 12   -32.03
2001 08 31 13   -24.37
2001 08 31 14   -26.82
2001 08 31 15   -28.38
2001 08 31 16   -27.60
2001 08 31 17   -22.23
2001 08 31 18   -14.42
2001 08 31 19   -23.62
2001 08 31 20   -22.93
2001 08 31 21   -20.03
2001 08 31 22   -21.12
2001 08 31 23   -20.17
