Sym-H and AL obtained from OMNI 1 min data. Units in nT.
year mo dy hr mn sc msc dst_sm AL 
2003 10 29 06 00 00 000    -34.00   -336.00
2003 10 29 06 01 00 000    -34.00   -352.00
2003 10 29 06 02 00 000    -35.00   -355.00
2003 10 29 06 03 00 000    -34.00   -349.00
2003 10 29 06 04 00 000    -34.00   -372.00
2003 10 29 06 05 00 000    -33.00   -373.00
2003 10 29 06 06 00 000    -33.00   -371.00
2003 10 29 06 07 00 000    -31.00   -353.00
2003 10 29 06 08 00 000    -31.00   -362.00
2003 10 29 06 09 00 000    -32.00   -463.00
2003 10 29 06 10 00 000    -31.00   -461.00
2003 10 29 06 11 00 000    -18.00   -411.00
2003 10 29 06 12 00 000     41.00   -500.00
2003 10 29 06 13 00 000     44.00   -970.00
2003 10 29 06 14 00 000     49.00  -1353.00
2003 10 29 06 15 00 000     38.00  -2242.00
2003 10 29 06 16 00 000     37.00  -2703.00
2003 10 29 06 17 00 000     32.00  -2718.00
2003 10 29 06 18 00 000     30.00  -2966.00
2003 10 29 06 19 00 000     29.00  -2386.00
2003 10 29 06 20 00 000     24.00  -2220.00
2003 10 29 06 21 00 000     21.00  -2137.00
2003 10 29 06 22 00 000     21.00  -2127.00
2003 10 29 06 23 00 000     21.00  -2018.00
2003 10 29 06 24 00 000     19.00  -1780.00
2003 10 29 06 25 00 000     21.00  -1900.00
2003 10 29 06 26 00 000     18.00  -2047.00
2003 10 29 06 27 00 000     16.00  -1673.00
2003 10 29 06 28 00 000     13.00  -1620.00
2003 10 29 06 29 00 000      4.00  -1651.00
2003 10 29 06 30 00 000      3.00  -1789.00
2003 10 29 06 31 00 000     22.00  -1831.00
2003 10 29 06 32 00 000     -1.00  -2013.00
2003 10 29 06 33 00 000      2.00  -2114.00
2003 10 29 06 34 00 000      4.00  -2253.00
2003 10 29 06 35 00 000      3.00  -2214.00
2003 10 29 06 36 00 000     -1.00  -2239.00
2003 10 29 06 37 00 000      1.00  -2298.00
2003 10 29 06 38 00 000      2.00  -2352.00
2003 10 29 06 39 00 000     -7.00  -2636.00
2003 10 29 06 40 00 000    -10.00  -2455.00
2003 10 29 06 41 00 000    -13.00  -2329.00
2003 10 29 06 42 00 000    -16.00  -2063.00
2003 10 29 06 43 00 000    -13.00  -2227.00
2003 10 29 06 44 00 000      2.00  -2777.00
2003 10 29 06 45 00 000     12.00  -2700.00
2003 10 29 06 46 00 000     -7.00  -2208.00
2003 10 29 06 47 00 000    -18.00  -2212.00
2003 10 29 06 48 00 000     10.00  -2277.00
2003 10 29 06 49 00 000     10.00  -2879.00
2003 10 29 06 50 00 000     13.00  -2868.00
2003 10 29 06 51 00 000      7.00  -2721.00
2003 10 29 06 52 00 000      1.00  -2198.00
2003 10 29 06 53 00 000     -8.00  -2243.00
2003 10 29 06 54 00 000    -12.00  -2370.00
2003 10 29 06 55 00 000    -17.00  -2263.00
2003 10 29 06 56 00 000    -14.00  -2339.00
2003 10 29 06 57 00 000    -25.00  -2273.00
2003 10 29 06 58 00 000    -18.00  -2358.00
2003 10 29 06 59 00 000    -21.00  -2202.00
2003 10 29 07 00 00 000    -20.00  -2337.00
2003 10 29 07 01 00 000    -32.00  -2296.00
2003 10 29 07 02 00 000    -36.00  -2387.00
2003 10 29 07 03 00 000    -39.00  -2257.00
2003 10 29 07 04 00 000    -34.00  -1992.00
2003 10 29 07 05 00 000    -52.00  -1793.00
2003 10 29 07 06 00 000    -60.00  -1612.00
2003 10 29 07 07 00 000    -60.00  -1661.00
2003 10 29 07 08 00 000    -59.00  -1785.00
2003 10 29 07 09 00 000    -39.00  -1964.00
2003 10 29 07 10 00 000    -42.00  -1894.00
2003 10 29 07 11 00 000    -44.00  -1710.00
2003 10 29 07 12 00 000    -60.00  -1837.00
2003 10 29 07 13 00 000    -63.00  -1643.00
2003 10 29 07 14 00 000    -59.00  -1626.00
2003 10 29 07 15 00 000    -58.00  -1623.00
2003 10 29 07 16 00 000    -58.00  -1790.00
2003 10 29 07 17 00 000    -55.00  -1945.00
2003 10 29 07 18 00 000    -57.00  -1894.00
2003 10 29 07 19 00 000    -57.00  -1905.00
2003 10 29 07 20 00 000    -63.00  -1840.00
2003 10 29 07 21 00 000    -66.00  -1789.00
2003 10 29 07 22 00 000    -71.00  -1645.00
2003 10 29 07 23 00 000    -79.00  -1495.00
2003 10 29 07 24 00 000    -82.00  -1353.00
2003 10 29 07 25 00 000    -81.00  -1292.00
2003 10 29 07 26 00 000    -89.00  -1212.00
2003 10 29 07 27 00 000    -92.00  -1223.00
2003 10 29 07 28 00 000    -93.00  -1128.00
2003 10 29 07 29 00 000    -98.00  -1046.00
2003 10 29 07 30 00 000    -90.00  -1055.00
2003 10 29 07 31 00 000    -97.00  -1034.00
2003 10 29 07 32 00 000   -101.00   -983.00
2003 10 29 07 33 00 000   -103.00   -911.00
2003 10 29 07 34 00 000   -104.00   -860.00
2003 10 29 07 35 00 000   -105.00   -812.00
2003 10 29 07 36 00 000   -107.00   -747.00
2003 10 29 07 37 00 000   -112.00   -664.00
2003 10 29 07 38 00 000   -117.00   -708.00
2003 10 29 07 39 00 000   -129.00   -671.00
2003 10 29 07 40 00 000   -135.00   -633.00
2003 10 29 07 41 00 000   -134.00   -739.00
2003 10 29 07 42 00 000   -140.00   -938.00
2003 10 29 07 43 00 000   -142.00  -1051.00
2003 10 29 07 44 00 000   -145.00  -1130.00
2003 10 29 07 45 00 000   -148.00  -1134.00
2003 10 29 07 46 00 000   -145.00  -1052.00
2003 10 29 07 47 00 000   -141.00  -1043.00
2003 10 29 07 48 00 000   -140.00   -960.00
2003 10 29 07 49 00 000   -140.00   -931.00
2003 10 29 07 50 00 000   -141.00   -858.00
2003 10 29 07 51 00 000   -139.00   -741.00
2003 10 29 07 52 00 000   -142.00   -753.00
2003 10 29 07 53 00 000   -135.00   -715.00
2003 10 29 07 54 00 000   -139.00   -709.00
2003 10 29 07 55 00 000   -143.00   -731.00
2003 10 29 07 56 00 000   -142.00   -746.00
2003 10 29 07 57 00 000   -140.00   -725.00
2003 10 29 07 58 00 000   -143.00   -603.00
2003 10 29 07 59 00 000   -143.00   -531.00
2003 10 29 08 00 00 000   -153.00   -454.00
2003 10 29 08 01 00 000   -150.00   -438.00
2003 10 29 08 02 00 000   -148.00   -373.00
2003 10 29 08 03 00 000   -151.00   -402.00
2003 10 29 08 04 00 000   -148.00   -559.00
2003 10 29 08 05 00 000   -143.00   -511.00
2003 10 29 08 06 00 000   -145.00   -481.00
2003 10 29 08 07 00 000   -145.00   -579.00
2003 10 29 08 08 00 000   -148.00   -696.00
2003 10 29 08 09 00 000   -147.00   -837.00
2003 10 29 08 10 00 000   -149.00  -1052.00
2003 10 29 08 11 00 000   -149.00  -1065.00
2003 10 29 08 12 00 000   -147.00  -1156.00
2003 10 29 08 13 00 000   -145.00  -1145.00
2003 10 29 08 14 00 000   -147.00  -1196.00
2003 10 29 08 15 00 000   -149.00  -1147.00
2003 10 29 08 16 00 000   -147.00  -1229.00
2003 10 29 08 17 00 000   -148.00  -1137.00
2003 10 29 08 18 00 000   -144.00  -1118.00
2003 10 29 08 19 00 000   -148.00  -1095.00
2003 10 29 08 20 00 000   -153.00  -1144.00
2003 10 29 08 21 00 000   -153.00  -1128.00
2003 10 29 08 22 00 000   -151.00  -1182.00
2003 10 29 08 23 00 000   -152.00  -1037.00
2003 10 29 08 24 00 000   -151.00  -1216.00
2003 10 29 08 25 00 000   -150.00  -1232.00
2003 10 29 08 26 00 000   -151.00  -1274.00
2003 10 29 08 27 00 000   -151.00  -1264.00
2003 10 29 08 28 00 000   -151.00  -1343.00
2003 10 29 08 29 00 000   -154.00  -1167.00
2003 10 29 08 30 00 000   -151.00  -1167.00
2003 10 29 08 31 00 000   -156.00  -1182.00
2003 10 29 08 32 00 000   -155.00  -1128.00
2003 10 29 08 33 00 000   -154.00  -1211.00
2003 10 29 08 34 00 000   -156.00  -1316.00
2003 10 29 08 35 00 000   -158.00  -1531.00
2003 10 29 08 36 00 000   -157.00  -1482.00
2003 10 29 08 37 00 000   -159.00  -1366.00
2003 10 29 08 38 00 000   -160.00  -1236.00
2003 10 29 08 39 00 000   -160.00  -1155.00
2003 10 29 08 40 00 000   -163.00  -1326.00
2003 10 29 08 41 00 000   -164.00  -1168.00
2003 10 29 08 42 00 000   -164.00  -1183.00
2003 10 29 08 43 00 000   -166.00  -1221.00
2003 10 29 08 44 00 000   -166.00  -1209.00
2003 10 29 08 45 00 000   -165.00  -1192.00
2003 10 29 08 46 00 000   -164.00  -1183.00
2003 10 29 08 47 00 000   -167.00  -1116.00
2003 10 29 08 48 00 000   -170.00   -963.00
2003 10 29 08 49 00 000   -172.00   -985.00
2003 10 29 08 50 00 000   -173.00   -958.00
2003 10 29 08 51 00 000   -177.00   -966.00
2003 10 29 08 52 00 000   -181.00   -950.00
2003 10 29 08 53 00 000   -192.00   -959.00
2003 10 29 08 54 00 000   -199.00   -823.00
2003 10 29 08 55 00 000   -187.00   -814.00
2003 10 29 08 56 00 000   -202.00  -1175.00
2003 10 29 08 57 00 000   -223.00  -1254.00
2003 10 29 08 58 00 000   -217.00  -1546.00
2003 10 29 08 59 00 000   -211.00  -1616.00
2003 10 29 09 00 00 000   -212.00  -1572.00
2003 10 29 09 01 00 000   -214.00  -1527.00
2003 10 29 09 02 00 000   -212.00  -1610.00
2003 10 29 09 03 00 000   -211.00  -1490.00
2003 10 29 09 04 00 000   -213.00  -1839.00
2003 10 29 09 05 00 000   -211.00  -2164.00
2003 10 29 09 06 00 000   -207.00  -2273.00
2003 10 29 09 07 00 000   -205.00  -2181.00
2003 10 29 09 08 00 000   -204.00  -1924.00
2003 10 29 09 09 00 000   -196.00  -1461.00
2003 10 29 09 10 00 000   -192.00  -1481.00
2003 10 29 09 11 00 000   -190.00  -1563.00
2003 10 29 09 12 00 000   -186.00  -1731.00
2003 10 29 09 13 00 000   -181.00  -1912.00
2003 10 29 09 14 00 000   -185.00  -2172.00
2003 10 29 09 15 00 000   -189.00  -2179.00
2003 10 29 09 16 00 000   -182.00  -2133.00
2003 10 29 09 17 00 000   -180.00  -2271.00
2003 10 29 09 18 00 000   -185.00  -2077.00
2003 10 29 09 19 00 000   -186.00  -1694.00
2003 10 29 09 20 00 000   -183.00  -1543.00
2003 10 29 09 21 00 000   -180.00  -1498.00
2003 10 29 09 22 00 000   -179.00  -1405.00
2003 10 29 09 23 00 000   -177.00  -1422.00
2003 10 29 09 24 00 000   -174.00  -1686.00
2003 10 29 09 25 00 000   -172.00  -1643.00
2003 10 29 09 26 00 000   -173.00  -1335.00
2003 10 29 09 27 00 000   -173.00  -1184.00
2003 10 29 09 28 00 000   -175.00  -1188.00
2003 10 29 09 29 00 000   -173.00  -1075.00
2003 10 29 09 30 00 000   -170.00  -1010.00
2003 10 29 09 31 00 000   -176.00   -968.00
2003 10 29 09 32 00 000   -176.00   -883.00
2003 10 29 09 33 00 000   -175.00   -756.00
2003 10 29 09 34 00 000   -175.00   -790.00
2003 10 29 09 35 00 000   -173.00   -924.00
2003 10 29 09 36 00 000   -182.00  -1057.00
2003 10 29 09 37 00 000   -183.00  -1170.00
2003 10 29 09 38 00 000   -177.00  -1083.00
2003 10 29 09 39 00 000   -177.00  -1039.00
2003 10 29 09 40 00 000   -182.00   -955.00
2003 10 29 09 41 00 000   -187.00   -765.00
2003 10 29 09 42 00 000   -191.00   -654.00
2003 10 29 09 43 00 000   -193.00   -587.00
2003 10 29 09 44 00 000   -196.00   -600.00
2003 10 29 09 45 00 000   -194.00   -606.00
2003 10 29 09 46 00 000   -190.00   -503.00
2003 10 29 09 47 00 000   -190.00   -534.00
2003 10 29 09 48 00 000   -193.00   -511.00
2003 10 29 09 49 00 000   -192.00   -474.00
2003 10 29 09 50 00 000   -190.00   -482.00
2003 10 29 09 51 00 000   -185.00   -476.00
2003 10 29 09 52 00 000   -184.00   -490.00
2003 10 29 09 53 00 000   -176.00   -448.00
2003 10 29 09 54 00 000   -161.00   -492.00
2003 10 29 09 55 00 000   -151.00   -637.00
2003 10 29 09 56 00 000   -161.00   -718.00
2003 10 29 09 57 00 000   -172.00   -684.00
2003 10 29 09 58 00 000   -169.00   -647.00
2003 10 29 09 59 00 000   -164.00   -728.00
2003 10 29 10 00 00 000   -164.00   -803.00
2003 10 29 10 01 00 000   -164.00   -851.00
2003 10 29 10 02 00 000   -164.00   -933.00
2003 10 29 10 03 00 000   -165.00   -987.00
2003 10 29 10 04 00 000   -163.00   -920.00
2003 10 29 10 05 00 000   -165.00   -733.00
2003 10 29 10 06 00 000   -165.00   -566.00
2003 10 29 10 07 00 000   -163.00   -443.00
2003 10 29 10 08 00 000   -165.00   -482.00
2003 10 29 10 09 00 000   -167.00   -513.00
2003 10 29 10 10 00 000   -166.00   -512.00
2003 10 29 10 11 00 000   -163.00   -507.00
2003 10 29 10 12 00 000   -163.00   -487.00
2003 10 29 10 13 00 000   -163.00   -477.00
2003 10 29 10 14 00 000   -163.00   -420.00
2003 10 29 10 15 00 000   -151.00   -375.00
2003 10 29 10 16 00 000   -150.00   -434.00
2003 10 29 10 17 00 000   -160.00   -458.00
2003 10 29 10 18 00 000   -164.00   -379.00
2003 10 29 10 19 00 000   -162.00   -362.00
2003 10 29 10 20 00 000   -155.00   -557.00
2003 10 29 10 21 00 000   -152.00   -845.00
2003 10 29 10 22 00 000   -149.00   -871.00
2003 10 29 10 23 00 000   -142.00   -959.00
2003 10 29 10 24 00 000   -154.00  -1104.00
2003 10 29 10 25 00 000   -173.00   -964.00
2003 10 29 10 26 00 000   -201.00   -740.00
2003 10 29 10 27 00 000   -199.00   -552.00
2003 10 29 10 28 00 000   -192.00   -764.00
2003 10 29 10 29 00 000   -190.00   -783.00
2003 10 29 10 30 00 000   -193.00   -868.00
2003 10 29 10 31 00 000   -195.00   -964.00
2003 10 29 10 32 00 000   -194.00  -1035.00
2003 10 29 10 33 00 000   -196.00  -1138.00
2003 10 29 10 34 00 000   -195.00  -1115.00
2003 10 29 10 35 00 000   -193.00   -964.00
2003 10 29 10 36 00 000   -191.00   -761.00
2003 10 29 10 37 00 000   -191.00   -629.00
2003 10 29 10 38 00 000   -187.00   -643.00
2003 10 29 10 39 00 000   -191.00   -661.00
2003 10 29 10 40 00 000   -189.00   -640.00
2003 10 29 10 41 00 000   -184.00   -611.00
2003 10 29 10 42 00 000   -178.00   -559.00
2003 10 29 10 43 00 000   -181.00   -570.00
2003 10 29 10 44 00 000   -174.00   -504.00
2003 10 29 10 45 00 000   -175.00   -484.00
2003 10 29 10 46 00 000   -172.00   -473.00
2003 10 29 10 47 00 000   -176.00   -611.00
2003 10 29 10 48 00 000   -171.00   -608.00
2003 10 29 10 49 00 000   -163.00   -514.00
2003 10 29 10 50 00 000   -173.00   -592.00
2003 10 29 10 51 00 000   -176.00   -705.00
2003 10 29 10 52 00 000   -174.00   -670.00
2003 10 29 10 53 00 000   -176.00   -540.00
2003 10 29 10 54 00 000   -175.00   -565.00
2003 10 29 10 55 00 000   -170.00   -429.00
2003 10 29 10 56 00 000   -169.00   -405.00
2003 10 29 10 57 00 000   -165.00   -487.00
2003 10 29 10 58 00 000   -162.00   -521.00
2003 10 29 10 59 00 000   -164.00   -617.00
2003 10 29 11 00 00 000   -158.00   -694.00
2003 10 29 11 01 00 000   -162.00   -755.00
2003 10 29 11 02 00 000   -153.00   -672.00
2003 10 29 11 03 00 000   -160.00   -597.00
2003 10 29 11 04 00 000   -157.00   -579.00
2003 10 29 11 05 00 000   -154.00   -618.00
2003 10 29 11 06 00 000   -167.00   -614.00
2003 10 29 11 07 00 000   -159.00   -494.00
2003 10 29 11 08 00 000   -159.00   -480.00
2003 10 29 11 09 00 000   -158.00   -441.00
2003 10 29 11 10 00 000   -162.00   -445.00
2003 10 29 11 11 00 000   -157.00   -480.00
2003 10 29 11 12 00 000   -156.00   -604.00
2003 10 29 11 13 00 000   -159.00   -604.00
2003 10 29 11 14 00 000   -157.00   -500.00
2003 10 29 11 15 00 000   -154.00   -539.00
2003 10 29 11 16 00 000   -156.00   -562.00
2003 10 29 11 17 00 000   -157.00   -545.00
2003 10 29 11 18 00 000   -156.00   -560.00
2003 10 29 11 19 00 000   -162.00   -556.00
2003 10 29 11 20 00 000   -159.00   -521.00
2003 10 29 11 21 00 000   -164.00   -437.00
2003 10 29 11 22 00 000   -167.00   -480.00
2003 10 29 11 23 00 000   -163.00   -517.00
2003 10 29 11 24 00 000   -167.00   -527.00
2003 10 29 11 25 00 000   -179.00   -694.00
2003 10 29 11 26 00 000   -169.00   -691.00
2003 10 29 11 27 00 000   -169.00   -651.00
2003 10 29 11 28 00 000   -182.00   -517.00
2003 10 29 11 29 00 000   -207.00   -623.00
2003 10 29 11 30 00 000   -196.00   -692.00
2003 10 29 11 31 00 000   -181.00   -595.00
2003 10 29 11 32 00 000   -186.00   -550.00
2003 10 29 11 33 00 000   -190.00   -502.00
2003 10 29 11 34 00 000   -190.00   -442.00
2003 10 29 11 35 00 000   -184.00   -446.00
2003 10 29 11 36 00 000   -183.00   -479.00
2003 10 29 11 37 00 000   -181.00   -515.00
2003 10 29 11 38 00 000   -176.00   -868.00
2003 10 29 11 39 00 000   -175.00  -1548.00
2003 10 29 11 40 00 000   -175.00  -1668.00
2003 10 29 11 41 00 000   -179.00  -1722.00
2003 10 29 11 42 00 000   -178.00  -1535.00
2003 10 29 11 43 00 000   -174.00  -1525.00
2003 10 29 11 44 00 000   -173.00  -1537.00
2003 10 29 11 45 00 000   -173.00  -1206.00
2003 10 29 11 46 00 000   -176.00  -1178.00
2003 10 29 11 47 00 000   -174.00  -1198.00
2003 10 29 11 48 00 000   -173.00  -1027.00
2003 10 29 11 49 00 000   -171.00  -1133.00
2003 10 29 11 50 00 000   -169.00  -1326.00
2003 10 29 11 51 00 000   -166.00  -1462.00
2003 10 29 11 52 00 000   -160.00  -1366.00
2003 10 29 11 53 00 000   -158.00  -1383.00
2003 10 29 11 54 00 000   -159.00  -1239.00
2003 10 29 11 55 00 000   -160.00  -1015.00
2003 10 29 11 56 00 000   -160.00   -874.00
2003 10 29 11 57 00 000   -160.00   -915.00
2003 10 29 11 58 00 000   -156.00   -888.00
2003 10 29 11 59 00 000   -146.00  -1066.00
2003 10 29 12 00 00 000   -139.00   -879.00
2003 10 29 12 01 00 000   -140.00   -973.00
2003 10 29 12 02 00 000   -145.00  -1204.00
2003 10 29 12 03 00 000   -137.00  -1165.00
2003 10 29 12 04 00 000   -132.00  -1097.00
2003 10 29 12 05 00 000   -138.00  -1044.00
2003 10 29 12 06 00 000   -134.00   -970.00
2003 10 29 12 07 00 000   -122.00   -835.00
2003 10 29 12 08 00 000   -138.00   -905.00
2003 10 29 12 09 00 000   -140.00   -925.00
2003 10 29 12 10 00 000   -130.00   -805.00
2003 10 29 12 11 00 000   -130.00   -730.00
2003 10 29 12 12 00 000   -129.00   -651.00
2003 10 29 12 13 00 000   -131.00   -647.00
2003 10 29 12 14 00 000   -128.00   -638.00
2003 10 29 12 15 00 000   -127.00   -655.00
2003 10 29 12 16 00 000   -127.00   -642.00
2003 10 29 12 17 00 000   -120.00   -583.00
2003 10 29 12 18 00 000   -124.00   -580.00
2003 10 29 12 19 00 000   -130.00   -595.00
2003 10 29 12 20 00 000   -127.00   -644.00
2003 10 29 12 21 00 000   -122.00   -615.00
2003 10 29 12 22 00 000   -122.00   -590.00
2003 10 29 12 23 00 000   -118.00   -512.00
2003 10 29 12 24 00 000   -122.00   -544.00
2003 10 29 12 25 00 000   -119.00   -568.00
2003 10 29 12 26 00 000   -116.00   -553.00
2003 10 29 12 27 00 000   -124.00   -666.00
2003 10 29 12 28 00 000   -126.00   -712.00
2003 10 29 12 29 00 000   -111.00   -660.00
2003 10 29 12 30 00 000   -115.00   -657.00
2003 10 29 12 31 00 000   -125.00   -690.00
2003 10 29 12 32 00 000   -118.00   -680.00
2003 10 29 12 33 00 000   -116.00   -635.00
2003 10 29 12 34 00 000   -119.00   -631.00
2003 10 29 12 35 00 000   -117.00   -583.00
2003 10 29 12 36 00 000   -117.00   -526.00
2003 10 29 12 37 00 000   -117.00   -437.00
2003 10 29 12 38 00 000   -115.00   -457.00
2003 10 29 12 39 00 000   -115.00   -509.00
2003 10 29 12 40 00 000   -114.00   -542.00
2003 10 29 12 41 00 000   -113.00   -477.00
2003 10 29 12 42 00 000   -114.00   -429.00
2003 10 29 12 43 00 000   -120.00   -476.00
2003 10 29 12 44 00 000   -121.00   -535.00
2003 10 29 12 45 00 000   -115.00   -471.00
2003 10 29 12 46 00 000   -121.00   -419.00
2003 10 29 12 47 00 000   -125.00   -437.00
2003 10 29 12 48 00 000   -119.00   -464.00
2003 10 29 12 49 00 000   -115.00   -470.00
2003 10 29 12 50 00 000   -113.00   -486.00
2003 10 29 12 51 00 000    -96.00   -450.00
2003 10 29 12 52 00 000   -103.00   -464.00
2003 10 29 12 53 00 000   -104.00   -526.00
2003 10 29 12 54 00 000    -97.00   -559.00
2003 10 29 12 55 00 000   -100.00   -519.00
2003 10 29 12 56 00 000    -95.00   -557.00
2003 10 29 12 57 00 000    -96.00   -610.00
2003 10 29 12 58 00 000    -94.00   -580.00
2003 10 29 12 59 00 000    -87.00   -616.00
2003 10 29 13 00 00 000    -91.00   -575.00
2003 10 29 13 01 00 000    -92.00   -494.00
2003 10 29 13 02 00 000    -93.00   -486.00
2003 10 29 13 03 00 000    -95.00   -549.00
2003 10 29 13 04 00 000    -94.00   -613.00
2003 10 29 13 05 00 000    -98.00   -597.00
2003 10 29 13 06 00 000    -97.00   -588.00
2003 10 29 13 07 00 000    -91.00   -497.00
2003 10 29 13 08 00 000    -94.00   -501.00
2003 10 29 13 09 00 000   -101.00   -522.00
2003 10 29 13 10 00 000    -87.00   -456.00
2003 10 29 13 11 00 000    -85.00   -379.00
2003 10 29 13 12 00 000    -76.00   -390.00
2003 10 29 13 13 00 000    -86.00   -537.00
2003 10 29 13 14 00 000    -81.00   -529.00
2003 10 29 13 15 00 000    -67.00   -480.00
2003 10 29 13 16 00 000    -77.00   -521.00
2003 10 29 13 17 00 000    -81.00   -622.00
2003 10 29 13 18 00 000    -73.00   -617.00
2003 10 29 13 19 00 000    -64.00   -643.00
2003 10 29 13 20 00 000    -67.00   -682.00
2003 10 29 13 21 00 000    -70.00   -691.00
2003 10 29 13 22 00 000    -68.00   -458.00
2003 10 29 13 23 00 000    -72.00   -583.00
2003 10 29 13 24 00 000    -84.00   -625.00
2003 10 29 13 25 00 000    -81.00   -519.00
2003 10 29 13 26 00 000    -91.00   -629.00
2003 10 29 13 27 00 000    -88.00   -701.00
2003 10 29 13 28 00 000    -87.00   -546.00
2003 10 29 13 29 00 000    -86.00   -415.00
2003 10 29 13 30 00 000    -88.00   -312.00
2003 10 29 13 31 00 000    -82.00   -327.00
2003 10 29 13 32 00 000    -83.00   -358.00
2003 10 29 13 33 00 000    -85.00   -356.00
2003 10 29 13 34 00 000    -86.00   -441.00
2003 10 29 13 35 00 000    -93.00   -623.00
2003 10 29 13 36 00 000    -90.00   -441.00
2003 10 29 13 37 00 000    -89.00   -317.00
2003 10 29 13 38 00 000    -89.00   -315.00
2003 10 29 13 39 00 000    -86.00   -415.00
2003 10 29 13 40 00 000    -88.00   -413.00
2003 10 29 13 41 00 000    -86.00   -444.00
2003 10 29 13 42 00 000    -85.00   -409.00
2003 10 29 13 43 00 000    -90.00   -462.00
2003 10 29 13 44 00 000    -87.00   -401.00
2003 10 29 13 45 00 000    -81.00   -357.00
2003 10 29 13 46 00 000    -86.00   -669.00
2003 10 29 13 47 00 000    -75.00   -468.00
2003 10 29 13 48 00 000    -82.00   -493.00
2003 10 29 13 49 00 000    -78.00   -388.00
2003 10 29 13 50 00 000    -79.00   -450.00
2003 10 29 13 51 00 000    -77.00   -530.00
2003 10 29 13 52 00 000    -86.00   -467.00
2003 10 29 13 53 00 000    -83.00   -540.00
2003 10 29 13 54 00 000    -85.00   -406.00
2003 10 29 13 55 00 000    -81.00   -340.00
2003 10 29 13 56 00 000    -81.00   -393.00
2003 10 29 13 57 00 000    -86.00   -535.00
2003 10 29 13 58 00 000    -98.00   -708.00
2003 10 29 13 59 00 000   -106.00   -698.00
2003 10 29 14 00 00 000   -109.00   -658.00
2003 10 29 14 01 00 000   -116.00   -628.00
2003 10 29 14 02 00 000   -120.00   -706.00
2003 10 29 14 03 00 000   -127.00   -642.00
2003 10 29 14 04 00 000   -128.00   -654.00
2003 10 29 14 05 00 000   -124.00   -564.00
2003 10 29 14 06 00 000   -124.00   -601.00
2003 10 29 14 07 00 000   -126.00   -544.00
2003 10 29 14 08 00 000   -125.00   -483.00
2003 10 29 14 09 00 000   -121.00   -455.00
2003 10 29 14 10 00 000   -120.00   -430.00
2003 10 29 14 11 00 000   -118.00   -499.00
2003 10 29 14 12 00 000   -116.00   -444.00
2003 10 29 14 13 00 000   -113.00   -460.00
2003 10 29 14 14 00 000   -113.00   -446.00
2003 10 29 14 15 00 000   -109.00   -461.00
2003 10 29 14 16 00 000   -104.00   -373.00
2003 10 29 14 17 00 000   -102.00   -385.00
2003 10 29 14 18 00 000    -93.00   -386.00
2003 10 29 14 19 00 000    -85.00   -284.00
2003 10 29 14 20 00 000    -82.00   -305.00
2003 10 29 14 21 00 000    -86.00   -417.00
2003 10 29 14 22 00 000    -95.00   -565.00
2003 10 29 14 23 00 000    -91.00   -650.00
2003 10 29 14 24 00 000    -99.00   -778.00
2003 10 29 14 25 00 000   -134.00   -860.00
2003 10 29 14 26 00 000   -143.00   -972.00
2003 10 29 14 27 00 000   -133.00   -839.00
2003 10 29 14 28 00 000   -121.00   -647.00
2003 10 29 14 29 00 000   -126.00   -455.00
2003 10 29 14 30 00 000   -127.00   -353.00
2003 10 29 14 31 00 000   -124.00   -369.00
2003 10 29 14 32 00 000   -121.00   -432.00
2003 10 29 14 33 00 000   -120.00   -532.00
2003 10 29 14 34 00 000   -109.00   -604.00
2003 10 29 14 35 00 000   -103.00   -666.00
2003 10 29 14 36 00 000   -103.00   -719.00
2003 10 29 14 37 00 000   -101.00   -777.00
2003 10 29 14 38 00 000    -99.00   -793.00
2003 10 29 14 39 00 000    -96.00   -765.00
2003 10 29 14 40 00 000    -96.00   -708.00
2003 10 29 14 41 00 000   -101.00   -667.00
2003 10 29 14 42 00 000    -99.00   -635.00
2003 10 29 14 43 00 000    -91.00   -651.00
2003 10 29 14 44 00 000    -91.00   -684.00
2003 10 29 14 45 00 000    -86.00   -654.00
2003 10 29 14 46 00 000    -76.00   -601.00
2003 10 29 14 47 00 000    -66.00   -507.00
2003 10 29 14 48 00 000    -81.00   -473.00
2003 10 29 14 49 00 000    -92.00   -541.00
2003 10 29 14 50 00 000    -81.00   -643.00
2003 10 29 14 51 00 000    -82.00   -593.00
2003 10 29 14 52 00 000    -94.00   -700.00
2003 10 29 14 53 00 000    -85.00   -711.00
2003 10 29 14 54 00 000    -72.00   -579.00
2003 10 29 14 55 00 000    -81.00   -479.00
2003 10 29 14 56 00 000   -114.00   -577.00
2003 10 29 14 57 00 000    -89.00   -606.00
2003 10 29 14 58 00 000    -85.00   -492.00
2003 10 29 14 59 00 000   -101.00   -591.00
2003 10 29 15 00 00 000    -96.00   -681.00
2003 10 29 15 01 00 000    -83.00   -715.00
2003 10 29 15 02 00 000    -76.00  -1038.00
2003 10 29 15 03 00 000    -91.00  -1281.00
2003 10 29 15 04 00 000    -90.00  -1261.00
2003 10 29 15 05 00 000    -86.00  -1017.00
2003 10 29 15 06 00 000    -95.00   -780.00
2003 10 29 15 07 00 000   -103.00   -791.00
2003 10 29 15 08 00 000   -104.00  -1024.00
2003 10 29 15 09 00 000   -101.00   -967.00
2003 10 29 15 10 00 000   -102.00  -1179.00
2003 10 29 15 11 00 000   -101.00  -1247.00
2003 10 29 15 12 00 000   -105.00   -945.00
2003 10 29 15 13 00 000    -98.00   -923.00
2003 10 29 15 14 00 000    -98.00   -905.00
2003 10 29 15 15 00 000   -105.00   -814.00
2003 10 29 15 16 00 000   -113.00   -969.00
2003 10 29 15 17 00 000   -114.00  -1079.00
2003 10 29 15 18 00 000   -112.00  -1200.00
2003 10 29 15 19 00 000   -109.00  -1083.00
2003 10 29 15 20 00 000   -105.00  -1250.00
2003 10 29 15 21 00 000   -108.00  -1120.00
2003 10 29 15 22 00 000   -117.00  -1182.00
2003 10 29 15 23 00 000   -127.00  -1246.00
2003 10 29 15 24 00 000   -122.00  -1183.00
2003 10 29 15 25 00 000   -110.00   -974.00
2003 10 29 15 26 00 000   -110.00   -888.00
2003 10 29 15 27 00 000   -114.00  -1278.00
2003 10 29 15 28 00 000   -122.00  -1414.00
2003 10 29 15 29 00 000   -120.00  -1344.00
2003 10 29 15 30 00 000   -112.00  -1208.00
2003 10 29 15 31 00 000   -108.00  -1224.00
2003 10 29 15 32 00 000   -122.00  -1325.00
2003 10 29 15 33 00 000   -128.00  -1339.00
2003 10 29 15 34 00 000   -124.00   -979.00
2003 10 29 15 35 00 000   -131.00  -1074.00
2003 10 29 15 36 00 000   -126.00  -1173.00
2003 10 29 15 37 00 000   -123.00  -1393.00
2003 10 29 15 38 00 000   -119.00  -1464.00
2003 10 29 15 39 00 000   -124.00  -1310.00
2003 10 29 15 40 00 000   -130.00  -1354.00
2003 10 29 15 41 00 000   -123.00  -1352.00
2003 10 29 15 42 00 000   -108.00  -1357.00
2003 10 29 15 43 00 000   -109.00  -1340.00
2003 10 29 15 44 00 000   -120.00  -1531.00
2003 10 29 15 45 00 000   -117.00  -1911.00
2003 10 29 15 46 00 000   -110.00  -1619.00
2003 10 29 15 47 00 000   -107.00  -1609.00
2003 10 29 15 48 00 000   -115.00  -1651.00
2003 10 29 15 49 00 000   -115.00  -1631.00
2003 10 29 15 50 00 000   -113.00  -1555.00
2003 10 29 15 51 00 000   -116.00  -1713.00
2003 10 29 15 52 00 000   -115.00  -1765.00
2003 10 29 15 53 00 000   -114.00  -1651.00
2003 10 29 15 54 00 000   -116.00  -1783.00
2003 10 29 15 55 00 000   -115.00  -1814.00
2003 10 29 15 56 00 000   -117.00  -1719.00
2003 10 29 15 57 00 000   -125.00  -1842.00
2003 10 29 15 58 00 000   -130.00  -1749.00
2003 10 29 15 59 00 000   -128.00  -1685.00
2003 10 29 16 00 00 000   -122.00  -1483.00
2003 10 29 16 01 00 000   -127.00  -1448.00
2003 10 29 16 02 00 000   -127.00  -1492.00
2003 10 29 16 03 00 000   -121.00  -1244.00
2003 10 29 16 04 00 000   -117.00  -1169.00
2003 10 29 16 05 00 000   -115.00  -1160.00
2003 10 29 16 06 00 000   -114.00  -1115.00
2003 10 29 16 07 00 000   -115.00  -1103.00
2003 10 29 16 08 00 000   -114.00  -1208.00
2003 10 29 16 09 00 000   -113.00  -1431.00
2003 10 29 16 10 00 000   -113.00  -1451.00
2003 10 29 16 11 00 000   -113.00  -1378.00
2003 10 29 16 12 00 000   -113.00  -1388.00
2003 10 29 16 13 00 000   -112.00  -1508.00
2003 10 29 16 14 00 000   -118.00  -1594.00
2003 10 29 16 15 00 000   -120.00  -1540.00
2003 10 29 16 16 00 000   -119.00  -1205.00
2003 10 29 16 17 00 000   -116.00  -1017.00
2003 10 29 16 18 00 000   -116.00   -972.00
2003 10 29 16 19 00 000   -112.00   -898.00
2003 10 29 16 20 00 000   -104.00   -904.00
2003 10 29 16 21 00 000   -100.00  -1007.00
2003 10 29 16 22 00 000   -104.00   -978.00
2003 10 29 16 23 00 000   -105.00   -882.00
2003 10 29 16 24 00 000   -108.00   -932.00
2003 10 29 16 25 00 000   -120.00  -1041.00
2003 10 29 16 26 00 000   -121.00  -1129.00
2003 10 29 16 27 00 000   -113.00  -1285.00
2003 10 29 16 28 00 000   -108.00  -1391.00
2003 10 29 16 29 00 000   -110.00  -1488.00
2003 10 29 16 30 00 000    -91.00  -1257.00
2003 10 29 16 31 00 000   -117.00  -1209.00
2003 10 29 16 32 00 000   -124.00  -1157.00
2003 10 29 16 33 00 000   -135.00   -977.00
2003 10 29 16 34 00 000   -129.00   -920.00
2003 10 29 16 35 00 000   -132.00   -822.00
2003 10 29 16 36 00 000   -133.00   -843.00
2003 10 29 16 37 00 000   -128.00   -827.00
2003 10 29 16 38 00 000   -127.00   -737.00
2003 10 29 16 39 00 000   -131.00   -687.00
2003 10 29 16 40 00 000   -132.00   -690.00
2003 10 29 16 41 00 000   -129.00   -794.00
2003 10 29 16 42 00 000   -125.00   -996.00
2003 10 29 16 43 00 000   -132.00   -983.00
2003 10 29 16 44 00 000   -136.00  -1018.00
2003 10 29 16 45 00 000   -133.00  -1048.00
2003 10 29 16 46 00 000   -139.00  -1019.00
2003 10 29 16 47 00 000   -139.00  -1004.00
2003 10 29 16 48 00 000   -136.00  -1007.00
2003 10 29 16 49 00 000   -124.00   -842.00
2003 10 29 16 50 00 000   -120.00   -593.00
2003 10 29 16 51 00 000   -137.00   -804.00
2003 10 29 16 52 00 000   -127.00   -878.00
2003 10 29 16 53 00 000   -119.00   -643.00
2003 10 29 16 54 00 000   -138.00   -941.00
2003 10 29 16 55 00 000   -164.00  -1430.00
2003 10 29 16 56 00 000   -159.00  -1502.00
2003 10 29 16 57 00 000   -156.00  -1387.00
2003 10 29 16 58 00 000   -155.00  -1372.00
2003 10 29 16 59 00 000   -146.00  -1313.00
2003 10 29 17 00 00 000   -148.00  -1380.00
2003 10 29 17 01 00 000   -155.00  -1292.00
2003 10 29 17 02 00 000   -138.00   -997.00
2003 10 29 17 03 00 000   -131.00  -1218.00
2003 10 29 17 04 00 000   -150.00  -1334.00
2003 10 29 17 05 00 000   -142.00  -1332.00
2003 10 29 17 06 00 000   -122.00  -1291.00
2003 10 29 17 07 00 000   -126.00  -1397.00
2003 10 29 17 08 00 000   -136.00  -1444.00
2003 10 29 17 09 00 000   -123.00  -1451.00
2003 10 29 17 10 00 000   -113.00  -1421.00
2003 10 29 17 11 00 000   -138.00  -1510.00
2003 10 29 17 12 00 000   -142.00  -1507.00
2003 10 29 17 13 00 000   -135.00  -1460.00
2003 10 29 17 14 00 000   -139.00  -1440.00
2003 10 29 17 15 00 000   -145.00  -1374.00
2003 10 29 17 16 00 000   -147.00  -1697.00
2003 10 29 17 17 00 000   -141.00  -1477.00
2003 10 29 17 18 00 000   -141.00  -1731.00
2003 10 29 17 19 00 000   -149.00  -1411.00
2003 10 29 17 20 00 000   -153.00  -1184.00
2003 10 29 17 21 00 000   -142.00  -1278.00
2003 10 29 17 22 00 000   -140.00  -1158.00
2003 10 29 17 23 00 000   -140.00   -944.00
2003 10 29 17 24 00 000   -141.00  -1019.00
2003 10 29 17 25 00 000   -140.00  -1010.00
2003 10 29 17 26 00 000   -139.00  -1028.00
2003 10 29 17 27 00 000   -146.00   -974.00
2003 10 29 17 28 00 000   -140.00   -933.00
2003 10 29 17 29 00 000   -140.00   -881.00
2003 10 29 17 30 00 000   -146.00   -922.00
2003 10 29 17 31 00 000   -140.00   -973.00
2003 10 29 17 32 00 000   -127.00   -703.00
2003 10 29 17 33 00 000   -128.00   -703.00
2003 10 29 17 34 00 000   -134.00   -822.00
2003 10 29 17 35 00 000   -127.00   -923.00
2003 10 29 17 36 00 000   -126.00   -917.00
2003 10 29 17 37 00 000   -128.00   -879.00
2003 10 29 17 38 00 000   -136.00   -771.00
2003 10 29 17 39 00 000   -133.00   -730.00
2003 10 29 17 40 00 000   -115.00   -709.00
2003 10 29 17 41 00 000   -104.00   -919.00
2003 10 29 17 42 00 000   -125.00   -893.00
2003 10 29 17 43 00 000   -127.00   -930.00
2003 10 29 17 44 00 000   -121.00   -866.00
2003 10 29 17 45 00 000   -112.00  -1113.00
2003 10 29 17 46 00 000   -118.00  -1124.00
2003 10 29 17 47 00 000   -131.00  -1026.00
2003 10 29 17 48 00 000   -112.00   -797.00
2003 10 29 17 49 00 000   -124.00  -1047.00
2003 10 29 17 50 00 000   -135.00   -907.00
2003 10 29 17 51 00 000   -120.00   -790.00
2003 10 29 17 52 00 000   -120.00   -807.00
2003 10 29 17 53 00 000   -131.00   -936.00
2003 10 29 17 54 00 000   -137.00   -979.00
2003 10 29 17 55 00 000   -140.00  -1097.00
2003 10 29 17 56 00 000   -151.00  -1177.00
2003 10 29 17 57 00 000   -154.00  -1397.00
2003 10 29 17 58 00 000   -146.00  -1388.00
2003 10 29 17 59 00 000   -152.00  -1248.00
2003 10 29 18 00 00 000   -140.00  -1370.00
2003 10 29 18 01 00 000   -157.00  -1524.00
2003 10 29 18 02 00 000   -165.00  -1517.00
2003 10 29 18 03 00 000   -155.00  -1685.00
2003 10 29 18 04 00 000   -163.00  -1955.00
2003 10 29 18 05 00 000   -150.00  -1920.00
2003 10 29 18 06 00 000   -154.00  -2109.00
2003 10 29 18 07 00 000   -186.00  -2275.00
2003 10 29 18 08 00 000   -188.00  -2145.00
2003 10 29 18 09 00 000   -177.00  -1978.00
2003 10 29 18 10 00 000   -190.00  -2106.00
2003 10 29 18 11 00 000   -195.00  -2268.00
2003 10 29 18 12 00 000   -189.00  -2007.00
2003 10 29 18 13 00 000   -191.00  -1642.00
2003 10 29 18 14 00 000   -187.00  -1582.00
2003 10 29 18 15 00 000   -181.00  -1388.00
2003 10 29 18 16 00 000   -176.00  -1185.00
2003 10 29 18 17 00 000   -176.00  -1051.00
2003 10 29 18 18 00 000   -166.00  -1100.00
2003 10 29 18 19 00 000   -199.00  -1168.00
2003 10 29 18 20 00 000   -200.00  -1110.00
2003 10 29 18 21 00 000   -185.00   -888.00
2003 10 29 18 22 00 000   -181.00   -748.00
2003 10 29 18 23 00 000   -185.00   -726.00
2003 10 29 18 24 00 000   -184.00   -576.00
2003 10 29 18 25 00 000   -182.00   -479.00
2003 10 29 18 26 00 000   -183.00   -439.00
2003 10 29 18 27 00 000   -181.00   -462.00
2003 10 29 18 28 00 000   -183.00   -522.00
2003 10 29 18 29 00 000   -182.00   -583.00
2003 10 29 18 30 00 000   -181.00   -647.00
2003 10 29 18 31 00 000   -182.00   -674.00
2003 10 29 18 32 00 000   -185.00   -653.00
2003 10 29 18 33 00 000   -185.00   -704.00
2003 10 29 18 34 00 000   -184.00   -716.00
2003 10 29 18 35 00 000   -186.00   -683.00
2003 10 29 18 36 00 000   -192.00   -592.00
2003 10 29 18 37 00 000   -195.00   -483.00
2003 10 29 18 38 00 000   -197.00   -394.00
2003 10 29 18 39 00 000   -200.00   -439.00
2003 10 29 18 40 00 000   -204.00   -476.00
2003 10 29 18 41 00 000   -205.00   -510.00
2003 10 29 18 42 00 000   -206.00   -547.00
2003 10 29 18 43 00 000   -210.00   -588.00
2003 10 29 18 44 00 000   -213.00   -592.00
2003 10 29 18 45 00 000   -216.00   -555.00
2003 10 29 18 46 00 000   -218.00   -582.00
2003 10 29 18 47 00 000   -220.00   -632.00
2003 10 29 18 48 00 000   -221.00   -650.00
2003 10 29 18 49 00 000   -222.00   -605.00
2003 10 29 18 50 00 000   -221.00   -573.00
2003 10 29 18 51 00 000   -220.00   -601.00
2003 10 29 18 52 00 000   -218.00   -659.00
2003 10 29 18 53 00 000   -213.00   -665.00
2003 10 29 18 54 00 000   -212.00   -624.00
2003 10 29 18 55 00 000   -216.00   -594.00
2003 10 29 18 56 00 000   -229.00   -536.00
2003 10 29 18 57 00 000   -236.00   -441.00
2003 10 29 18 58 00 000   -228.00   -421.00
2003 10 29 18 59 00 000   -221.00   -439.00
2003 10 29 19 00 00 000   -217.00   -477.00
2003 10 29 19 01 00 000   -220.00   -558.00
2003 10 29 19 02 00 000   -221.00   -558.00
2003 10 29 19 03 00 000   -218.00   -588.00
2003 10 29 19 04 00 000   -219.00   -576.00
2003 10 29 19 05 00 000   -221.00   -509.00
2003 10 29 19 06 00 000   -226.00   -433.00
2003 10 29 19 07 00 000   -231.00   -445.00
2003 10 29 19 08 00 000   -235.00   -439.00
2003 10 29 19 09 00 000   -241.00   -434.00
2003 10 29 19 10 00 000   -246.00   -454.00
2003 10 29 19 11 00 000   -248.00   -473.00
2003 10 29 19 12 00 000   -248.00   -456.00
2003 10 29 19 13 00 000   -247.00   -467.00
2003 10 29 19 14 00 000   -242.00   -501.00
2003 10 29 19 15 00 000   -230.00   -562.00
2003 10 29 19 16 00 000   -219.00   -628.00
2003 10 29 19 17 00 000   -211.00   -680.00
2003 10 29 19 18 00 000   -210.00   -693.00
2003 10 29 19 19 00 000   -212.00   -658.00
2003 10 29 19 20 00 000   -210.00   -620.00
2003 10 29 19 21 00 000   -208.00   -610.00
2003 10 29 19 22 00 000   -216.00   -606.00
2003 10 29 19 23 00 000   -221.00   -579.00
2003 10 29 19 24 00 000   -218.00   -556.00
2003 10 29 19 25 00 000   -218.00   -582.00
2003 10 29 19 26 00 000   -217.00   -658.00
2003 10 29 19 27 00 000   -219.00  -1456.00
2003 10 29 19 28 00 000   -223.00  -2741.00
2003 10 29 19 29 00 000   -224.00  -2844.00
2003 10 29 19 30 00 000   -222.00  -2601.00
2003 10 29 19 31 00 000   -220.00  -2299.00
2003 10 29 19 32 00 000   -219.00  -2137.00
2003 10 29 19 33 00 000   -214.00  -2103.00
2003 10 29 19 34 00 000   -211.00  -2242.00
2003 10 29 19 35 00 000   -205.00  -2287.00
2003 10 29 19 36 00 000   -197.00  -2405.00
2003 10 29 19 37 00 000   -186.00  -2554.00
2003 10 29 19 38 00 000   -178.00  -2565.00
2003 10 29 19 39 00 000   -171.00  -2546.00
2003 10 29 19 40 00 000   -163.00  -2440.00
2003 10 29 19 41 00 000   -163.00  -2317.00
2003 10 29 19 42 00 000   -166.00  -2279.00
2003 10 29 19 43 00 000   -177.00  -2618.00
2003 10 29 19 44 00 000   -185.00  -2794.00
2003 10 29 19 45 00 000   -196.00  -2964.00
2003 10 29 19 46 00 000   -202.00  -2810.00
2003 10 29 19 47 00 000   -205.00  -2933.00
2003 10 29 19 48 00 000   -189.00  -3205.00
2003 10 29 19 49 00 000   -180.00  -3249.00
2003 10 29 19 50 00 000   -168.00  -3318.00
2003 10 29 19 51 00 000   -155.00  -3274.00
2003 10 29 19 52 00 000   -150.00  -3054.00
2003 10 29 19 53 00 000   -148.00  -3129.00
2003 10 29 19 54 00 000   -140.00  -3485.00
2003 10 29 19 55 00 000   -135.00  -3497.00
2003 10 29 19 56 00 000   -135.00  -3620.00
2003 10 29 19 57 00 000   -113.00  -3585.00
2003 10 29 19 58 00 000    -25.00  -3456.00
2003 10 29 19 59 00 000    -21.00  -3646.00
2003 10 29 20 00 00 000    -69.00  -3494.00
2003 10 29 20 01 00 000   -153.00  -3405.00
2003 10 29 20 02 00 000   -145.00  -3579.00
2003 10 29 20 03 00 000   -142.00  -3844.00
2003 10 29 20 04 00 000   -136.00  -3751.00
2003 10 29 20 05 00 000   -127.00  -3840.00
2003 10 29 20 06 00 000   -128.00  -3878.00
2003 10 29 20 07 00 000   -132.00  -3829.00
2003 10 29 20 08 00 000   -137.00  -3788.00
2003 10 29 20 09 00 000   -140.00  -3654.00
2003 10 29 20 10 00 000   -150.00  -3588.00
2003 10 29 20 11 00 000   -155.00  -3214.00
2003 10 29 20 12 00 000   -162.00  -2821.00
2003 10 29 20 13 00 000   -169.00  -2748.00
2003 10 29 20 14 00 000   -172.00  -2675.00
2003 10 29 20 15 00 000   -181.00  -2792.00
2003 10 29 20 16 00 000   -187.00  -2849.00
2003 10 29 20 17 00 000   -191.00  -3067.00
2003 10 29 20 18 00 000   -192.00  -3081.00
2003 10 29 20 19 00 000   -198.00  -3263.00
2003 10 29 20 20 00 000   -199.00  -3284.00
2003 10 29 20 21 00 000   -199.00  -3374.00
2003 10 29 20 22 00 000   -202.00  -3619.00
2003 10 29 20 23 00 000   -201.00  -3797.00
2003 10 29 20 24 00 000   -198.00  -3665.00
2003 10 29 20 25 00 000   -196.00  -3652.00
2003 10 29 20 26 00 000   -199.00  -3513.00
2003 10 29 20 27 00 000   -199.00  -3288.00
2003 10 29 20 28 00 000   -199.00  -2861.00
2003 10 29 20 29 00 000   -198.00  -2062.00
2003 10 29 20 30 00 000   -205.00  -1579.00
2003 10 29 20 31 00 000   -223.00  -1502.00
2003 10 29 20 32 00 000   -245.00  -1440.00
2003 10 29 20 33 00 000   -260.00  -1210.00
2003 10 29 20 34 00 000   -254.00  -1060.00
2003 10 29 20 35 00 000   -249.00   -963.00
2003 10 29 20 36 00 000   -248.00   -914.00
2003 10 29 20 37 00 000   -251.00   -849.00
2003 10 29 20 38 00 000   -250.00   -771.00
2003 10 29 20 39 00 000   -252.00   -871.00
2003 10 29 20 40 00 000   -250.00  -1011.00
2003 10 29 20 41 00 000   -231.00  -1006.00
2003 10 29 20 42 00 000   -221.00  -1129.00
2003 10 29 20 43 00 000   -211.00  -1094.00
2003 10 29 20 44 00 000   -204.00  -1327.00
2003 10 29 20 45 00 000   -208.00  -1540.00
2003 10 29 20 46 00 000   -195.00  -1205.00
2003 10 29 20 47 00 000   -200.00  -1101.00
2003 10 29 20 48 00 000   -209.00   -852.00
2003 10 29 20 49 00 000   -204.00  -1078.00
2003 10 29 20 50 00 000   -182.00  -1350.00
2003 10 29 20 51 00 000   -173.00  -1455.00
2003 10 29 20 52 00 000   -165.00  -1376.00
2003 10 29 20 53 00 000   -166.00  -1072.00
2003 10 29 20 54 00 000   -149.00   -955.00
2003 10 29 20 55 00 000   -141.00   -779.00
2003 10 29 20 56 00 000   -140.00   -663.00
2003 10 29 20 57 00 000   -137.00   -595.00
2003 10 29 20 58 00 000   -140.00   -558.00
2003 10 29 20 59 00 000   -143.00   -595.00
2003 10 29 21 00 00 000   -152.00   -625.00
2003 10 29 21 01 00 000   -149.00   -597.00
2003 10 29 21 02 00 000   -150.00   -585.00
2003 10 29 21 03 00 000   -161.00   -578.00
2003 10 29 21 04 00 000   -170.00   -574.00
2003 10 29 21 05 00 000   -174.00   -517.00
2003 10 29 21 06 00 000   -179.00   -432.00
2003 10 29 21 07 00 000   -163.00   -402.00
2003 10 29 21 08 00 000   -166.00   -367.00
2003 10 29 21 09 00 000   -170.00   -343.00
2003 10 29 21 10 00 000   -175.00   -359.00
2003 10 29 21 11 00 000   -180.00   -328.00
2003 10 29 21 12 00 000   -182.00   -322.00
2003 10 29 21 13 00 000   -182.00   -324.00
2003 10 29 21 14 00 000   -182.00   -391.00
2003 10 29 21 15 00 000   -184.00   -436.00
2003 10 29 21 16 00 000   -190.00   -328.00
2003 10 29 21 17 00 000   -190.00   -332.00
2003 10 29 21 18 00 000   -195.00   -341.00
2003 10 29 21 19 00 000   -197.00   -339.00
2003 10 29 21 20 00 000   -200.00   -342.00
2003 10 29 21 21 00 000   -206.00   -464.00
2003 10 29 21 22 00 000   -212.00   -462.00
2003 10 29 21 23 00 000   -216.00   -530.00
2003 10 29 21 24 00 000   -235.00   -612.00
2003 10 29 21 25 00 000   -238.00   -558.00
2003 10 29 21 26 00 000   -219.00   -602.00
2003 10 29 21 27 00 000   -218.00   -624.00
2003 10 29 21 28 00 000   -216.00   -593.00
2003 10 29 21 29 00 000   -219.00   -601.00
2003 10 29 21 30 00 000   -221.00   -613.00
2003 10 29 21 31 00 000   -221.00   -579.00
2003 10 29 21 32 00 000   -221.00   -554.00
2003 10 29 21 33 00 000   -223.00   -533.00
2003 10 29 21 34 00 000   -227.00   -505.00
2003 10 29 21 35 00 000   -227.00   -471.00
2003 10 29 21 36 00 000   -253.00   -433.00
2003 10 29 21 37 00 000   -253.00   -608.00
2003 10 29 21 38 00 000   -227.00   -842.00
2003 10 29 21 39 00 000   -228.00   -867.00
2003 10 29 21 40 00 000   -228.00  -1194.00
2003 10 29 21 41 00 000   -228.00  -1315.00
2003 10 29 21 42 00 000   -229.00  -1341.00
2003 10 29 21 43 00 000   -231.00  -1405.00
2003 10 29 21 44 00 000   -233.00  -1510.00
2003 10 29 21 45 00 000   -235.00  -1555.00
2003 10 29 21 46 00 000   -238.00  -1551.00
2003 10 29 21 47 00 000   -240.00  -1488.00
2003 10 29 21 48 00 000   -265.00  -1367.00
2003 10 29 21 49 00 000   -267.00  -1114.00
2003 10 29 21 50 00 000   -269.00   -913.00
2003 10 29 21 51 00 000   -276.00   -882.00
2003 10 29 21 52 00 000   -277.00   -951.00
2003 10 29 21 53 00 000   -277.00  -1060.00
2003 10 29 21 54 00 000   -279.00  -1082.00
2003 10 29 21 55 00 000   -280.00   -811.00
2003 10 29 21 56 00 000   -279.00   -543.00
2003 10 29 21 57 00 000   -283.00   -520.00
2003 10 29 21 58 00 000   -285.00   -479.00
2003 10 29 21 59 00 000   -286.00   -459.00
2003 10 29 22 00 00 000   -284.00   -450.00
2003 10 29 22 01 00 000   -283.00   -523.00
2003 10 29 22 02 00 000   -280.00   -546.00
2003 10 29 22 03 00 000   -278.00   -554.00
2003 10 29 22 04 00 000   -277.00   -470.00
2003 10 29 22 05 00 000   -274.00   -445.00
2003 10 29 22 06 00 000   -272.00   -448.00
2003 10 29 22 07 00 000   -272.00   -547.00
2003 10 29 22 08 00 000   -278.00   -757.00
2003 10 29 22 09 00 000   -280.00   -776.00
2003 10 29 22 10 00 000   -280.00   -744.00
2003 10 29 22 11 00 000   -275.00   -866.00
2003 10 29 22 12 00 000   -272.00   -746.00
2003 10 29 22 13 00 000   -270.00   -488.00
2003 10 29 22 14 00 000   -268.00   -290.00
2003 10 29 22 15 00 000   -268.00   -288.00
2003 10 29 22 16 00 000   -262.00   -320.00
2003 10 29 22 17 00 000   -266.00   -342.00
2003 10 29 22 18 00 000   -267.00   -301.00
2003 10 29 22 19 00 000   -263.00   -324.00
2003 10 29 22 20 00 000   -260.00   -318.00
2003 10 29 22 21 00 000   -263.00   -330.00
2003 10 29 22 22 00 000   -268.00   -355.00
2003 10 29 22 23 00 000   -270.00   -372.00
2003 10 29 22 24 00 000   -267.00   -378.00
2003 10 29 22 25 00 000   -269.00   -545.00
2003 10 29 22 26 00 000   -271.00   -524.00
2003 10 29 22 27 00 000   -274.00   -541.00
2003 10 29 22 28 00 000   -276.00   -548.00
2003 10 29 22 29 00 000   -275.00   -959.00
2003 10 29 22 30 00 000   -276.00  -1258.00
2003 10 29 22 31 00 000   -277.00  -1226.00
2003 10 29 22 32 00 000   -281.00  -1312.00
2003 10 29 22 33 00 000   -285.00  -1495.00
2003 10 29 22 34 00 000   -287.00  -1666.00
2003 10 29 22 35 00 000   -288.00  -1660.00
2003 10 29 22 36 00 000   -290.00  -1754.00
2003 10 29 22 37 00 000   -287.00  -1737.00
2003 10 29 22 38 00 000   -286.00  -1789.00
2003 10 29 22 39 00 000   -287.00  -1980.00
2003 10 29 22 40 00 000   -286.00  -1893.00
2003 10 29 22 41 00 000   -284.00  -2085.00
2003 10 29 22 42 00 000   -279.00  -2344.00
2003 10 29 22 43 00 000   -279.00  -2500.00
2003 10 29 22 44 00 000   -279.00  -2447.00
2003 10 29 22 45 00 000   -278.00  -2290.00
2003 10 29 22 46 00 000   -281.00  -2328.00
2003 10 29 22 47 00 000   -281.00  -2211.00
2003 10 29 22 48 00 000   -282.00  -2203.00
2003 10 29 22 49 00 000   -288.00  -1954.00
2003 10 29 22 50 00 000   -292.00  -2123.00
2003 10 29 22 51 00 000   -294.00  -2157.00
2003 10 29 22 52 00 000   -294.00  -2081.00
2003 10 29 22 53 00 000   -296.00  -2045.00
2003 10 29 22 54 00 000   -301.00  -1901.00
2003 10 29 22 55 00 000   -301.00  -1865.00
2003 10 29 22 56 00 000   -302.00  -1832.00
2003 10 29 22 57 00 000   -308.00  -1825.00
2003 10 29 22 58 00 000   -311.00  -1782.00
2003 10 29 22 59 00 000   -320.00  -1713.00
2003 10 29 23 00 00 000   -330.00  -1540.00
2003 10 29 23 01 00 000   -322.00  -1475.00
2003 10 29 23 02 00 000   -323.00  -1457.00
2003 10 29 23 03 00 000   -323.00  -1512.00
2003 10 29 23 04 00 000   -323.00  -1617.00
2003 10 29 23 05 00 000   -324.00  -1536.00
2003 10 29 23 06 00 000   -328.00  -1369.00
2003 10 29 23 07 00 000   -331.00  -1299.00
2003 10 29 23 08 00 000   -333.00  -1261.00
2003 10 29 23 09 00 000   -334.00  -1232.00
2003 10 29 23 10 00 000   -335.00  -1189.00
2003 10 29 23 11 00 000   -337.00  -1166.00
2003 10 29 23 12 00 000   -322.00  -1250.00
2003 10 29 23 13 00 000   -328.00  -1435.00
2003 10 29 23 14 00 000   -335.00  -1603.00
2003 10 29 23 15 00 000   -337.00  -1720.00
2003 10 29 23 16 00 000   -338.00  -1585.00
2003 10 29 23 17 00 000   -343.00  -1831.00
2003 10 29 23 18 00 000   -342.00  -1599.00
2003 10 29 23 19 00 000   -339.00  -1366.00
2003 10 29 23 20 00 000   -338.00  -1320.00
2003 10 29 23 21 00 000   -339.00  -1356.00
2003 10 29 23 22 00 000   -338.00  -1336.00
2003 10 29 23 23 00 000   -337.00  -1290.00
2003 10 29 23 24 00 000   -335.00  -1284.00
2003 10 29 23 25 00 000   -335.00  -1323.00
2003 10 29 23 26 00 000   -336.00  -1301.00
2003 10 29 23 27 00 000   -344.00  -1270.00
2003 10 29 23 28 00 000   -346.00  -1558.00
2003 10 29 23 29 00 000   -345.00  -1625.00
2003 10 29 23 30 00 000   -344.00  -1364.00
2003 10 29 23 31 00 000   -348.00  -1425.00
2003 10 29 23 32 00 000   -351.00  -1515.00
2003 10 29 23 33 00 000   -353.00  -1623.00
2003 10 29 23 34 00 000   -354.00  -1732.00
2003 10 29 23 35 00 000   -358.00  -1846.00
2003 10 29 23 36 00 000   -356.00  -1834.00
2003 10 29 23 37 00 000   -357.00  -1894.00
2003 10 29 23 38 00 000   -362.00  -1813.00
2003 10 29 23 39 00 000   -362.00  -1543.00
2003 10 29 23 40 00 000   -364.00  -1100.00
2003 10 29 23 41 00 000   -363.00   -952.00
2003 10 29 23 42 00 000   -363.00   -916.00
2003 10 29 23 43 00 000   -361.00   -932.00
2003 10 29 23 44 00 000   -364.00   -927.00
2003 10 29 23 45 00 000   -364.00   -888.00
2003 10 29 23 46 00 000   -363.00   -860.00
2003 10 29 23 47 00 000   -361.00   -881.00
2003 10 29 23 48 00 000   -360.00   -872.00
2003 10 29 23 49 00 000   -361.00   -840.00
2003 10 29 23 50 00 000   -360.00   -731.00
2003 10 29 23 51 00 000   -359.00   -636.00
2003 10 29 23 52 00 000   -359.00   -620.00
2003 10 29 23 53 00 000   -356.00   -618.00
2003 10 29 23 54 00 000   -354.00   -655.00
2003 10 29 23 55 00 000   -354.00   -650.00
2003 10 29 23 56 00 000   -354.00   -578.00
2003 10 29 23 57 00 000   -353.00   -555.00
2003 10 29 23 58 00 000   -350.00   -560.00
2003 10 29 23 59 00 000   -348.00   -523.00
2003 10 30 00 00 00 000   -351.00   -481.00
2003 10 30 00 01 00 000   -351.00   -479.00
2003 10 30 00 02 00 000   -355.00   -525.00
2003 10 30 00 03 00 000   -355.00   -497.00
2003 10 30 00 04 00 000   -351.00   -539.00
2003 10 30 00 05 00 000   -349.00   -644.00
2003 10 30 00 06 00 000   -351.00   -676.00
2003 10 30 00 07 00 000   -352.00   -667.00
2003 10 30 00 08 00 000   -353.00   -680.00
2003 10 30 00 09 00 000   -353.00   -729.00
2003 10 30 00 10 00 000   -353.00   -795.00
2003 10 30 00 11 00 000   -353.00   -830.00
2003 10 30 00 12 00 000   -356.00   -880.00
2003 10 30 00 13 00 000   -361.00   -868.00
2003 10 30 00 14 00 000   -364.00   -823.00
2003 10 30 00 15 00 000   -369.00   -772.00
2003 10 30 00 16 00 000   -368.00   -701.00
2003 10 30 00 17 00 000   -367.00   -658.00
2003 10 30 00 18 00 000   -369.00   -650.00
2003 10 30 00 19 00 000   -372.00   -617.00
2003 10 30 00 20 00 000   -373.00   -570.00
2003 10 30 00 21 00 000   -376.00   -506.00
2003 10 30 00 22 00 000   -376.00   -445.00
2003 10 30 00 23 00 000   -376.00   -412.00
2003 10 30 00 24 00 000   -377.00   -371.00
2003 10 30 00 25 00 000   -377.00   -355.00
2003 10 30 00 26 00 000   -375.00   -342.00
2003 10 30 00 27 00 000   -377.00   -366.00
2003 10 30 00 28 00 000   -376.00   -369.00
2003 10 30 00 29 00 000   -375.00   -394.00
2003 10 30 00 30 00 000   -377.00   -414.00
2003 10 30 00 31 00 000   -377.00   -444.00
2003 10 30 00 32 00 000   -378.00   -424.00
2003 10 30 00 33 00 000   -380.00   -360.00
2003 10 30 00 34 00 000   -378.00   -392.00
2003 10 30 00 35 00 000   -375.00   -440.00
2003 10 30 00 36 00 000   -377.00   -465.00
2003 10 30 00 37 00 000   -374.00   -464.00
2003 10 30 00 38 00 000   -369.00   -473.00
2003 10 30 00 39 00 000   -364.00   -414.00
2003 10 30 00 40 00 000   -359.00   -378.00
2003 10 30 00 41 00 000   -358.00   -377.00
2003 10 30 00 42 00 000   -355.00   -348.00
2003 10 30 00 43 00 000   -352.00   -333.00
2003 10 30 00 44 00 000   -351.00   -368.00
2003 10 30 00 45 00 000   -357.00   -384.00
2003 10 30 00 46 00 000   -358.00   -409.00
2003 10 30 00 47 00 000   -360.00   -435.00
2003 10 30 00 48 00 000   -360.00   -440.00
2003 10 30 00 49 00 000   -358.00   -490.00
2003 10 30 00 50 00 000   -355.00   -507.00
2003 10 30 00 51 00 000   -347.00   -493.00
2003 10 30 00 52 00 000   -348.00   -468.00
2003 10 30 00 53 00 000   -354.00   -566.00
2003 10 30 00 54 00 000   -353.00   -476.00
2003 10 30 00 55 00 000   -355.00   -462.00
2003 10 30 00 56 00 000   -350.00   -445.00
2003 10 30 00 57 00 000   -352.00   -412.00
2003 10 30 00 58 00 000   -343.00   -392.00
2003 10 30 00 59 00 000   -333.00   -387.00
2003 10 30 01 00 00 000   -318.00   -378.00
2003 10 30 01 01 00 000   -305.00   -348.00
2003 10 30 01 02 00 000   -306.00   -383.00
2003 10 30 01 03 00 000   -314.00   -391.00
2003 10 30 01 04 00 000   -313.00   -409.00
2003 10 30 01 05 00 000   -333.00   -314.00
2003 10 30 01 06 00 000   -340.00   -310.00
2003 10 30 01 07 00 000   -344.00   -335.00
2003 10 30 01 08 00 000   -347.00   -336.00
2003 10 30 01 09 00 000   -341.00   -339.00
2003 10 30 01 10 00 000   -341.00   -377.00
2003 10 30 01 11 00 000   -338.00   -401.00
2003 10 30 01 12 00 000   -335.00   -429.00
2003 10 30 01 13 00 000   -355.00   -330.00
2003 10 30 01 14 00 000   -347.00   -280.00
2003 10 30 01 15 00 000   -350.00   -351.00
2003 10 30 01 16 00 000   -346.00   -416.00
2003 10 30 01 17 00 000   -345.00   -346.00
2003 10 30 01 18 00 000   -346.00   -318.00
2003 10 30 01 19 00 000   -344.00   -344.00
2003 10 30 01 20 00 000   -346.00   -410.00
2003 10 30 01 21 00 000   -351.00   -398.00
2003 10 30 01 22 00 000   -354.00   -387.00
2003 10 30 01 23 00 000   -353.00   -387.00
2003 10 30 01 24 00 000   -352.00   -390.00
2003 10 30 01 25 00 000   -353.00   -412.00
2003 10 30 01 26 00 000   -352.00   -433.00
2003 10 30 01 27 00 000   -354.00   -740.00
2003 10 30 01 28 00 000   -355.00  -1197.00
2003 10 30 01 29 00 000   -353.00  -1188.00
2003 10 30 01 30 00 000   -349.00  -1145.00
2003 10 30 01 31 00 000   -356.00  -1110.00
2003 10 30 01 32 00 000   -356.00  -1093.00
2003 10 30 01 33 00 000   -353.00   -979.00
2003 10 30 01 34 00 000   -350.00  -1056.00
2003 10 30 01 35 00 000   -351.00  -1181.00
2003 10 30 01 36 00 000   -351.00  -1382.00
2003 10 30 01 37 00 000   -353.00  -1661.00
2003 10 30 01 38 00 000   -353.00  -1627.00
2003 10 30 01 39 00 000   -352.00  -1513.00
2003 10 30 01 40 00 000   -357.00  -1514.00
2003 10 30 01 41 00 000   -357.00  -1650.00
2003 10 30 01 42 00 000   -364.00  -1711.00
2003 10 30 01 43 00 000   -365.00  -1562.00
2003 10 30 01 44 00 000   -379.00  -1659.00
2003 10 30 01 45 00 000   -385.00  -1675.00
2003 10 30 01 46 00 000   -388.00  -1768.00
2003 10 30 01 47 00 000   -389.00  -1973.00
2003 10 30 01 48 00 000   -391.00  -2071.00
2003 10 30 01 49 00 000   -389.00  -1983.00
2003 10 30 01 50 00 000   -385.00  -2123.00
2003 10 30 01 51 00 000   -384.00  -2021.00
2003 10 30 01 52 00 000   -382.00  -2028.00
2003 10 30 01 53 00 000   -389.00  -1791.00
2003 10 30 01 54 00 000   -390.00  -1455.00
2003 10 30 01 55 00 000   -385.00  -1370.00
2003 10 30 01 56 00 000   -384.00  -1470.00
2003 10 30 01 57 00 000   -382.00  -1522.00
2003 10 30 01 58 00 000   -378.00  -1607.00
2003 10 30 01 59 00 000   -375.00  -1611.00
2003 10 30 02 00 00 000   -376.00  -1662.00
2003 10 30 02 01 00 000   -376.00  -1914.00
2003 10 30 02 02 00 000   -380.00  -2165.00
2003 10 30 02 03 00 000   -382.00  -2184.00
2003 10 30 02 04 00 000   -379.00  -1750.00
2003 10 30 02 05 00 000   -377.00  -1310.00
2003 10 30 02 06 00 000   -377.00  -1074.00
2003 10 30 02 07 00 000   -375.00  -1014.00
2003 10 30 02 08 00 000   -374.00  -1006.00
2003 10 30 02 09 00 000   -373.00  -1076.00
2003 10 30 02 10 00 000   -373.00   -888.00
2003 10 30 02 11 00 000   -373.00   -912.00
2003 10 30 02 12 00 000   -373.00  -1274.00
2003 10 30 02 13 00 000   -373.00  -1418.00
2003 10 30 02 14 00 000   -371.00  -1390.00
2003 10 30 02 15 00 000   -369.00  -1264.00
2003 10 30 02 16 00 000   -368.00  -1273.00
2003 10 30 02 17 00 000   -368.00  -1363.00
2003 10 30 02 18 00 000   -367.00  -1414.00
2003 10 30 02 19 00 000   -365.00  -1472.00
2003 10 30 02 20 00 000   -364.00  -1449.00
2003 10 30 02 21 00 000   -364.00  -1425.00
2003 10 30 02 22 00 000   -367.00  -1410.00
2003 10 30 02 23 00 000   -366.00  -1411.00
2003 10 30 02 24 00 000   -368.00  -1396.00
2003 10 30 02 25 00 000   -371.00  -1334.00
2003 10 30 02 26 00 000   -369.00  -1131.00
2003 10 30 02 27 00 000   -367.00   -839.00
2003 10 30 02 28 00 000   -363.00   -782.00
2003 10 30 02 29 00 000   -363.00   -910.00
2003 10 30 02 30 00 000   -362.00  -1171.00
2003 10 30 02 31 00 000   -364.00  -1242.00
2003 10 30 02 32 00 000   -363.00  -1049.00
2003 10 30 02 33 00 000   -362.00   -838.00
2003 10 30 02 34 00 000   -358.00   -780.00
2003 10 30 02 35 00 000   -354.00   -807.00
2003 10 30 02 36 00 000   -349.00   -833.00
2003 10 30 02 37 00 000   -340.00   -843.00
2003 10 30 02 38 00 000   -337.00   -885.00
2003 10 30 02 39 00 000   -338.00   -990.00
2003 10 30 02 40 00 000   -340.00   -931.00
2003 10 30 02 41 00 000   -344.00   -868.00
2003 10 30 02 42 00 000   -347.00   -878.00
2003 10 30 02 43 00 000   -350.00   -952.00
2003 10 30 02 44 00 000   -352.00   -985.00
2003 10 30 02 45 00 000   -353.00   -936.00
2003 10 30 02 46 00 000   -354.00   -905.00
2003 10 30 02 47 00 000   -352.00   -958.00
2003 10 30 02 48 00 000   -346.00  -1017.00
2003 10 30 02 49 00 000   -343.00  -1046.00
2003 10 30 02 50 00 000   -346.00   -982.00
2003 10 30 02 51 00 000   -350.00   -844.00
2003 10 30 02 52 00 000   -347.00   -887.00
2003 10 30 02 53 00 000   -334.00  -1038.00
2003 10 30 02 54 00 000   -334.00  -1060.00
2003 10 30 02 55 00 000   -338.00  -1122.00
2003 10 30 02 56 00 000   -343.00  -1304.00
2003 10 30 02 57 00 000   -345.00  -1439.00
2003 10 30 02 58 00 000   -344.00  -1519.00
2003 10 30 02 59 00 000   -338.00  -1506.00
2003 10 30 03 00 00 000   -325.00  -1265.00
2003 10 30 03 01 00 000   -324.00  -1118.00
2003 10 30 03 02 00 000   -329.00  -1107.00
2003 10 30 03 03 00 000   -326.00  -1219.00
2003 10 30 03 04 00 000   -326.00  -1162.00
2003 10 30 03 05 00 000   -338.00  -1278.00
2003 10 30 03 06 00 000   -345.00  -1189.00
2003 10 30 03 07 00 000   -356.00  -1112.00
2003 10 30 03 08 00 000   -343.00  -1152.00
2003 10 30 03 09 00 000   -338.00  -1068.00
2003 10 30 03 10 00 000   -338.00  -1167.00
2003 10 30 03 11 00 000   -340.00  -1062.00
2003 10 30 03 12 00 000   -341.00   -999.00
2003 10 30 03 13 00 000   -338.00   -890.00
2003 10 30 03 14 00 000   -333.00   -722.00
2003 10 30 03 15 00 000   -331.00   -543.00
2003 10 30 03 16 00 000   -331.00   -521.00
2003 10 30 03 17 00 000   -331.00   -560.00
2003 10 30 03 18 00 000   -326.00   -556.00
2003 10 30 03 19 00 000   -319.00   -481.00
2003 10 30 03 20 00 000   -316.00   -379.00
2003 10 30 03 21 00 000   -313.00   -395.00
2003 10 30 03 22 00 000   -312.00   -334.00
2003 10 30 03 23 00 000   -307.00   -331.00
2003 10 30 03 24 00 000   -305.00   -394.00
2003 10 30 03 25 00 000   -307.00   -480.00
2003 10 30 03 26 00 000   -305.00   -432.00
2003 10 30 03 27 00 000   -306.00   -415.00
2003 10 30 03 28 00 000   -309.00   -392.00
2003 10 30 03 29 00 000   -307.00   -380.00
2003 10 30 03 30 00 000   -304.00   -380.00
2003 10 30 03 31 00 000   -302.00   -407.00
2003 10 30 03 32 00 000   -301.00   -424.00
2003 10 30 03 33 00 000   -301.00   -409.00
2003 10 30 03 34 00 000   -301.00   -463.00
2003 10 30 03 35 00 000   -301.00   -509.00
2003 10 30 03 36 00 000   -300.00   -504.00
2003 10 30 03 37 00 000   -300.00   -485.00
2003 10 30 03 38 00 000   -298.00   -442.00
2003 10 30 03 39 00 000   -296.00   -451.00
2003 10 30 03 40 00 000   -295.00   -442.00
2003 10 30 03 41 00 000   -295.00   -415.00
2003 10 30 03 42 00 000   -293.00   -382.00
2003 10 30 03 43 00 000   -293.00   -408.00
2003 10 30 03 44 00 000   -295.00   -433.00
2003 10 30 03 45 00 000   -294.00   -414.00
2003 10 30 03 46 00 000   -297.00   -433.00
2003 10 30 03 47 00 000   -302.00   -498.00
2003 10 30 03 48 00 000   -302.00   -423.00
2003 10 30 03 49 00 000   -300.00   -305.00
2003 10 30 03 50 00 000   -300.00   -293.00
2003 10 30 03 51 00 000   -299.00   -220.00
2003 10 30 03 52 00 000   -297.00   -202.00
2003 10 30 03 53 00 000   -295.00   -170.00
2003 10 30 03 54 00 000   -294.00   -199.00
2003 10 30 03 55 00 000   -292.00   -227.00
2003 10 30 03 56 00 000   -292.00   -238.00
2003 10 30 03 57 00 000   -292.00   -262.00
2003 10 30 03 58 00 000   -291.00   -246.00
2003 10 30 03 59 00 000   -290.00   -227.00
2003 10 30 04 00 00 000   -289.00   -191.00
2003 10 30 04 01 00 000   -287.00   -161.00
2003 10 30 04 02 00 000   -286.00   -159.00
2003 10 30 04 03 00 000   -284.00   -184.00
2003 10 30 04 04 00 000   -283.00   -204.00
2003 10 30 04 05 00 000   -282.00   -216.00
2003 10 30 04 06 00 000   -281.00   -207.00
2003 10 30 04 07 00 000   -280.00   -226.00
2003 10 30 04 08 00 000   -281.00   -224.00
2003 10 30 04 09 00 000   -286.00   -227.00
2003 10 30 04 10 00 000   -289.00   -210.00
2003 10 30 04 11 00 000   -290.00   -182.00
2003 10 30 04 12 00 000   -288.00   -146.00
2003 10 30 04 13 00 000   -286.00   -165.00
2003 10 30 04 14 00 000   -285.00   -158.00
2003 10 30 04 15 00 000   -284.00   -165.00
2003 10 30 04 16 00 000   -283.00   -167.00
2003 10 30 04 17 00 000   -281.00   -153.00
2003 10 30 04 18 00 000   -280.00   -116.00
2003 10 30 04 19 00 000   -279.00    -94.00
2003 10 30 04 20 00 000   -280.00    -96.00
2003 10 30 04 21 00 000   -278.00    -92.00
2003 10 30 04 22 00 000   -276.00    -90.00
2003 10 30 04 23 00 000   -275.00    -87.00
2003 10 30 04 24 00 000   -274.00    -76.00
2003 10 30 04 25 00 000   -273.00   -100.00
2003 10 30 04 26 00 000   -272.00   -138.00
2003 10 30 04 27 00 000   -271.00   -144.00
2003 10 30 04 28 00 000   -270.00   -140.00
2003 10 30 04 29 00 000   -270.00   -150.00
2003 10 30 04 30 00 000   -270.00   -162.00
2003 10 30 04 31 00 000   -270.00   -171.00
2003 10 30 04 32 00 000   -268.00   -176.00
2003 10 30 04 33 00 000   -266.00   -181.00
2003 10 30 04 34 00 000   -264.00   -191.00
2003 10 30 04 35 00 000   -262.00   -193.00
2003 10 30 04 36 00 000   -260.00   -198.00
2003 10 30 04 37 00 000   -258.00   -202.00
2003 10 30 04 38 00 000   -257.00   -208.00
2003 10 30 04 39 00 000   -257.00   -220.00
2003 10 30 04 40 00 000   -257.00   -209.00
2003 10 30 04 41 00 000   -257.00   -184.00
2003 10 30 04 42 00 000   -257.00   -159.00
2003 10 30 04 43 00 000   -256.00   -145.00
2003 10 30 04 44 00 000   -256.00   -143.00
2003 10 30 04 45 00 000   -255.00   -143.00
2003 10 30 04 46 00 000   -252.00   -129.00
2003 10 30 04 47 00 000   -249.00   -129.00
2003 10 30 04 48 00 000   -248.00   -128.00
2003 10 30 04 49 00 000   -249.00   -147.00
2003 10 30 04 50 00 000   -251.00   -125.00
2003 10 30 04 51 00 000   -251.00   -121.00
2003 10 30 04 52 00 000   -250.00   -106.00
2003 10 30 04 53 00 000   -247.00    -90.00
2003 10 30 04 54 00 000   -244.00    -77.00
2003 10 30 04 55 00 000   -241.00   -102.00
2003 10 30 04 56 00 000   -240.00   -108.00
2003 10 30 04 57 00 000   -242.00   -105.00
2003 10 30 04 58 00 000   -243.00   -121.00
2003 10 30 04 59 00 000   -243.00   -132.00
2003 10 30 05 00 00 000   -244.00   -117.00
2003 10 30 05 01 00 000   -244.00   -117.00
2003 10 30 05 02 00 000   -243.00   -123.00
2003 10 30 05 03 00 000   -243.00   -132.00
2003 10 30 05 04 00 000   -242.00   -140.00
2003 10 30 05 05 00 000   -241.00   -137.00
2003 10 30 05 06 00 000   -240.00   -134.00
2003 10 30 05 07 00 000   -240.00   -140.00
2003 10 30 05 08 00 000   -241.00   -154.00
2003 10 30 05 09 00 000   -242.00   -173.00
2003 10 30 05 10 00 000   -244.00   -192.00
2003 10 30 05 11 00 000   -246.00   -215.00
2003 10 30 05 12 00 000   -246.00   -213.00
2003 10 30 05 13 00 000   -246.00   -208.00
2003 10 30 05 14 00 000   -245.00   -203.00
2003 10 30 05 15 00 000   -247.00   -197.00
2003 10 30 05 16 00 000   -247.00   -180.00
2003 10 30 05 17 00 000   -246.00   -162.00
2003 10 30 05 18 00 000   -245.00   -149.00
2003 10 30 05 19 00 000   -244.00   -142.00
2003 10 30 05 20 00 000   -244.00   -150.00
2003 10 30 05 21 00 000   -243.00   -152.00
2003 10 30 05 22 00 000   -242.00   -147.00
2003 10 30 05 23 00 000   -241.00   -138.00
2003 10 30 05 24 00 000   -241.00   -124.00
2003 10 30 05 25 00 000   -244.00   -112.00
2003 10 30 05 26 00 000   -245.00   -104.00
2003 10 30 05 27 00 000   -245.00    -88.00
2003 10 30 05 28 00 000   -244.00    -74.00
2003 10 30 05 29 00 000   -241.00    -73.00
2003 10 30 05 30 00 000   -240.00    -77.00
2003 10 30 05 31 00 000   -240.00    -87.00
2003 10 30 05 32 00 000   -241.00   -101.00
2003 10 30 05 33 00 000   -243.00   -119.00
2003 10 30 05 34 00 000   -246.00   -117.00
2003 10 30 05 35 00 000   -248.00   -101.00
2003 10 30 05 36 00 000   -245.00    -99.00
2003 10 30 05 37 00 000   -240.00    -91.00
2003 10 30 05 38 00 000   -235.00    -62.00
2003 10 30 05 39 00 000   -232.00    -72.00
2003 10 30 05 40 00 000   -234.00   -123.00
2003 10 30 05 41 00 000   -237.00   -148.00
2003 10 30 05 42 00 000   -239.00   -147.00
2003 10 30 05 43 00 000   -239.00   -133.00
2003 10 30 05 44 00 000   -237.00   -110.00
2003 10 30 05 45 00 000   -236.00   -113.00
2003 10 30 05 46 00 000   -236.00   -133.00
2003 10 30 05 47 00 000   -237.00   -139.00
2003 10 30 05 48 00 000   -237.00   -145.00
2003 10 30 05 49 00 000   -238.00   -144.00
2003 10 30 05 50 00 000   -238.00   -139.00
2003 10 30 05 51 00 000   -239.00   -125.00
2003 10 30 05 52 00 000   -239.00   -115.00
2003 10 30 05 53 00 000   -238.00   -123.00
2003 10 30 05 54 00 000   -238.00   -121.00
2003 10 30 05 55 00 000   -238.00    -94.00
2003 10 30 05 56 00 000   -238.00    -90.00
2003 10 30 05 57 00 000   -237.00    -94.00
2003 10 30 05 58 00 000   -236.00    -87.00
2003 10 30 05 59 00 000   -236.00    -87.00
2003 10 30 06 00 00 000   -234.00   -106.00
