Hourly Dst obtained from minute resolution SYMH and corresponding simulation time
year mo dy hr dst hours_sim dy_sim hr_sim mn_sim sc_sim
2010 04 04 19   -14.00    19.98 04 19 59 00
2010 04 04 20   -17.82    20.95 04 20 57 00
2010 04 04 21   -19.48    21.98 04 21 59 00
2010 04 04 22   -12.17    22.92 04 22 55 00
2010 04 04 23   -19.15    23.92 04 23 55 00
2010 04 05 00   -24.03    24.92 05 00 55 00
2010 04 05 01   -26.05    25.82 05 01 49 00
2010 04 05 02   -19.00    26.93 05 02 56 00
2010 04 05 03   -16.93    27.88 05 03 53 00
2010 04 05 04   -15.15    28.87 05 04 52 00
2010 04 05 05   -13.58    29.88 05 05 53 00
2010 04 05 06   -14.18    30.90 05 06 54 00
2010 04 05 07   -18.15    31.80 05 07 48 00
2010 04 05 08   -16.02    32.63 05 08 38 00
2010 04 05 09     2.07    33.65 05 09 39 00
2010 04 05 10   -18.72    34.63 05 10 38 00
2010 04 05 11   -39.82    35.63 05 11 38 00
2010 04 05 12   -36.13    36.63 05 12 38 00
2010 04 05 13   -16.25    37.58 05 13 35 00
2010 04 05 14   -29.77    38.57 05 14 34 00
2010 04 05 15   -39.95    39.62 05 15 37 00
2010 04 05 16   -44.38    40.65 05 16 39 00
2010 04 05 17   -35.57    41.65 05 17 39 00
2010 04 05 18   -27.82    42.67 05 18 40 00
2010 04 05 19   -20.28    43.68 05 19 41 00
2010 04 05 20   -33.12    44.70 05 20 42 00
2010 04 05 21   -35.55    45.68 05 21 41 00
2010 04 05 22   -39.02    46.70 05 22 42 00
2010 04 05 23   -46.50    47.72 05 23 43 00
