Hourly Dst obtained from minute resolution SYMH and corresponding simulation time
year mo dy hr dst_sm hours_sim dy_sim hr_sim mn_sim sc_sim
2024 05 10 08     2.00     9.18 10 09 10 34
2024 05 10 09     2.37    10.13 10 10 07 43
2024 05 10 10     3.62    11.14 10 11 08 08
2024 05 10 11     0.45    12.19 10 12 11 10
2024 05 10 12    -7.27    13.12 10 13 07 29
2024 05 10 13    -9.02    14.07 10 14 04 04
2024 05 10 14    -3.30    15.00 10 14 59 50
2024 05 10 15     5.13    16.05 10 16 03 14
2024 05 10 16    13.57    17.04 10 17 02 34
2024 05 10 17    12.42    17.70 10 17 41 48
2024 05 10 18    39.42    18.63 10 18 37 42
2024 05 10 19   -63.38    19.64 10 19 38 17
2024 05 10 20  -150.43    20.67 10 20 40 08
2024 05 10 21  -142.47    21.65 10 21 39 13
2024 05 10 22  -227.32    22.59 10 22 35 22
2024 05 10 23  -291.00    23.65 10 23 39 01
2024 05 11 00  -315.10    24.63 11 00 37 34
2024 05 11 01  -297.07    25.64 11 01 38 26
2024 05 11 02  -385.63    26.63 11 02 37 49
2024 05 11 03  -435.17    27.64 11 03 38 28
2024 05 11 04  -392.00    28.66 11 04 39 34
2024 05 11 05  -398.57    29.69 11 05 41 37
2024 05 11 06  -349.62    30.68 11 06 40 32
2024 05 11 07  -308.87    31.69 11 07 41 13
2024 05 11 08  -381.55    32.64 11 08 38 21
2024 05 11 09  -378.73    33.65 11 09 38 56
2024 05 11 10  -312.52    34.67 11 10 39 56
2024 05 11 11  -335.58    35.60 11 11 35 50
2024 05 11 12  -294.17    36.53 11 12 31 31
2024 05 11 13  -287.17    37.57 11 13 34 24
2024 05 11 14  -302.50    38.61 11 14 36 32
2024 05 11 15  -298.27    39.58 11 15 34 53
2024 05 11 16  -282.63    40.60 11 16 35 45
2024 05 11 17  -290.73    41.58 11 17 35 03
2024 05 11 18  -252.60    42.52 11 18 31 00
2024 05 11 19  -200.55    43.53 11 19 31 44
2024 05 11 20  -203.62    44.52 11 20 30 59
2024 05 11 21  -192.75    45.53 11 21 31 54
2024 05 11 22  -170.88    46.52 11 22 30 56
2024 05 11 23  -157.97    47.52 11 23 31 05
2024 05 12 00  -170.17    48.51 12 00 30 30
2024 05 12 01  -152.15    49.48 12 01 28 59
2024 05 12 02  -144.65    50.50 12 02 30 10
2024 05 12 03  -132.67    51.48 12 03 28 57
2024 05 12 04  -135.80    52.51 12 04 30 32
2024 05 12 05  -136.08    53.52 12 05 31 16
2024 05 12 06  -152.70    54.53 12 06 31 50
2024 05 12 07  -137.83    55.55 12 07 33 13
2024 05 12 08  -137.72    56.56 12 08 33 41
2024 05 12 09  -136.42    57.51 12 09 30 44
2024 05 12 10  -117.55    58.52 12 10 31 22
2024 05 12 11  -108.93    59.53 12 11 31 45
2024 05 12 12  -114.15    60.53 12 12 31 31
2024 05 12 13  -110.93    61.55 12 13 33 13
2024 05 12 14  -107.28    62.53 12 14 32 01
2024 05 12 15  -108.47    63.54 12 15 32 11
2024 05 12 16  -106.42    64.57 12 16 34 03
2024 05 12 17  -105.83    65.54 12 17 32 08
2024 05 12 18  -100.30    66.52 12 18 31 10
2024 05 12 19   -93.97    67.53 12 19 31 33
2024 05 12 20   -90.43    68.54 12 20 32 11
2024 05 12 21   -80.75    69.57 12 21 33 58
2024 05 12 22   -76.30    70.56 12 22 33 53
2024 05 12 23   -85.33    71.59 12 23 35 18
2024 05 13 00   -84.60    72.58 13 00 34 43
