Corrected IMF based on L1.dat
yr mo dy hr mn sc ms bx by bz ux uy uz rho T
#START
2024 05 10 00 51 03  25      -4.89      -0.10      -3.22    -398.96       0.00       0.00       4.67     73080.00
2024 05 10 00 55 37 369      -4.43       0.31      -3.93    -402.33       0.00       0.00       4.44     69595.00
2024 05 10 01 00 27 661      -4.12       0.58      -4.15    -403.62       0.00       0.00       4.18     65562.00
2024 05 10 01 05 18 239      -3.63       1.51      -4.36    -404.88       0.00       0.00       4.23     58391.00
2024 05 10 01 10 21 747      -3.56       1.77      -4.04    -404.41       0.00       0.00       4.80     62745.00
2024 05 10 01 15 49 877      -3.80       0.84      -4.05    -400.68       0.00       0.00       4.75     63003.00
2024 05 10 01 21 36   6      -4.29      -0.18      -3.63    -394.71       0.00       0.00       4.88     64238.00
2024 05 10 01 26 31 698      -4.00      -2.10      -3.22    -395.26       0.00       0.00       4.36     66892.00
2024 05 10 01 31 48 607      -4.17      -1.65      -3.11    -393.11       0.00       0.00       4.48     69577.00
2024 05 10 01 36 25 609      -3.24      -2.93      -2.77    -396.04       0.00       0.00       4.21     67651.00
2024 05 10 01 41 35 379      -3.00       0.85      -4.04    -394.79       0.00       0.00       4.65     64389.00
2024 05 10 01 47 18 627      -3.53      -0.76      -3.65    -389.35       0.00       0.00       4.32     73702.00
2024 05 10 01 50 20 925      -1.00      -3.27      -0.21    -404.52       0.00       0.00       4.51     78467.00
2024 05 10 01 53 18 884       0.81      -4.34       0.69    -421.55       0.00       0.00       4.62     67312.00
2024 05 10 02 00 17  47      -2.71      -0.28       0.71    -405.04       0.00       0.00       4.06     77911.00
2024 05 10 02 06 44 106      -3.88       1.47      -0.53    -393.68       0.00       0.00       3.85     92388.00
2024 05 10 02 11 09 257      -3.48       2.00      -2.11    -398.15       0.00       0.00       4.48     87890.00
2024 05 10 02 14 20 187      -2.81       3.43      -2.05    -412.82       0.00       0.00       3.46     78538.00
2024 05 10 02 17 49 613      -2.60       6.01      -0.11    -425.85       0.00       0.00       3.32     54406.00
2024 05 10 02 22 21 653      -2.23       5.98      -0.51    -430.04       0.00       0.00       4.01     55615.00
2024 05 10 02 27 12 170      -2.38       6.09      -0.08    -431.48       0.00       0.00       4.10     48449.00
2024 05 10 02 32 30 336      -2.52       5.95       0.68    -428.73       0.00       0.00       3.86     46240.00
2024 05 10 02 37 11 317      -2.04       6.04       0.78    -431.61       0.00       0.00       4.41     43656.00
2024 05 10 02 42 38 738      -1.60       6.30       1.14    -427.47       0.00       0.00       4.38     37237.00
2024 05 10 02 47 50 556      -1.49       6.28       1.42    -425.71       0.00       0.00       4.82     35387.00
2024 05 10 02 52 36 265      -1.56       6.11       1.56    -427.84       0.00       0.00       4.46     40918.00
2024 05 10 02 57 14 995      -1.95       4.97       1.51    -431.05       0.00       0.00       6.76     43701.00
2024 05 10 03 01 49 252      -1.44       4.29       1.75    -435.00       0.00       0.00       8.68     49761.00
2024 05 10 03 07 12 564      -2.70       4.71       1.55    -431.42       0.00       0.00       5.90     59766.00
2024 05 10 03 12 22 579      -2.89       3.96       0.72    -429.90       0.00       0.00       6.84     64987.00
2024 05 10 03 17 08 826      -1.70      -1.53      -1.65    -431.99       0.00       0.00      12.78     42330.00
2024 05 10 03 22 13 746      -2.00      -3.13      -2.93    -431.24       0.00       0.00      12.92     33978.00
2024 05 10 03 27 26 419      -2.17      -3.72      -3.71    -429.32       0.00       0.00      11.12     27563.00
2024 05 10 03 32 14 995      -2.93      -3.08      -4.24    -431.05       0.00       0.00      10.10     27635.00
2024 05 10 03 37 21 653      -1.75      -4.69      -4.14    -430.04       0.00       0.00       7.98     23161.00
2024 05 10 03 42 34 864      -0.81      -5.20      -3.73    -428.05       0.00       0.00       8.10     20751.00
2024 05 10 03 47 37 601      -1.11      -4.97      -3.74    -427.64       0.00       0.00       7.66     21710.00
2024 05 10 03 52 40 277      -0.97      -4.85      -3.49    -427.24       0.00       0.00       8.15     24515.00
2024 05 10 03 57 43 964      -0.73      -4.27      -3.26    -426.69       0.00       0.00       8.23     29905.00
2024 05 10 04 02 37 401      -1.25      -2.61      -2.98    -427.67       0.00       0.00       8.01     43125.00
2024 05 10 04 07 27 878      -0.58      -2.50      -2.08    -429.10       0.00       0.00       8.87     47288.00
2024 05 10 04 12 15 587      -1.06      -0.81      -1.78    -430.96       0.00       0.00       8.02     50325.00
2024 05 10 04 17 14 995      -0.70      -0.90      -1.45    -431.05       0.00       0.00       9.00     48919.00
2024 05 10 04 22 13 680       0.01      -1.29      -1.48    -431.25       0.00       0.00       9.83     47857.00
2024 05 10 04 27 15 258       0.07      -1.02      -1.94    -431.01       0.00       0.00       9.43     48722.00
2024 05 10 04 32 18 287       0.10      -0.66      -1.55    -430.55       0.00       0.00       9.67     47422.00
2024 05 10 04 37 25 425      -0.08      -0.64      -1.61    -429.47       0.00       0.00       9.99     46586.00
2024 05 10 04 42 34 531      -0.14      -0.85      -2.12    -428.10       0.00       0.00       9.90     44395.00
2024 05 10 04 47 36 599      -0.19      -1.02      -2.24    -427.79       0.00       0.00       9.85     45726.00
2024 05 10 04 52 37 134       0.11      -1.39      -1.99    -427.71       0.00       0.00       9.04     45816.00
2024 05 10 04 57 48 602       0.69      -1.29      -0.69    -426.00       0.00       0.00       8.00     50744.00
2024 05 10 05 03 12 229       1.12      -0.77      -0.43    -422.52       0.00       0.00       7.63     50798.00
2024 05 10 05 08 15 107       0.62      -0.49       0.04    -422.10       0.00       0.00       6.97     53901.00
2024 05 10 05 13 21 362       1.70      -0.96       0.56    -421.19       0.00       0.00       6.24     54734.00
2024 05 10 05 18 10 997       1.23      -0.70      -0.23    -422.70       0.00       0.00       6.44     57208.00
2024 05 10 05 23 15 244       0.44      -0.66      -0.78    -422.08       0.00       0.00       6.28     57561.00
2024 05 10 05 28 15 587       0.78      -0.72      -0.75    -422.03       0.00       0.00       6.15     57997.00
2024 05 10 05 33 30 553       0.44      -0.55      -0.63    -419.86       0.00       0.00       6.54     53278.00
2024 05 10 05 38 38 337       0.36      -0.42      -0.53    -418.74       0.00       0.00       6.50     52833.00
2024 05 10 05 43 31 523       0.67      -0.47      -0.48    -419.72       0.00       0.00       6.36     53568.00
2024 05 10 05 48 21 569       0.55      -0.14      -0.36    -421.16       0.00       0.00       6.35     52805.00
2024 05 10 05 53 27  21       0.53      -0.14      -0.81    -420.37       0.00       0.00       6.41     54519.00
2024 05 10 05 58 25 432       0.39      -0.05      -0.80    -420.60       0.00       0.00       6.26     54135.00
2024 05 10 06 03 33 884       0.11      -0.68      -0.64    -419.38       0.00       0.00       6.36     50259.00
2024 05 10 06 08 43 294      -0.25      -0.38      -0.10    -418.03       0.00       0.00       6.23     54437.00
2024 05 10 06 13 52  62       0.48      -0.19      -1.04    -416.78       0.00       0.00       6.08     54097.00
2024 05 10 06 18 51 569       0.49       0.07      -1.83    -416.85       0.00       0.00       5.61     50232.00
2024 05 10 06 23 53 258       0.61      -0.01      -1.59    -416.61       0.00       0.00       5.65     53610.00
2024 05 10 06 29 03 574       1.05       0.06      -0.68    -415.15       0.00       0.00       6.40     52473.00
2024 05 10 06 34 05 631       1.43      -0.01      -0.63    -414.86       0.00       0.00       6.70     52943.00
2024 05 10 06 39 36 120       0.14      -0.98      -1.09    -410.61       0.00       0.00       7.62     46368.00
2024 05 10 06 44 44 697       0.14      -1.20      -1.00    -409.43       0.00       0.00       7.50     47229.00
2024 05 10 06 49 43 823      -0.57      -2.02      -1.46    -409.55       0.00       0.00       7.14     44053.00
2024 05 10 06 54 46 959      -0.73      -2.48      -1.90    -409.12       0.00       0.00       7.68     38247.00
2024 05 10 06 59 59 864      -0.61      -2.12      -2.42    -407.36       0.00       0.00       7.78     37352.00
2024 05 10 07 04 14 176      -0.69      -2.58      -3.53    -413.66       0.00       0.00       6.92     25982.00
2024 05 10 07 08 51 921      -0.35      -1.97      -3.45    -416.80       0.00       0.00       7.07     24292.00
2024 05 10 07 13 35 274       0.47      -1.78      -1.88    -419.18       0.00       0.00       7.57     32955.00
2024 05 10 07 19 01 165      -0.14      -1.79      -1.99    -415.49       0.00       0.00       7.51     36391.00
2024 05 10 07 24 00 174       0.66      -1.66      -1.49    -415.63       0.00       0.00       7.39     38383.00
2024 05 10 07 29 27 880       0.16      -2.03      -2.20    -411.75       0.00       0.00       7.16     37234.00
2024 05 10 07 34 27 159       0.66      -1.45      -1.41    -411.85       0.00       0.00       7.19     41019.00
2024 05 10 07 39 36 555       0.24      -1.57      -1.56    -410.55       0.00       0.00       7.52     41007.00
2024 05 10 07 44 42 803       0.02      -1.59      -2.11    -409.69       0.00       0.00       6.92     38662.00
2024 05 10 07 49 58 245       0.63      -0.97      -1.22    -407.58       0.00       0.00       7.92     38572.00
2024 05 10 07 54 45 426       1.25      -0.86      -1.24    -409.33       0.00       0.00       6.87     45479.00
2024 05 10 07 59 41 930       1.58      -0.92      -1.17    -409.81       0.00       0.00       8.16     35874.00
2024 05 10 08 04 35  33       1.89      -1.00      -0.25    -410.76       0.00       0.00       9.01     34083.00
2024 05 10 08 09 25 863       1.35      -1.50       0.13    -412.03       0.00       0.00       8.78     32758.00
2024 05 10 08 14 24 496       1.46      -1.40      -0.00    -412.22       0.00       0.00       8.70     34482.00
2024 05 10 08 19 48 420       2.13      -0.52       1.14    -408.92       0.00       0.00       8.83     34954.00
2024 05 10 08 24 50 614       2.02      -0.91       0.50    -408.62       0.00       0.00       9.03     33083.00
2024 05 10 08 29 52 518       2.19      -0.69       0.52    -408.36       0.00       0.00       9.01     34264.00
2024 05 10 08 35 15 186       2.31      -0.88       0.70    -405.29       0.00       0.00       8.41     33269.00
2024 05 10 08 40 00 527       2.16      -0.74       0.68    -407.27       0.00       0.00       8.25     35500.00
2024 05 10 08 44 35 758       1.83      -1.04       0.77    -410.66       0.00       0.00       7.55     39593.00
2024 05 10 08 49 54 718       2.22      -0.75       1.29    -408.06       0.00       0.00       6.99     43573.00
2024 05 10 08 55 07 764       2.11       0.73       1.28    -406.29       0.00       0.00       6.93     44831.00
2024 05 10 08 59 54 204       1.67      -0.73       0.85    -408.13       0.00       0.00       6.94     50035.00
2024 05 10 09 05 15 707       1.94       0.45       1.15    -405.22       0.00       0.00       7.65     48463.00
2024 05 10 09 09 58 171       1.68      -0.49       1.80    -407.59       0.00       0.00       6.09     53945.00
2024 05 10 09 15 04 954       1.83       0.48       1.87    -406.67       0.00       0.00       6.83     55964.00
2024 05 10 09 19 05 560       3.15      -0.84       1.28    -414.87       0.00       0.00       6.15     67239.00
2024 05 10 09 22 23 306       3.08      -2.10       0.29    -429.79       0.00       0.00       4.86     71779.00
2024 05 10 09 27 33 797       2.62      -1.77       0.35    -428.21       0.00       0.00       5.08     75602.00
2024 05 10 09 32 26 618       1.72      -1.74      -0.33    -429.29       0.00       0.00       5.08     67291.00
2024 05 10 09 38 04  38       0.06      -0.62      -1.21    -423.72       0.00       0.00       5.68     65503.00
2024 05 10 09 43 25  17      -0.67      -1.32      -1.99    -420.66       0.00       0.00       5.28     66621.00
2024 05 10 09 48 23 982      -0.54      -1.24      -1.99    -420.81       0.00       0.00       5.86     59830.00
2024 05 10 09 53 53 610      -1.65      -1.06      -2.10    -416.56       0.00       0.00       4.53     70189.00
2024 05 10 09 59 11 750      -2.02      -0.56      -2.35    -414.00       0.00       0.00       3.74     77155.00
2024 05 10 10 03 55 865      -1.67      -0.88      -3.00    -416.24       0.00       0.00       3.63     70481.00
2024 05 10 10 08 17 716      -1.17      -1.77      -2.54    -421.72       0.00       0.00       3.72     73356.00
2024 05 10 10 13 26 883      -1.11      -2.15      -2.86    -420.39       0.00       0.00       3.88     67907.00
2024 05 10 10 18 39 732      -0.78      -2.23      -2.72    -418.54       0.00       0.00       3.85     66356.00
2024 05 10 10 23 56 218      -1.10      -2.20      -2.83    -416.19       0.00       0.00       3.41     64846.00
2024 05 10 10 28 51 780      -0.62      -1.35      -2.57    -416.82       0.00       0.00       4.21     73273.00
2024 05 10 10 33 50  23      -0.66      -1.16      -2.54    -417.07       0.00       0.00       4.01     69680.00
2024 05 10 10 39 16 750      -0.82      -1.39      -2.46    -413.30       0.00       0.00       4.02     68604.00
2024 05 10 10 44 27 376      -1.24      -1.69      -2.81    -411.82       0.00       0.00       3.47     61174.00
2024 05 10 10 49 44 989      -1.75      -2.19      -2.77    -409.39       0.00       0.00       2.88     62126.00
2024 05 10 10 55 02 296      -1.94      -2.48      -3.18    -407.03       0.00       0.00       2.14     53187.00
2024 05 10 10 59 44 697      -1.68      -1.70      -3.05    -409.43       0.00       0.00       2.46     66803.00
2024 05 10 11 04 37 860      -1.71      -2.15      -3.38    -410.37       0.00       0.00       2.39     54059.00
2024 05 10 11 10 09 839      -1.97      -2.21      -3.14    -406.01       0.00       0.00       2.27     55421.00
2024 05 10 11 15 42 360      -2.17      -2.03      -2.96    -401.67       0.00       0.00       2.32     63215.00
2024 05 10 11 20 09  23      -2.10      -1.98      -3.19    -406.12       0.00       0.00       2.30     63616.00
2024 05 10 11 25 25 338      -2.39      -2.23      -2.73    -403.93       0.00       0.00       2.17     68161.00
2024 05 10 11 30 05 176      -1.89      -2.36      -2.98    -406.64       0.00       0.00       1.96     50059.00
2024 05 10 11 35 10 654      -1.78      -2.45      -3.00    -405.90       0.00       0.00       2.11     46260.00
2024 05 10 11 39 48 639      -1.48      -2.96      -2.71    -408.89       0.00       0.00       2.02     40881.00
2024 05 10 11 44 33 875      -1.87      -2.08      -2.88    -410.92       0.00       0.00       2.35     51129.00
2024 05 10 11 50 21 821      -2.42      -0.92      -3.05    -404.40       0.00       0.00       2.53     61264.00
2024 05 10 11 55 30  63      -2.14      -1.62      -3.07    -403.30       0.00       0.00       2.50     53507.00
2024 05 10 12 00 27 511      -2.20      -2.21      -2.28    -403.64       0.00       0.00       2.33     61533.00
2024 05 10 12 06 05 715      -2.53      -1.68      -3.03    -398.61       0.00       0.00       2.27     47395.00
2024 05 10 12 11 37 497      -2.68      -1.34      -3.26    -394.52       0.00       0.00       2.28     45758.00
2024 05 10 12 16 04 254      -2.44      -1.89      -3.17    -398.80       0.00       0.00       2.18     42836.00
2024 05 10 12 20 21 448      -2.04      -2.11      -3.06    -404.45       0.00       0.00       2.12     46609.00
2024 05 10 12 25 20 253      -2.21      -1.87      -3.00    -404.61       0.00       0.00       2.08     47990.00
2024 05 10 12 30 44 330      -2.78      -0.68      -2.41    -401.41       0.00       0.00       2.40     71891.00
2024 05 10 12 35 38 879      -2.95      -0.72      -2.41    -402.13       0.00       0.00       2.37     75017.00
2024 05 10 12 40 58 579      -3.13      -0.65      -2.37    -399.54       0.00       0.00       2.16     73181.00
2024 05 10 12 45 47 747      -3.21      -0.64      -2.48    -400.96       0.00       0.00       2.39     63771.00
2024 05 10 12 50 22 943      -3.23      -0.46      -2.39    -404.25       0.00       0.00       2.55     74862.00
2024 05 10 12 54 55 819      -3.04      -0.81      -2.61    -407.91       0.00       0.00       2.52     75130.00
2024 05 10 12 59 52 811      -3.26       0.04      -2.14    -408.32       0.00       0.00       2.55     87537.00
2024 05 10 13 04 03 574      -1.80      -0.58      -1.50    -415.15       0.00       0.00       3.35     73354.00
2024 05 10 13 10 17 568      -2.59      -1.13      -2.60    -404.97       0.00       0.00       2.31     78435.00
2024 05 10 13 14 45 208      -3.17      -0.28      -2.10    -409.36       0.00       0.00       2.26     98760.00
2024 05 10 13 20 14 144      -3.51      -0.20      -1.78    -405.43       0.00       0.00       2.27    100447.00
2024 05 10 13 24 42 439      -3.19       0.20      -1.87    -409.74       0.00       0.00       2.24     97932.00
2024 05 10 13 29 38 151      -3.13      -0.47      -1.86    -410.33       0.00       0.00       2.21     94140.00
2024 05 10 13 34 46  83      -3.23      -0.92      -1.91    -409.24       0.00       0.00       2.48     90529.00
2024 05 10 13 39 31 705      -3.22      -0.89      -1.84    -411.22       0.00       0.00       2.28     89055.00
2024 05 10 13 44 09 613      -2.80      -0.62      -2.73    -414.30       0.00       0.00       2.47     93928.00
2024 05 10 13 47 58 874      -2.92      -0.62      -3.05    -424.48       0.00       0.00       2.78     93206.00
2024 05 10 13 51 44 739      -3.00      -0.94      -3.77    -435.70       0.00       0.00       3.40    104451.00
2024 05 10 13 56 21 881      -3.22      -1.58      -3.36    -439.28       0.00       0.00       3.12    106313.00
2024 05 10 14 01 22 324      -3.31      -0.42      -3.33    -439.21       0.00       0.00       3.23    107057.00
2024 05 10 14 05 52 308      -2.82      -0.50      -3.18    -444.00       0.00       0.00       3.40    126823.00
2024 05 10 14 10 37  81      -3.16       0.39      -1.41    -446.47       0.00       0.00       3.53    147053.00
2024 05 10 14 15 18 994      -1.28       2.70       3.67    -449.44       0.00       0.00       2.86     93371.00
2024 05 10 14 19 46 949      -1.06       3.01       2.78    -454.80       0.00       0.00       3.24    100984.00
2024 05 10 14 25 10 911      -1.79       1.72       0.25    -450.78       0.00       0.00       5.20    117297.00
2024 05 10 14 30 02 339      -1.88       1.50      -1.94    -452.21       0.00       0.00       6.94     77411.00
2024 05 10 14 34 51 684      -1.90       0.50      -0.69    -454.00       0.00       0.00       8.78     71995.00
2024 05 10 14 39 37 178      -0.89       0.79       0.36    -456.46       0.00       0.00      11.80     47287.00
2024 05 10 14 44 27  11      -0.95       0.40      -0.42    -458.20       0.00       0.00      11.85     46136.00
2024 05 10 14 49 17 846      -1.25      -1.02       0.25    -459.78       0.00       0.00      13.78     44469.00
2024 05 10 14 54 10 468      -1.26      -0.76       0.61    -461.06       0.00       0.00      13.52     44325.00
2024 05 10 14 59 13 345      -1.32       0.47       0.66    -460.56       0.00       0.00      12.33     42500.00
2024 05 10 15 04 32 260      -1.43       1.09       0.79    -457.30       0.00       0.00      10.77     47789.00
2024 05 10 15 09 41 760      -2.18       1.53       0.76    -455.68       0.00       0.00       9.72     56390.00
2024 05 10 15 14 58 758      -3.03       1.70       0.59    -452.81       0.00       0.00       8.99     61051.00
2024 05 10 15 20 02 996      -1.64       1.69       0.86    -452.10       0.00       0.00      11.73     46854.00
2024 05 10 15 24 47 954      -1.38       1.29       0.12    -454.63       0.00       0.00      12.68     43551.00
2024 05 10 15 29 33 546      -2.04       0.16      -0.13    -457.08       0.00       0.00      12.96     42490.00
2024 05 10 15 34 44 411      -1.38       1.03       0.79    -455.23       0.00       0.00      13.23     43541.00
2024 05 10 15 39 54 771      -1.40       1.11       0.60    -453.48       0.00       0.00      13.53     45032.00
2024 05 10 15 45 03 594      -0.78       1.61       1.06    -452.00       0.00       0.00      13.57     43193.00
2024 05 10 15 50 27 612      -0.42       1.51       0.98    -448.02       0.00       0.00      13.23     43554.00
2024 05 10 15 55 20  23      -0.81       1.41       1.21    -449.27       0.00       0.00      13.52     44309.00
2024 05 10 16 00 30 720      -1.45       0.59       0.74    -447.51       0.00       0.00      12.80     45477.00
2024 05 10 16 05 40 580      -1.15       1.02       0.76    -445.90       0.00       0.00      11.64     42296.00
2024 05 10 16 10 44  88      -1.25       3.14       1.49    -445.33       0.00       0.00      10.37     51183.00
2024 05 10 16 16 10 340      -2.13       5.04       2.15    -441.11       0.00       0.00       6.68     60221.00
2024 05 10 16 20 21 476      -1.17       3.36       1.31    -449.03       0.00       0.00      10.86     54402.00
2024 05 10 16 25 11 332      -1.34       2.44       2.21    -450.71       0.00       0.00      14.09     58591.00
2024 05 10 16 30 31 941      -1.66       2.10       1.56    -447.31       0.00       0.00      13.55     51426.00
2024 05 10 16 35 23  53      -1.83       2.64       2.62    -448.77       0.00       0.00      15.19     49879.00
2024 05 10 16 40 01 801      -1.73       2.99       2.11    -452.30       0.00       0.00      14.85     46003.00
2024 05 10 16 45 01 741      -1.69       1.64       2.13    -452.31       0.00       0.00      12.05     43828.00
2024 05 10 16 49 10  65      -1.22       2.25       2.31    -461.13       0.00       0.00      10.62     39453.00
2024 05 10 16 54 30 683      -1.03       1.33       1.62    -457.57       0.00       0.00       7.04     25484.00
2024 05 10 16 59 34 951      -0.74       1.15       1.83    -456.84       0.00       0.00       6.94     25526.00
2024 05 10 17 04 08 859      -1.91       2.90       1.97    -461.34       0.00       0.00       9.06     30941.00
2024 05 10 17 09 19 697      -2.33       1.95       1.42    -459.46       0.00       0.00       6.89     26900.00
2024 05 10 17 11 13 236     -14.56      21.25      -7.91    -652.36       0.00       0.00      32.36    357772.00
2024 05 10 17 15 03 114     -11.84       6.32     -20.56    -677.73       0.00       0.00      32.20    463260.00
2024 05 10 17 18 51 820      -1.76     -15.16     -22.03    -705.63       0.00       0.00      29.34    579714.00
2024 05 10 17 24 33 852      -2.19     -13.70     -14.85    -688.91       0.00       0.00      41.68    517662.00
2024 05 10 17 29 42 780       8.83     -11.54     -21.32    -685.46       0.00       0.00      38.00    516685.00
2024 05 10 17 35 26 370       7.60     -16.90      -9.05    -669.10       0.00       0.00      40.43    468067.00
2024 05 10 17 40 14  89      -1.37     -23.23     -11.88    -673.63       0.00       0.00      31.04    457589.00
2024 05 10 17 44 46 298      -6.40     -13.16     -14.26    -684.11       0.00       0.00      23.71    677479.00
2024 05 10 17 49 18   5      -3.25     -15.14      -2.55    -695.12       0.00       0.00      22.50    617702.00
2024 05 10 17 53 45 292     -18.41     -32.85     -18.95    -708.30       0.00       0.00      18.30    322789.00
2024 05 10 17 59 08 247     -17.61     -29.12     -29.08    -699.00       0.00       0.00      22.81    331595.00
2024 05 10 18 04 24 733     -16.90      -9.93     -43.46    -692.47       0.00       0.00      18.34    329894.00
2024 05 10 18 09 13 867     -15.58     -35.12     -25.05    -696.76       0.00       0.00      17.22    420495.00
2024 05 10 18 14 29 101     -12.09     -47.63     -14.19    -690.76       0.00       0.00      12.24    570372.00
2024 05 10 18 19 05 674     -15.17     -40.51      -8.25    -700.03       0.00       0.00      18.21    631767.00
2024 05 10 18 24 34 496       3.72       6.54      -1.41    -688.66       0.00       0.00      37.15    742970.00
2024 05 10 18 29 00 602      -9.57      -1.81     -29.48    -702.07       0.00       0.00      29.01    564125.00
2024 05 10 18 33 32 502     -22.99     -14.24     -39.80    -713.59       0.00       0.00      26.96    341204.00
2024 05 10 18 38 52 901     -23.03     -10.70     -40.02    -705.19       0.00       0.00      30.18    315001.00
2024 05 10 18 44 10 852     -25.81     -13.86     -38.59    -697.96       0.00       0.00      33.46    226671.00
2024 05 10 18 48 57 336     -23.04     -11.24     -36.19    -703.39       0.00       0.00      38.26    250605.00
2024 05 10 18 56 50 966       3.29     -26.37       4.33    -639.48       0.00       0.00      24.89    620009.00
2024 05 10 19 01 24 968       2.65     -33.35      11.35    -648.30       0.00       0.00      22.57    656096.00
2024 05 10 19 06 01  55      -3.34     -28.89      16.42    -656.63       0.00       0.00      24.66    604933.00
2024 05 10 19 11 16 977       0.76     -32.61      15.12    -651.06       0.00       0.00      19.46    571309.00
2024 05 10 19 15 47 745       6.53     -33.61      16.79    -661.36       0.00       0.00      18.29    566762.00
2024 05 10 19 21 06  28       1.69     -37.85       8.02    -654.88       0.00       0.00      17.04    575338.00
2024 05 10 19 26 18 390      -3.40     -39.88       2.09    -650.57       0.00       0.00      15.86    596442.00
2024 05 10 19 30 17 948       2.60     -34.91      13.95    -672.20       0.00       0.00      16.94    613589.00
2024 05 10 19 34 09 824       0.31     -18.54       7.41    -698.37       0.00       0.00      31.36    486493.00
2024 05 10 19 38 52 778     -10.93     -25.36      -6.28    -705.24       0.00       0.00      40.49    387034.00
2024 05 10 19 43 38 861     -16.56     -35.68      -8.72    -710.95       0.00       0.00      50.35    173880.00
2024 05 10 19 48 33 943     -18.57     -33.90     -16.00    -712.99       0.00       0.00      46.11    159437.00
2024 05 10 19 54 01 470     -22.42     -27.78     -22.02    -701.72       0.00       0.00      36.93    134743.00
2024 05 10 20 00 05   5     -22.71     -17.14     -32.78    -677.02       0.00       0.00      25.24    249362.00
2024 05 10 20 04 55 748     -23.58      -1.48     -36.89    -680.51       0.00       0.00      22.10    216281.00
2024 05 10 20 10 19  84     -23.89      10.62     -29.27    -671.78       0.00       0.00      35.11    182986.00
2024 05 10 20 15 18 705     -16.33       3.16     -30.50    -671.92       0.00       0.00      40.03    215934.00
2024 05 10 20 20 09 522     -12.25      -1.48     -28.23    -675.33       0.00       0.00      43.81    242537.00
2024 05 10 20 25 12 367     -13.75      12.80     -25.18    -674.27       0.00       0.00      36.88    252774.00
2024 05 10 20 29 40 572     -14.85      -1.19     -19.28    -686.31       0.00       0.00      45.58    297446.00
2024 05 10 20 34 29 870     -14.72      -7.68     -24.20    -690.46       0.00       0.00      46.60    223018.00
2024 05 10 20 39 29 819     -14.66      -7.97     -27.86    -690.48       0.00       0.00      43.15    226990.00
2024 05 10 20 44 19 270     -14.12      -9.47     -24.52    -694.62       0.00       0.00      48.72    217199.00
2024 05 10 20 49 18 764     -15.15      -8.81     -25.34    -694.82       0.00       0.00      44.11    226184.00
2024 05 10 20 54 06 747     -19.41     -17.16     -29.27    -699.60       0.00       0.00      31.57    202832.00
2024 05 10 20 59 20  31     -16.84     -24.82     -26.20    -694.32       0.00       0.00      30.64    168106.00
2024 05 10 21 04 32 206     -20.95     -10.52     -36.33    -689.55       0.00       0.00      25.98    138571.00
2024 05 10 21 10 04 179     -18.80       7.58     -40.26    -677.33       0.00       0.00      17.82    149348.00
2024 05 10 21 15 00 723     -17.11     -16.47     -32.74    -678.63       0.00       0.00      26.76    135591.00
2024 05 10 21 19 40 494     -21.21     -22.03     -31.94    -686.34       0.00       0.00      33.55    126518.00
2024 05 10 21 24 40 287     -21.70     -20.10     -32.82    -686.42       0.00       0.00      33.36    125945.00
2024 05 10 21 29 38 913     -21.35     -19.42     -33.52    -686.95       0.00       0.00      33.78    126699.00
2024 05 10 21 34 38 836     -20.44     -17.22     -35.18    -686.98       0.00       0.00      33.21    132439.00
2024 05 10 21 39 44 759     -21.36      -3.22     -42.67    -684.70       0.00       0.00      16.24    136990.00
2024 05 10 21 44 24 427     -25.74     -10.74     -41.12    -692.59       0.00       0.00      13.26    114437.00
2024 05 10 21 49 22 493     -26.64     -19.07     -36.49    -693.35       0.00       0.00      13.58    127796.00
2024 05 10 21 55 15 274     -22.67     -27.94     -31.85    -673.19       0.00       0.00      11.39    113631.00
2024 05 10 22 01 01 480      -9.52     -48.58     -10.94    -656.48       0.00       0.00      13.94    162709.00
2024 05 10 22 05 45 735      -8.57     -48.86     -13.29    -662.08       0.00       0.00      20.05    165729.00
2024 05 10 22 08 36 592     -11.93     -66.39     -14.84    -711.89       0.00       0.00      18.61    214654.00
2024 05 10 22 12 59  66     -11.21     -68.00     -16.96    -727.80       0.00       0.00      16.44    225152.00
2024 05 10 22 18 07 180     -12.32     -67.04     -21.74    -724.30       0.00       0.00      11.83    228540.00
2024 05 10 22 22 31 139      -9.60     -69.68      10.56    -740.11       0.00       0.00      12.43    219601.00
2024 05 10 22 26 50 661      -6.30     -49.04      22.59    -758.71       0.00       0.00      30.45    300775.00
2024 05 10 22 31 46 511       1.78      57.19      35.71    -760.67       0.00       0.00      24.50    107953.00
2024 05 10 22 37 05 962      10.80      66.81      10.64    -751.57       0.00       0.00      27.52    111942.00
2024 05 10 22 42 18 388       6.81      66.51      -6.80    -745.87       0.00       0.00      27.90     93613.00
2024 05 10 22 47 14 269       2.45      67.30     -21.80    -747.75       0.00       0.00      24.20    100836.00
2024 05 10 22 52 43  71      -1.79      67.53     -22.20    -734.80       0.00       0.00      19.68    113996.00
2024 05 10 22 58 16 903       0.74      67.63     -16.36    -720.15       0.00       0.00      15.83    117706.00
2024 05 10 23 02 26 201      -0.70      67.00     -19.07    -742.33       0.00       0.00      18.37     70441.00
2024 05 10 23 07 17 268      -3.88      63.47     -32.20    -746.38       0.00       0.00      14.83     62963.00
2024 05 10 23 12 43 297      -3.99      68.27     -24.40    -734.70       0.00       0.00      13.22     58130.00
2024 05 10 23 18 07 879      -7.24      64.73     -31.29    -724.00       0.00       0.00      17.80     65247.00
2024 05 10 23 23 18 223      -9.12      63.99     -32.58    -719.59       0.00       0.00      22.06     69394.00
2024 05 10 23 28 28 408      -7.29      65.51     -32.40    -715.30       0.00       0.00      18.76     82176.00
2024 05 10 23 33 29 675      -8.56      63.20     -33.68    -714.77       0.00       0.00      21.70     67753.00
2024 05 10 23 38 21 984      -7.33      58.36     -34.03    -718.00       0.00       0.00      25.60    133577.00
2024 05 10 23 43 14 479     -12.05      54.56     -43.80    -721.18       0.00       0.00       9.22    161326.00
2024 05 10 23 47 19 927     -12.16      50.17     -47.35    -745.17       0.00       0.00       7.53    264108.00
2024 05 10 23 52 50 847     -16.39      44.15     -52.21    -731.38       0.00       0.00       8.81    214392.00
2024 05 10 23 57 19 839     -17.58      41.47     -52.65    -745.21       0.00       0.00       7.24    178559.00
2024 05 11 00 02 01  23     -19.88      37.72     -53.35    -753.86       0.00       0.00       6.35    150657.00
2024 05 11 00 07 58 144      -7.25      40.14     -49.53    -728.20       0.00       0.00      10.29    304478.00
2024 05 11 00 13 06 202     -15.57      25.10     -48.26    -724.72       0.00       0.00      11.66    450935.00
2024 05 11 00 17 22 903     -13.22      13.25     -46.29    -743.82       0.00       0.00      12.70    432390.00
2024 05 11 00 21 44 633      -0.53      26.76     -25.88    -761.56       0.00       0.00      12.83    442156.00
2024 05 11 00 27 38 151      -8.38      11.79     -36.28    -736.98       0.00       0.00      19.38    374326.00
2024 05 11 00 33 11 992     -13.30       2.77     -48.37    -722.24       0.00       0.00      20.26    307286.00
2024 05 11 00 37 20 764     -17.12      -2.70     -43.09    -744.79       0.00       0.00      20.93    374127.00
2024 05 11 00 42 20 610     -15.48      -5.37     -40.92    -744.86       0.00       0.00      25.82    297635.00
2024 05 11 00 47 47 109     -16.30      -0.28     -44.98    -733.02       0.00       0.00      25.96    218026.00
2024 05 11 00 52 53 181     -17.08      -0.92     -47.68    -730.36       0.00       0.00      22.53    267785.00
2024 05 11 00 57 27 755     -18.56      -5.89     -45.68    -741.63       0.00       0.00      22.91    251042.00
2024 05 11 01 03 55 880      -4.19       4.91     -48.50    -703.98       0.00       0.00      28.04    211189.00
2024 05 11 01 08 23  28     -15.07      -7.26     -45.71    -717.56       0.00       0.00      28.84    218414.00
2024 05 11 01 13 17 775     -18.96     -23.77     -42.12    -719.78       0.00       0.00      28.14    208911.00
2024 05 11 01 18 08 182     -11.08     -42.96     -20.26    -723.87       0.00       0.00      28.79    213478.00
2024 05 11 01 24 52 534     -10.13     -50.51      -7.60    -681.73       0.00       0.00      18.56    205922.00
2024 05 11 01 27 38 557     -27.70     -29.37     -13.80    -736.80       0.00       0.00      26.09    324616.00
2024 05 11 01 33 23 954     -19.96     -39.11      -8.45    -717.17       0.00       0.00      26.01    312813.00
2024 05 11 01 38 22 814     -19.70     -40.68      -0.42    -717.65       0.00       0.00      24.22    358241.00
2024 05 11 01 44 08 797     -20.09     -37.72       3.42    -698.78       0.00       0.00      23.68    552940.00
2024 05 11 01 47 37 274     -16.40     -12.47     -10.82    -737.37       0.00       0.00      29.76    409612.00
2024 05 11 01 52 46 200     -15.85     -12.48      -4.47    -733.42       0.00       0.00      34.52    456036.00
2024 05 11 01 57 53 777      -3.71      -6.79     -16.47    -730.10       0.00       0.00      31.49    434171.00
2024 05 11 02 02 28 133      -7.13       2.44     -29.80    -741.46       0.00       0.00      29.32    286818.00
2024 05 11 02 07 38 196      -4.80      -0.90     -32.30    -736.96       0.00       0.00      31.96    237083.00
2024 05 11 02 13 11 992      -1.02       3.43     -30.13    -722.24       0.00       0.00      30.72    277474.00
2024 05 11 02 18 40 580       1.67       5.89     -31.61    -710.24       0.00       0.00      30.20    188671.00
2024 05 11 02 23 37 364       5.51       5.16     -30.59    -711.57       0.00       0.00      34.46    115675.00
2024 05 11 02 28 04 900       6.20      -2.27     -27.41    -725.28       0.00       0.00      22.21    129139.00
2024 05 11 02 32 24 429       3.24      -5.75     -25.12    -743.13       0.00       0.00      25.69     97118.00
2024 05 11 02 37 34 985       1.88     -13.16     -20.53    -738.39       0.00       0.00      25.20     94549.00
2024 05 11 02 42 23 456      -2.81      -7.86     -15.52    -743.57       0.00       0.00      25.02    155073.00
2024 05 11 02 46 55   3      -9.13     -15.03     -13.74    -756.67       0.00       0.00      21.64    108825.00
2024 05 11 02 52 05 789     -10.72     -27.42      -3.11    -751.65       0.00       0.00      19.60    125578.00
2024 05 11 02 58 01 469      -8.44     -27.08     -13.14    -726.76       0.00       0.00      16.32    131740.00
2024 05 11 03 03 01 839      -4.73     -24.00     -20.45    -726.60       0.00       0.00      14.53    123342.00
2024 05 11 03 08 00 914     -10.09     -22.63     -21.70    -727.00       0.00       0.00       7.24    198272.00
2024 05 11 03 12 52 860     -10.85     -24.59     -23.21    -730.50       0.00       0.00       5.86    175190.00
2024 05 11 03 17 50 573     -10.93     -26.52     -23.37    -731.50       0.00       0.00       4.46    170380.00
2024 05 11 03 23 15 396     -11.09     -27.36     -23.77    -720.79       0.00       0.00       3.79    179236.00
2024 05 11 03 28 19 593     -13.86     -28.46     -21.32    -719.01       0.00       0.00       3.52    164870.00
2024 05 11 03 33 45 365     -11.96     -28.61     -22.50    -708.27       0.00       0.00       3.57    183655.00
2024 05 11 03 39 02  66     -11.27     -28.63     -23.47    -701.48       0.00       0.00       3.68    165750.00
2024 05 11 03 44 04 304      -9.70     -28.43     -24.71    -700.58       0.00       0.00       4.56    160411.00
2024 05 11 03 49 34 161      -8.52     -29.39     -24.69    -688.79       0.00       0.00       4.73    165038.00
2024 05 11 03 54 40 858      -9.74     -28.35     -25.83    -686.20       0.00       0.00       5.06    180585.00
2024 05 11 03 59 50 250     -11.19     -31.63     -21.47    -682.60       0.00       0.00       5.26    185600.00
2024 05 11 04 03 55 559     -12.42     -32.09     -19.79    -704.11       0.00       0.00       5.54    197870.00
2024 05 11 04 09 17 196     -13.14     -33.06     -16.20    -695.44       0.00       0.00       8.17    146534.00
2024 05 11 04 14 16 994     -14.01     -34.60     -11.04    -695.52       0.00       0.00       9.42    150044.00
2024 05 11 04 19 17 373     -14.94     -36.42      -5.92    -695.37       0.00       0.00       6.46    179333.00
2024 05 11 04 24 14 371     -12.88     -35.42       7.29    -696.56       0.00       0.00      14.31    179619.00
2024 05 11 04 29 05   1     -14.68     -35.77       6.58    -700.30       0.00       0.00       9.03    179728.00
2024 05 11 04 34 01 371     -14.00     -32.85      10.75    -701.76       0.00       0.00      13.13    172552.00
2024 05 11 04 39 18 460     -11.73     -26.34      21.16    -694.94       0.00       0.00      17.01    188330.00
2024 05 11 04 44 23 841     -14.09     -28.21      16.59    -692.82       0.00       0.00      16.99    159154.00
2024 05 11 04 48 49 884     -13.82     -30.86      17.09    -706.42       0.00       0.00      10.82    218546.00
2024 05 11 04 53 37 340     -11.52     -30.88      19.44    -711.58       0.00       0.00      10.84    214774.00
2024 05 11 04 58 47 927     -10.65     -31.78      17.98    -707.22       0.00       0.00      11.66    186841.00
2024 05 11 05 04 20 259     -14.46     -32.52      12.36    -694.23       0.00       0.00      13.52    167857.00
2024 05 11 05 09 02 737     -11.95     -31.90      14.95    -701.21       0.00       0.00      20.30    163843.00
2024 05 11 05 13 56 792      -9.43     -31.48      18.37    -703.61       0.00       0.00      22.69    163828.00
2024 05 11 05 19 08 897     -12.48     -33.91      11.25    -698.74       0.00       0.00      19.85    193073.00
2024 05 11 05 24 22 442     -11.04     -36.38       8.02    -693.37       0.00       0.00      22.21    185614.00
2024 05 11 05 29 23 561     -10.23     -38.48       3.45    -692.93       0.00       0.00      14.40    207061.00
2024 05 11 05 34 33 698      -7.23     -39.35      -2.85    -688.97       0.00       0.00      17.01    180333.00
2024 05 11 05 39 48 233     -14.84     -32.38       5.44    -683.37       0.00       0.00      19.55    221315.00
2024 05 11 05 44 41 636     -16.40     -27.15      10.55    -685.90       0.00       0.00      28.40    283559.00
2024 05 11 05 48 56 842     -24.42     -21.16      18.43    -703.59       0.00       0.00      23.78    249927.00
2024 05 11 05 53 42 253     -21.48     -30.19      11.41    -709.55       0.00       0.00      24.10    203117.00
2024 05 11 05 59 18  56     -22.47     -27.47       3.62    -695.10       0.00       0.00      25.54    256267.00
2024 05 11 06 05 20 900     -13.42     -18.58       5.18    -671.11       0.00       0.00      28.94    355490.00
2024 05 11 06 10 20 900     -11.27     -13.67     -22.84    -668.60       0.00       0.00      29.68    347691.00
2024 05 11 06 15 34 651     -14.14     -11.70     -25.82    -666.08       0.00       0.00      26.61    359358.00
2024 05 11 06 20 30 118     -13.54      -8.83     -27.21    -667.73       0.00       0.00      26.49    369412.00
2024 05 11 06 31 06 256     -21.53      -9.09     -22.94    -654.80       0.00       0.00      17.59    479317.00
2024 05 11 06 35 13 146     -22.02     -13.06     -18.40    -673.98       0.00       0.00      19.43    504003.00
2024 05 11 06 39 22 696      -9.87       3.37     -34.87    -693.27       0.00       0.00      26.34    303724.00
2024 05 11 06 44 23 561     -10.02       1.56     -37.29    -692.93       0.00       0.00      29.07    225673.00
2024 05 11 06 49 01 718      -4.71       5.82     -38.52    -701.62       0.00       0.00      28.11    231075.00
2024 05 11 06 54 05 899      -8.01       8.88     -38.51    -699.94       0.00       0.00      28.42    218971.00
2024 05 11 06 59 07 297      -7.54      16.32     -39.36    -699.38       0.00       0.00      26.95    182603.00
2024 05 11 07 04 54 904     -17.44      12.58     -37.68    -680.83       0.00       0.00      24.01    193363.00
2024 05 11 07 09 56 857     -21.03      19.96     -32.63    -680.09       0.00       0.00      24.28    228919.00
2024 05 11 07 14 33 209     -17.21      25.16     -31.04    -689.16       0.00       0.00      24.74    204188.00
2024 05 11 07 19 21  71      -6.67      28.24     -29.36    -693.91       0.00       0.00      26.61    177735.00
2024 05 11 07 24 10  49      -1.77      34.69     -23.88    -698.28       0.00       0.00      27.65    174572.00
2024 05 11 07 29 10 601      -1.51      36.03     -16.71    -698.06       0.00       0.00      21.55    201686.00
2024 05 11 07 34 03 433       1.81      39.59       0.81    -700.93       0.00       0.00      17.57    215131.00
2024 05 11 07 39 05 774       1.42      34.88       2.55    -699.99       0.00       0.00      21.97    205575.00
2024 05 11 07 44 27 617       1.66      33.74       4.64    -691.34       0.00       0.00      22.32    147530.00
2024 05 11 07 49 24 427       2.14      32.54       6.35    -692.59       0.00       0.00      17.59    247827.00
2024 05 11 07 54 31 461      -2.92      22.14      -9.14    -689.84       0.00       0.00      12.06    412733.00
2024 05 11 07 59 11 680      -0.64      -2.58     -25.92    -697.63       0.00       0.00      14.53    422204.00
2024 05 11 08 04 52 797       1.06       9.11     -17.96    -681.63       0.00       0.00      16.71    472326.00
2024 05 11 08 09 49 516       5.14      19.33     -10.99    -682.88       0.00       0.00      15.20    504922.00
2024 05 11 08 13 31 135       4.56      21.77     -17.66    -714.16       0.00       0.00      16.41    323145.00
2024 05 11 08 18 20 752       7.55      28.81      -9.78    -718.52       0.00       0.00      14.69    248738.00
2024 05 11 08 23 48 391      -5.12      20.19     -26.88    -707.03       0.00       0.00      18.88    153231.00
2024 05 11 08 28 38 160     -10.09      13.32     -31.92    -711.24       0.00       0.00      12.80    133548.00
2024 05 11 08 33 19 475     -10.21      19.55     -34.16    -719.06       0.00       0.00       6.82     99942.00
2024 05 11 08 39 05 699      -9.82      23.51     -30.73    -700.02       0.00       0.00      10.94    106009.00
2024 05 11 08 44 00 379     -11.41      22.29     -32.90    -702.16       0.00       0.00       9.21    117579.00
2024 05 11 08 48 31  87     -13.07      15.96     -36.63    -714.18       0.00       0.00       8.17    119186.00
2024 05 11 08 52 58 582     -14.23      15.43     -36.36    -728.01       0.00       0.00       5.62    102365.00
2024 05 11 08 57 55 774     -12.50      16.28     -36.20    -729.23       0.00       0.00       5.89    116147.00
2024 05 11 09 03 01 724      -9.02      15.00     -36.20    -726.65       0.00       0.00       5.61    177496.00
2024 05 11 09 08 14 785      -7.06      14.41     -36.05    -721.05       0.00       0.00       7.06    199188.00
2024 05 11 09 14 45 698      -2.86       5.44     -39.19    -684.34       0.00       0.00       5.73    171730.00
2024 05 11 09 18 52 680      -7.69       3.31     -38.67    -705.28       0.00       0.00       4.28    186828.00
2024 05 11 09 23 54 155     -10.63      -2.54     -37.93    -704.68       0.00       0.00       2.63    238037.00
2024 05 11 09 29 10 450     -10.33      -4.49     -35.86    -698.12       0.00       0.00       9.28    160521.00
2024 05 11 09 34 11 755      -6.34       9.63     -29.00    -697.60       0.00       0.00      24.50    121407.00
2024 05 11 09 38 55 978     -11.89       7.10     -22.17    -703.94       0.00       0.00      27.02    151856.00
2024 05 11 09 43 48  73      -5.97      10.18     -22.19    -707.16       0.00       0.00      25.28    117134.00
2024 05 11 09 48 51 452      -9.79      -1.46     -23.64    -705.78       0.00       0.00      28.15    126024.00
2024 05 11 09 53 57 311      -9.26       1.70     -19.09    -703.40       0.00       0.00      25.92    161408.00
2024 05 11 09 59 54 878       1.09       8.78     -12.54    -680.84       0.00       0.00      26.65    199378.00
2024 05 11 10 04 37 930      -1.81      10.87      -8.44    -687.33       0.00       0.00      16.70    271453.00
2024 05 11 10 10 02 529       5.29      -0.23     -19.21    -677.95       0.00       0.00      18.22    107943.00
2024 05 11 10 14 52 482       3.48       4.50     -18.13    -681.75       0.00       0.00      22.37    136655.00
2024 05 11 10 19 52 850       4.52       4.53      -8.39    -681.61       0.00       0.00      25.19    229704.00
2024 05 11 10 25 06 659      11.55     -12.10       5.63    -676.40       0.00       0.00      19.87    327685.00
2024 05 11 10 29 33 337       8.85     -12.14       1.65    -689.11       0.00       0.00      17.48    365491.00
2024 05 11 10 34 40 494       2.75     -10.00      -4.15    -686.34       0.00       0.00      18.11    339208.00
2024 05 11 10 39 02 165       0.11      -4.21     -17.63    -701.44       0.00       0.00      14.93    263032.00
2024 05 11 10 44 06 697       0.24       7.26     -18.86    -699.62       0.00       0.00      14.43    246188.00
2024 05 11 10 49 28 768      -3.30      13.32     -16.12    -690.89       0.00       0.00      10.81    301961.00
2024 05 11 10 53 53 491      -1.31      13.04       0.14    -704.95       0.00       0.00      12.37    320465.00
2024 05 11 10 58 28  74      -4.81       7.61       8.69    -715.44       0.00       0.00       8.39    508629.00
2024 05 11 11 02 51 442      -3.10       8.76      -3.99    -731.12       0.00       0.00      11.35    581860.00
2024 05 11 11 08 19 593      -7.52       9.17      -7.18    -719.01       0.00       0.00      10.93    592206.00
2024 05 11 11 13 05 342     -19.32       3.89     -15.11    -725.09       0.00       0.00       9.54    618981.00
2024 05 11 11 18 33 102     -13.39     -10.14      -8.85    -713.34       0.00       0.00       9.92    617370.00
2024 05 11 11 22 16 633       1.62       5.26       0.61    -746.67       0.00       0.00       6.37    426250.00
2024 05 11 11 28 07 506      12.29      11.19      15.36    -724.16       0.00       0.00       3.07    604331.00
2024 05 11 11 31 35 853     -14.46     -14.17      -7.27    -765.75       0.00       0.00       2.36    434461.00
2024 05 11 11 36 50 724     -18.35      -9.83     -14.74    -758.68       0.00       0.00       2.73    587310.00
2024 05 11 11 40 44 208     -16.83      -2.93     -16.90    -791.36       0.00       0.00       2.28    236930.00
2024 05 11 11 45 46 945     -18.11      -2.29     -14.69    -789.96       0.00       0.00       2.18    275743.00
2024 05 11 11 50 10 500     -13.52       5.52     -17.73    -809.02       0.00       0.00       4.33    157002.00
2024 05 11 11 55 44 149      -4.57      17.87     -16.35    -791.39       0.00       0.00       4.60    114667.00
2024 05 11 12 00 30 534      -1.69      16.84     -17.57    -798.43       0.00       0.00       1.78    175693.00
2024 05 11 12 05 41 889      -0.66      17.75     -18.18    -792.55       0.00       0.00       2.48    142333.00
2024 05 11 12 10 35 129       5.45      18.45     -15.18    -796.04       0.00       0.00       2.99    171265.00
2024 05 11 12 15 26 290      -2.88      13.75     -19.21    -800.65       0.00       0.00       1.55    180733.00
2024 05 11 12 20 32  50      -7.89      12.26     -20.00    -797.64       0.00       0.00       2.05    148675.00
2024 05 11 12 25 11 714     -11.34       9.71     -20.97    -808.37       0.00       0.00       1.72    140439.00
2024 05 11 12 30 09 455     -11.38       9.61     -21.54    -809.58       0.00       0.00       1.25    152861.00
2024 05 11 12 35 27 282     -11.67       8.78     -21.68    -800.13       0.00       0.00       1.40    143825.00
2024 05 11 12 40 17 157     -12.57       7.80     -21.98    -805.47       0.00       0.00       1.42    152486.00
2024 05 11 12 45 11 770     -15.49       3.68     -22.00    -808.34       0.00       0.00       1.12    165952.00
2024 05 11 12 50 10 182     -11.59       7.25     -24.30    -809.19       0.00       0.00       0.98    169017.00
2024 05 11 12 55 36  94     -13.14       5.93     -23.73    -795.54       0.00       0.00       0.99    148679.00
2024 05 11 13 00 32 934     -13.91       5.36     -23.32    -797.18       0.00       0.00       1.03    171968.00
2024 05 11 13 05 20 404     -13.96       2.67     -22.93    -803.75       0.00       0.00       1.12    182656.00
2024 05 11 13 10 34 725     -13.16       3.30     -23.25    -796.25       0.00       0.00       0.91    190996.00
2024 05 11 13 15 38 899     -12.33       4.38     -23.55    -794.09       0.00       0.00       1.80    105745.00
2024 05 11 13 20 45 497     -10.06       6.81     -24.25    -790.70       0.00       0.00       0.92    147310.00
2024 05 11 13 25 54 560      -8.30      10.00     -23.54    -786.09       0.00       0.00       1.06    158056.00
2024 05 11 13 30 49 161      -8.43       7.51     -23.74    -788.83       0.00       0.00       1.27    144247.00
2024 05 11 13 35 55  75      -8.05       8.16     -22.20    -785.83       0.00       0.00       2.40    157621.00
2024 05 11 13 40 57 136      -6.33      10.68     -21.48    -784.79       0.00       0.00       0.85    230618.00
2024 05 11 13 46 09 273      -5.50      13.38     -20.21    -778.72       0.00       0.00       1.35    176083.00
2024 05 11 13 51 11 736      -6.61      11.66     -21.44    -777.50       0.00       0.00       2.25    119509.00
2024 05 11 13 56 37  42      -5.17      12.45     -21.20    -765.18       0.00       0.00       2.20    118240.00
2024 05 11 14 01 44 802      -9.17       8.65     -20.53    -761.48       0.00       0.00       4.63    104348.00
2024 05 11 14 06 39 173      -8.24       9.99     -20.64    -764.16       0.00       0.00       5.22    103535.00
2024 05 11 14 11 38 420      -7.45      11.34     -20.13    -764.52       0.00       0.00       4.04    118567.00
2024 05 11 14 16 53 851      -9.16       7.65     -20.85    -757.21       0.00       0.00       4.09    107641.00
2024 05 11 14 21 40 367     -10.30      10.70     -18.80    -763.59       0.00       0.00       4.05    110103.00
2024 05 11 14 26 38 630     -10.48      10.39     -18.69    -764.42       0.00       0.00       2.54    141552.00
2024 05 11 14 31 49 664     -11.27       7.32     -19.74    -759.18       0.00       0.00       2.00    167299.00
2024 05 11 14 36 47 927     -11.46       5.93     -20.51    -760.00       0.00       0.00       1.60    204195.00
2024 05 11 14 41 40 493     -12.47      -3.71     -18.91    -763.53       0.00       0.00       4.01     88986.00
2024 05 11 14 46 14 510     -13.52       1.34     -17.39    -776.13       0.00       0.00       2.27    108836.00
2024 05 11 14 51 51  22     -15.36       3.69     -14.73    -758.54       0.00       0.00       1.35    225031.00
2024 05 11 14 55 41 617     -10.03      -0.66     -11.17    -792.69       0.00       0.00       8.09    103039.00
2024 05 11 15 00 43 720     -10.20       1.18     -10.19    -791.61       0.00       0.00       6.71     31160.00
2024 05 11 15 05 45 692     -11.65      -0.23      -8.52    -790.60       0.00       0.00       6.26     30404.00
2024 05 11 15 10 40 160     -11.34      -2.32      -8.22    -793.44       0.00       0.00       8.10     34490.00
2024 05 11 15 15 50 163     -10.91      -4.45      -7.84    -788.32       0.00       0.00       7.17     41537.00
2024 05 11 15 20 32 876      -7.71      -0.12     -11.13    -797.21       0.00       0.00       6.52     75922.00
2024 05 11 15 25 58 724      -8.02       0.77     -12.36    -783.99       0.00       0.00       6.92     87416.00
2024 05 11 15 30 27 569      -7.43      -0.58     -13.60    -799.98       0.00       0.00       6.43     69566.00
2024 05 11 15 35 42 259      -8.09      -1.82     -12.81    -792.36       0.00       0.00       7.75     48282.00
2024 05 11 15 40 54 481      -7.88      -3.87     -12.22    -786.13       0.00       0.00       7.82     44891.00
2024 05 11 15 45 55 807      -8.96      -3.91     -11.04    -785.46       0.00       0.00       6.76     52626.00
2024 05 11 15 51 31 758      -9.55      -6.25      -7.57    -767.72       0.00       0.00       7.69     47894.00
2024 05 11 15 56 43 349      -8.92      -6.56      -7.80    -762.17       0.00       0.00       7.70     42350.00
2024 05 11 16 01 44 928      -8.36      -7.89      -7.19    -761.42       0.00       0.00       7.50     44754.00
2024 05 11 16 06 12 545      -8.53      -7.81      -6.58    -777.10       0.00       0.00       7.72     56468.00
2024 05 11 16 11 09 656      -7.72      -8.90      -5.69    -778.53       0.00       0.00       8.28     50386.00
2024 05 11 16 15 55 629      -8.12      -8.21      -4.84    -785.55       0.00       0.00       8.99     46245.00
2024 05 11 16 21 15 423      -7.94      -8.24      -4.13    -775.68       0.00       0.00       8.62     46906.00
2024 05 11 16 26 21 663      -7.65      -8.31      -3.21    -772.62       0.00       0.00       7.58     47060.00
2024 05 11 16 31 15 261      -7.79      -8.79      -3.15    -775.76       0.00       0.00       5.25     46186.00
2024 05 11 16 36 13 456      -7.14      -9.18      -3.92    -776.65       0.00       0.00       4.20     52417.00
2024 05 11 16 41 20 231      -6.47      -9.21      -4.98    -773.32       0.00       0.00       5.20     44023.00
2024 05 11 16 46 24 329      -6.62      -9.20      -5.30    -771.32       0.00       0.00       3.95     53689.00
2024 05 11 16 51 09 596      -7.68      -8.76      -4.74    -778.56       0.00       0.00       4.09     47696.00
2024 05 11 16 56 22 933      -7.19      -9.67      -4.00    -772.00       0.00       0.00       3.85     43309.00
2024 05 11 17 01 10 948      -6.93      -9.61      -3.64    -777.89       0.00       0.00       4.13     38391.00
2024 05 11 17 06 18 904      -6.24     -10.04      -2.81    -773.97       0.00       0.00       3.77     38824.00
2024 05 11 17 11 46 912      -5.87      -9.26      -2.62    -760.48       0.00       0.00       6.08     32716.00
2024 05 11 17 16 46 891      -5.89      -8.76      -2.34    -760.49       0.00       0.00       5.70     39501.00
2024 05 11 17 21 19 353      -4.84      -7.42      -0.99    -773.75       0.00       0.00       5.40     48859.00
2024 05 11 17 26 03 271      -5.80      -1.51      -4.99    -781.71       0.00       0.00       6.24     92959.00
2024 05 11 17 30 22 582      -4.46      -1.11      -0.86    -802.60       0.00       0.00       5.11    111648.00
2024 05 11 17 35 48 493      -3.75      -7.23       1.85    -789.17       0.00       0.00       4.38     84481.00
2024 05 11 17 40 35 361      -3.69      -7.14       1.16    -795.92       0.00       0.00       4.38     89940.00
2024 05 11 17 45 05 420      -2.78       0.58       0.28    -811.75       0.00       0.00       3.49    101149.00
2024 05 11 17 49 19 482      -0.69       9.33       0.41    -837.30       0.00       0.00       3.78     79801.00
2024 05 11 17 54 23 327      -0.21       9.07       0.66    -835.10       0.00       0.00       4.00     73851.00
2024 05 11 17 59 41 691       1.54       8.95       0.14    -824.75       0.00       0.00       4.40     80209.00
2024 05 11 18 04 40 667       1.21       9.40       0.71    -825.32       0.00       0.00       4.34     77113.00
2024 05 11 18 09 58 626      -0.35       8.17       1.68    -815.43       0.00       0.00       4.04     79888.00
2024 05 11 18 14 34 237      -0.77       9.50      -1.17    -828.92       0.00       0.00       4.10    156815.00
2024 05 11 18 17 55 658       3.67      11.73       0.50    -888.32       0.00       0.00       6.23    209727.00
2024 05 11 18 22 58 529       9.48      14.28       2.75    -886.47       0.00       0.00       7.69    106429.00
2024 05 11 18 27 59 353       8.69      16.96       0.34    -885.94       0.00       0.00       3.10    217613.00
2024 05 11 18 33 09 833       7.39      16.41       0.45    -879.26       0.00       0.00       3.05    248537.00
2024 05 11 18 38 12 589       4.49      12.69       3.58    -877.52       0.00       0.00       8.71    155815.00
2024 05 11 18 43 11 669       4.84      15.17       3.18    -878.10       0.00       0.00       2.58    292231.00
2024 05 11 18 48 12 668      -4.21      -4.96       3.92    -877.47       0.00       0.00       5.48    445784.00
2024 05 11 18 53 44 835      -3.69      -0.73       2.21    -857.66       0.00       0.00       5.20    516608.00
2024 05 11 18 58 52  49      -5.96      -4.62      -3.50    -853.34       0.00       0.00       4.83    520696.00
2024 05 11 19 03 38 501      -4.62      -4.30      -8.33    -861.49       0.00       0.00       4.23    461207.00
2024 05 11 19 08 49 753      -5.61     -10.03      -3.55    -854.71       0.00       0.00       4.35    445168.00
2024 05 11 19 13 35 314      -0.66      -0.39      -8.83    -863.43       0.00       0.00       5.04    415877.00
2024 05 11 19 18 03 805       5.82      12.63       2.63    -883.09       0.00       0.00       3.94    210774.00
2024 05 11 19 22 45 497       2.20       2.53       5.01    -894.93       0.00       0.00       3.33    350146.00
2024 05 11 19 28 31 603       3.17      12.22       9.21    -865.70       0.00       0.00       1.49    299352.00
2024 05 11 19 33 31 309       2.61       7.82      10.34    -865.88       0.00       0.00       3.37    243049.00
2024 05 11 19 38 36 282       4.44      10.07       6.69    -862.84       0.00       0.00       3.34    185419.00
2024 05 11 19 43 45 700       3.48      10.78       8.95    -857.14       0.00       0.00       1.70    255657.00
2024 05 11 19 48 33 905       1.80      11.27       8.35    -864.29       0.00       0.00       2.53    244594.00
2024 05 11 19 52 58   0      -1.06       9.46      11.21    -886.81       0.00       0.00       1.78    236459.00
2024 05 11 19 58 55 244       0.24       9.70      11.67    -851.44       0.00       0.00       1.64    274492.00
2024 05 11 20 03 42 464       1.05       9.56      10.96    -859.09       0.00       0.00       1.13    331350.00
2024 05 11 20 08 15 515       2.23      -3.32      -2.14    -875.68       0.00       0.00       3.79    356758.00
2024 05 11 20 13 20 312       2.74      -4.50      -5.55    -872.68       0.00       0.00       4.71    421068.00
2024 05 11 20 17 17 197       6.06      -3.42      -7.35    -913.87       0.00       0.00       4.34    368712.00
2024 05 11 20 22 40 556       4.35       2.00      -5.43    -898.18       0.00       0.00       5.37    262605.00
2024 05 11 20 27 45 848       4.74       3.65      -6.42    -894.70       0.00       0.00       4.92    246468.00
2024 05 11 20 32 51 797       6.15       3.43      -5.52    -890.82       0.00       0.00       5.77    168587.00
2024 05 11 20 37 50 336       5.51       2.20      -4.97    -891.77       0.00       0.00       7.43    150798.00
2024 05 11 20 42 51 397       5.55       0.10      -6.45    -891.08       0.00       0.00       8.43    127561.00
2024 05 11 20 47 45  85       6.63       1.95      -4.93    -895.20       0.00       0.00       7.58    124174.00
2024 05 11 20 52 52  28       7.05      -1.54      -7.29    -890.67       0.00       0.00       5.85    165461.00
2024 05 11 20 57 56 464       6.73      -1.32      -7.13    -887.80       0.00       0.00       5.18    227769.00
2024 05 11 21 02 49 476       6.02       1.08      -5.00    -892.33       0.00       0.00       7.60    129244.00
2024 05 11 21 08 08 869      -1.69       4.47       6.58    -879.87       0.00       0.00       3.57    180474.00
2024 05 11 21 12 50 659      -9.74       3.31       8.04    -891.56       0.00       0.00       3.78     68135.00
2024 05 11 21 18 03 319     -10.57       1.94       9.51    -883.40       0.00       0.00       2.84     81183.00
2024 05 11 21 23 05 421     -10.47       2.13       9.82    -882.06       0.00       0.00       2.57    103435.00
2024 05 11 21 28 11 780      -9.68       0.59       9.95    -878.03       0.00       0.00       3.09     88136.00
2024 05 11 21 33 07 387     -10.00      -0.67      11.13    -880.81       0.00       0.00       2.62     85146.00
2024 05 11 21 38 04 605      -9.49      -0.20      11.79    -882.58       0.00       0.00       2.54    119794.00
2024 05 11 21 43 11 653      -9.41      -0.12      11.44    -878.11       0.00       0.00       2.28    166298.00
2024 05 11 21 48 04 793      -9.55       0.78      11.28    -882.46       0.00       0.00       2.27    163090.00
2024 05 11 21 53 01  53      -9.49       1.33      10.82    -884.85       0.00       0.00       1.94    197173.00
2024 05 11 21 58 05 170      -8.40       1.27      11.38    -882.22       0.00       0.00       1.61    178736.00
2024 05 11 22 03 12 843      -8.38       0.98      11.02    -877.36       0.00       0.00       1.51    121488.00
2024 05 11 22 08 24 690      -7.27       2.67      10.33    -869.96       0.00       0.00       3.06    106703.00
2024 05 11 22 13 31 309      -1.93       7.84       8.89    -865.88       0.00       0.00       4.89    145096.00
2024 05 11 22 18 27 489       3.65       7.32      -3.41    -868.23       0.00       0.00       6.24    189166.00
2024 05 11 22 23 25 450       0.56       9.91       1.09    -869.49       0.00       0.00       6.48    141147.00
2024 05 11 22 28 13   1      -7.71       0.84       7.72    -877.26       0.00       0.00       7.00    142359.00
2024 05 11 22 33 44 503      -5.18       5.00       7.69    -857.86       0.00       0.00       7.78    115139.00
2024 05 11 22 38 51 193      -4.84       5.77       6.78    -853.85       0.00       0.00       5.45    153613.00
2024 05 11 22 43 49 971      -4.40       3.91       7.48    -854.58       0.00       0.00       2.52    192394.00
2024 05 11 22 49 28 585       0.23       9.17       3.75    -832.11       0.00       0.00       1.38    369241.00
2024 05 11 22 55 17 930       5.59       9.98      -0.73    -805.06       0.00       0.00       0.61    520912.00
2024 05 11 23 00 22 222       6.79       9.17       2.04    -802.79       0.00       0.00       0.47    685290.00
2024 05 11 23 04 34 913       6.28       9.74      -2.93    -828.54       0.00       0.00       0.48    753440.00
2024 05 11 23 08 55 497       7.39       7.26      -5.42    -851.29       0.00       0.00       0.47    649010.00
2024 05 11 23 12 57   6       6.14       6.11      -2.95    -887.45       0.00       0.00       0.78    580520.00
2024 05 11 23 18 00  86       6.45       4.88      -0.86    -885.47       0.00       0.00       1.03    637881.00
2024 05 11 23 22 53 354       6.16       5.30      -0.24    -889.81       0.00       0.00       1.17    557449.00
2024 05 11 23 27 45 863       5.66       6.30      -1.70    -894.69       0.00       0.00       0.84    665092.00
2024 05 11 23 32 16 524       6.51       4.32      -1.21    -914.33       0.00       0.00       1.22    518507.00
2024 05 11 23 37 21 616       5.03       5.44      -0.55    -910.86       0.00       0.00       1.20    567111.00
2024 05 11 23 42 07 825       5.03       5.38      -0.45    -920.32       0.00       0.00       1.18    500431.00
2024 05 11 23 46 53 962       4.98       5.07      -0.38    -930.03       0.00       0.00       1.38    487275.00
2024 05 11 23 51 56 766       4.75       5.03      -1.32    -928.05       0.00       0.00       1.32    481467.00
2024 05 11 23 56 43 270       5.62       5.39      -1.50    -937.66       0.00       0.00       1.38    444552.00
2024 05 12 00 02 15 196       2.71       7.25      -0.65    -915.24       0.00       0.00       1.48    483408.00
2024 05 12 00 07 40 935       0.20       7.85       2.40    -897.93       0.00       0.00       1.23    516833.00
2024 05 12 00 12 19 895       5.31       3.89      -3.36    -912.03       0.00       0.00       1.55    504637.00
2024 05 12 00 17 10 529       4.64       2.72      -3.55    -918.45       0.00       0.00       1.45    512624.00
2024 05 12 00 22 30  50       3.78       5.88      -1.48    -905.17       0.00       0.00       1.48    437388.00
2024 05 12 00 27 18 985       4.63       6.10      -1.60    -912.65       0.00       0.00       1.39    426718.00
2024 05 12 00 32 09 617       5.51       5.20      -3.52    -919.08       0.00       0.00       1.44    391349.00
2024 05 12 00 36 48 489       5.60       4.75      -2.54    -933.92       0.00       0.00       1.64    412685.00
2024 05 12 00 41 40 884       5.86       1.24      -2.57    -939.38       0.00       0.00       1.78    404808.00
2024 05 12 00 45 56 361       5.60      -2.09      -3.30    -972.67       0.00       0.00       1.74    353259.00
2024 05 12 00 50 45 921       3.76      -6.85      -2.72    -980.82       0.00       0.00       1.48    201759.00
2024 05 12 00 55 43 727       5.23      -4.77      -3.91    -982.55       0.00       0.00       1.52    158408.00
2024 05 12 01 00 42  97       5.66      -5.28      -3.98    -983.84       0.00       0.00       1.88    107005.00
2024 05 12 01 05 42 172       5.00      -5.32      -4.44    -983.78       0.00       0.00       1.98    105757.00
2024 05 12 01 10 39 929       4.70      -3.62      -4.95    -985.56       0.00       0.00       2.05    163622.00
2024 05 12 01 15 25 480       4.72      -4.14      -4.57    -997.18       0.00       0.00       1.92    130357.00
2024 05 12 01 20 54 671       2.57      -3.49      -3.51    -973.98       0.00       0.00       3.47    130278.00
2024 05 12 01 25 49 616       5.25      -1.82      -4.79    -977.92       0.00       0.00       4.19    103641.00
2024 05 12 01 30 56 115       6.84       0.36      -3.34    -972.86       0.00       0.00       3.24    152015.00
2024 05 12 01 35 59 780       6.50      -0.82      -2.88    -970.03       0.00       0.00       4.39    165631.00
2024 05 12 01 40 54 825       6.31      -1.73      -2.26    -973.86       0.00       0.00       4.35    152253.00
2024 05 12 01 46 02 800       5.80       1.58      -1.87    -967.71       0.00       0.00       3.54    159534.00
2024 05 12 01 51 13 194       1.72       0.89       0.35    -959.81       0.00       0.00       5.07    129481.00
2024 05 12 01 56 16 332      -3.74      -4.68      -2.25    -957.45       0.00       0.00       6.47     71118.00
2024 05 12 02 01 16 919      -2.40      -4.67      -2.63    -957.01       0.00       0.00       6.72     66971.00
2024 05 12 02 06 35  52      -0.34      -5.15      -3.34    -943.61       0.00       0.00       6.76     53584.00
2024 05 12 02 11 42 645      -2.08      -7.09      -2.14    -938.11       0.00       0.00       3.47     40129.00
2024 05 12 02 16 45 163      -2.37      -7.25      -2.11    -936.30       0.00       0.00       3.37     33774.00
2024 05 12 02 21 48 307      -2.02      -7.55      -1.74    -934.05       0.00       0.00       4.02     26377.00
2024 05 12 02 26 52 565      -1.70      -7.14      -2.50    -931.02       0.00       0.00       4.86     25490.00
2024 05 12 02 32 02 738       0.65      -5.99      -3.34    -923.86       0.00       0.00       5.70     34237.00
2024 05 12 02 37 14 408       2.48      -4.98      -3.86    -915.78       0.00       0.00       6.97     40634.00
2024 05 12 02 42 11 486       3.93      -3.69      -3.50    -917.79       0.00       0.00       8.64     42712.00
2024 05 12 02 47 16  57       0.30      -2.38      -0.32    -914.65       0.00       0.00       9.68     47662.00
2024 05 12 02 51 50 440      -5.53       2.35       4.04    -932.53       0.00       0.00       4.28     39519.00
2024 05 12 02 56 52 960      -5.37       2.25       3.74    -930.74       0.00       0.00       4.95     33701.00
2024 05 12 03 01 50 904      -5.29       1.46       3.87    -932.20       0.00       0.00       4.85     45974.00
2024 05 12 03 06 50 271      -5.15       2.00       4.17    -932.65       0.00       0.00       4.13     22040.00
2024 05 12 03 11 57 987      -5.56       1.23       3.46    -927.19       0.00       0.00       4.43     29249.00
2024 05 12 03 16 54 203      -5.34       1.28       3.34    -929.86       0.00       0.00       5.26     39047.00
2024 05 12 03 21 43 409      -5.19       1.60       2.83    -937.56       0.00       0.00       5.67     46927.00
2024 05 12 03 27 01  22      -5.30      -0.61       0.73    -925.06       0.00       0.00       6.21     65057.00
2024 05 12 03 32 16 393      -3.92      -3.42      -2.86    -914.42       0.00       0.00       7.74     48288.00
2024 05 12 03 37 01 150      -6.05      -2.37      -0.61    -924.97       0.00       0.00       5.41     56137.00
2024 05 12 03 42 03  96      -5.74      -1.92      -0.19    -923.61       0.00       0.00       8.98     55164.00
2024 05 12 03 47 05 938      -5.52       0.11       2.99    -921.63       0.00       0.00       9.11     41736.00
2024 05 12 03 52 01 350      -5.71      -0.93       1.49    -924.83       0.00       0.00       9.71     42215.00
2024 05 12 03 57 06 917      -5.72      -0.01       1.80    -920.95       0.00       0.00       9.76     47776.00
2024 05 12 04 02 08 316      -6.44      -0.05       1.75    -919.98       0.00       0.00       8.05     42126.00
2024 05 12 04 07 17  22      -6.59      -0.11       1.69    -913.99       0.00       0.00       7.26     42369.00
2024 05 12 04 12 16 905      -6.82       0.16       1.76    -914.07       0.00       0.00       8.26     36380.00
2024 05 12 04 17 18 779      -7.22      -1.36       2.07    -912.79       0.00       0.00       6.18     36732.00
2024 05 12 04 22 11 152      -6.91      -1.70       2.33    -918.02       0.00       0.00       5.73     27620.00
2024 05 12 04 27 14 671      -6.50      -1.58       2.87    -915.60       0.00       0.00       6.30     29685.00
2024 05 12 04 32 19  43      -6.48      -1.53       3.08    -912.61       0.00       0.00       6.10     26818.00
2024 05 12 04 37 17 124      -6.58      -1.19       2.93    -913.92       0.00       0.00       5.72     24765.00
2024 05 12 04 42 18 398      -6.36      -0.19       3.13    -913.05       0.00       0.00       5.17     40872.00
2024 05 12 04 47 28 366      -6.28       0.33       3.58    -906.30       0.00       0.00       4.17     35921.00
2024 05 12 04 52 35 726      -5.51       1.39       4.14    -901.38       0.00       0.00       4.08     29720.00
2024 05 12 04 57 33  54      -5.32       1.06       3.96    -903.16       0.00       0.00       4.62     32614.00
2024 05 12 05 02 33 249      -5.06       0.99       3.95    -903.03       0.00       0.00       3.98     28744.00
2024 05 12 05 07 45 970      -4.95       1.03       3.76    -894.62       0.00       0.00       3.92     23405.00
2024 05 12 05 12 47 239      -5.26       0.65       3.42    -893.79       0.00       0.00       3.58     18354.00
2024 05 12 05 17 53 138      -5.21       0.63       3.38    -889.95       0.00       0.00       3.26     20264.00
2024 05 12 05 22 54 807      -5.06       0.70       3.18    -888.87       0.00       0.00       3.05     17375.00
2024 05 12 05 27 55 503      -4.91       0.22       3.10    -888.42       0.00       0.00       2.77     21075.00
2024 05 12 05 32 56 278      -4.86       0.18       3.06    -887.92       0.00       0.00       3.09     20704.00
2024 05 12 05 37 57 969      -4.65       0.86       2.78    -886.83       0.00       0.00       3.32     31165.00
2024 05 12 05 43 06 820      -4.80       0.01       2.79    -881.17       0.00       0.00       3.12     16093.00
2024 05 12 05 48 10 102      -4.78       0.51       2.80    -879.09       0.00       0.00       3.09     11365.00
2024 05 12 05 53 12 636      -4.73       1.04       2.50    -877.49       0.00       0.00       3.27     14647.00
2024 05 12 05 58 20 392      -4.70       1.06       2.50    -872.63       0.00       0.00       3.00     12918.00
2024 05 12 06 03 18 229      -4.64       1.23       2.39    -873.98       0.00       0.00       3.47     16669.00
2024 05 12 06 08 20 216      -4.72       1.29       2.31    -872.74       0.00       0.00       3.60     14219.00
2024 05 12 06 13 19 302      -4.76       0.78       2.29    -873.31       0.00       0.00       3.07     14353.00
2024 05 12 06 18 23 448      -4.82       0.00       2.46    -870.73       0.00       0.00       3.36     12513.00
2024 05 12 06 23 24 400      -4.94       0.74       2.02    -870.14       0.00       0.00       3.15     14295.00
2024 05 12 06 28 26 712      -4.69      -0.25       2.50    -868.71       0.00       0.00       3.92     10786.00
2024 05 12 06 33 23 400      -4.09      -0.75       2.67    -870.76       0.00       0.00       3.40     10497.00
2024 05 12 06 38 18 501      -3.68      -0.96       2.81    -873.81       0.00       0.00       2.66     10437.00
2024 05 12 06 43 22 514      -3.79      -0.97       2.63    -871.31       0.00       0.00       3.35     10740.00
2024 05 12 06 48 26 614      -3.86      -1.00       2.39    -868.77       0.00       0.00       3.22      9050.00
2024 05 12 06 53 26 695      -3.90      -1.13       2.23    -868.72       0.00       0.00       2.98      9262.00
2024 05 12 06 58 24 949      -3.90      -1.17       2.05    -869.80       0.00       0.00       3.10     10741.00
2024 05 12 07 03 29 275      -4.16      -1.04       0.85    -867.13       0.00       0.00       2.80     20329.00
2024 05 12 07 08 30 820      -4.09      -1.17       0.90    -866.18       0.00       0.00       2.81     15829.00
2024 05 12 07 13 33 791      -4.10      -1.37       0.90    -864.36       0.00       0.00       2.82     23404.00
2024 05 12 07 18 37 547      -4.29      -1.43       1.00    -862.07       0.00       0.00       2.87      8656.00
2024 05 12 07 23 43 408      -4.32      -0.41       1.42    -858.52       0.00       0.00       2.60     12970.00
2024 05 12 07 28 49 987      -4.24       0.23       1.59    -854.57       0.00       0.00       2.18     12251.00
2024 05 12 07 33 46 332      -4.15       0.47       2.12    -856.76       0.00       0.00       1.85     11370.00
2024 05 12 07 38 58 268      -4.14      -0.44       1.47    -849.65       0.00       0.00       2.32      9200.00
2024 05 12 07 43 56 729      -4.22      -1.41       0.96    -850.56       0.00       0.00       2.23     10235.00
2024 05 12 07 48 56 104      -3.98      -1.82       0.90    -850.93       0.00       0.00       1.78     10414.00
2024 05 12 07 53 55 615      -4.04      -1.39       0.99    -851.22       0.00       0.00       2.21     10997.00
2024 05 12 07 59 01  66      -4.06      -0.04       1.74    -848.00       0.00       0.00       2.03      9403.00
2024 05 12 08 04 06 576      -4.18      -0.01       1.63    -844.77       0.00       0.00       1.87      7968.00
2024 05 12 08 09 08 840      -4.36      -0.11       1.41    -843.45       0.00       0.00       2.23      7840.00
2024 05 12 08 14 11 404      -4.33      -0.41       1.21    -841.96       0.00       0.00       1.97      8419.00
2024 05 12 08 19 12 336      -4.31      -0.55       1.16    -841.42       0.00       0.00       2.10      9096.00
2024 05 12 08 24 13 943      -4.27      -0.45       1.13    -840.49       0.00       0.00       2.09      7126.00
2024 05 12 08 29 16 299      -4.39      -0.09       1.23    -839.13       0.00       0.00       2.07      7777.00
2024 05 12 08 34 19 866      -4.34       0.10       1.09    -837.08       0.00       0.00       2.48      7838.00
2024 05 12 08 39 24 362      -4.12       0.02       1.86    -834.51       0.00       0.00       2.25      8094.00
2024 05 12 08 44 25 433      -4.54       0.03       1.84    -833.90       0.00       0.00       2.62      7946.00
2024 05 12 08 49 25 117      -4.21       0.45       1.79    -834.08       0.00       0.00       2.25      9542.00
2024 05 12 08 54 27 122      -4.29       0.55       1.56    -832.94       0.00       0.00       2.24     10663.00
2024 05 12 08 59 31 290      -4.23       0.28       1.32    -830.58       0.00       0.00       2.21      9966.00
2024 05 12 09 04 28 144      -3.81       0.96       1.98    -832.36       0.00       0.00       2.00      8022.00
2024 05 12 09 09 33 153      -3.88       1.04       2.00    -829.53       0.00       0.00       2.41      8738.00
2024 05 12 09 14 29 698      -4.31       0.73       1.74    -831.48       0.00       0.00       2.25     12947.00
2024 05 12 09 18 37 744      -8.77      -0.93       4.61    -861.95       0.00       0.00       2.98     38726.00
2024 05 12 09 22 50 182      -9.85      -2.00       4.75    -891.87       0.00       0.00       2.92     80968.00
2024 05 12 09 27 38 469      -9.48      -1.55       4.84    -899.56       0.00       0.00       2.04    125683.00
2024 05 12 09 32 44 415      -8.89      -0.09       5.61    -895.64       0.00       0.00       1.74    129324.00
2024 05 12 09 37 24 583      -7.70       1.56       7.63    -908.85       0.00       0.00       0.93    162104.00
2024 05 12 09 42 28 143      -8.26       0.82       7.32    -906.45       0.00       0.00       1.11    129345.00
2024 05 12 09 47 27 682      -7.82       1.16       7.11    -906.76       0.00       0.00       1.06    170148.00
2024 05 12 09 52 57 131      -7.48       2.31       6.46    -887.37       0.00       0.00       1.10    160796.00
2024 05 12 09 58 00 569      -8.48       1.77       6.44    -885.16       0.00       0.00       0.66    178236.00
2024 05 12 10 02 50 828      -9.43       1.06       4.88    -891.45       0.00       0.00       0.58    190054.00
2024 05 12 10 07 41 132      -7.56       3.10       7.46    -897.80       0.00       0.00       0.46    298694.00
2024 05 12 10 12 56 882      -8.58       2.77       6.91    -887.53       0.00       0.00       0.48    249638.00
2024 05 12 10 17 50  90      -6.34       4.67       7.23    -891.93       0.00       0.00       0.51    292697.00
2024 05 12 10 22 41 223      -7.05       4.33       6.52    -897.74       0.00       0.00       0.28    498051.00
2024 05 12 10 27 44 445      -8.12       3.58       5.93    -895.62       0.00       0.00       0.42    335601.00
2024 05 12 10 32 57 146      -8.69       2.11       6.00    -887.36       0.00       0.00       0.47    301289.00
2024 05 12 10 37 59 758      -8.73       1.74       5.58    -885.68       0.00       0.00       0.48    287293.00
2024 05 12 10 43 11 700      -8.27       3.04       5.91    -878.08       0.00       0.00       0.72    259985.00
2024 05 12 10 53 37 431      -9.36       1.43       4.29    -862.14       0.00       0.00       0.69    465137.00
2024 05 12 10 58 08 980      -8.92      -0.15       5.10    -879.80       0.00       0.00       0.68    440233.00
2024 05 12 11 03 16 216      -8.71      -1.27       5.23    -875.24       0.00       0.00       0.68    430902.00
2024 05 12 11 08 24 432      -8.45      -0.69       5.71    -870.12       0.00       0.00       0.71    415377.00
2024 05 12 11 13 45 966      -9.00      -0.86       4.31    -856.98       0.00       0.00       0.74    418123.00
2024 05 12 11 18 41 206      -9.07      -1.92       3.08    -859.85       0.00       0.00       0.64    399399.00
2024 05 12 11 23 53 224      -8.49       1.13       4.23    -852.64       0.00       0.00       0.76    299104.00
2024 05 12 11 28 39 358      -7.45       3.58       4.91    -860.97       0.00       0.00       0.68    327027.00
2024 05 12 11 33 47 615      -8.08       2.63       4.22    -855.99       0.00       0.00       0.80    326937.00
2024 05 12 11 38 42 696      -8.40      -1.42       3.59    -858.95       0.00       0.00       0.86    351012.00
2024 05 12 11 48 27 570      -8.41       0.32       4.11    -868.18       0.00       0.00       0.72    450528.00
2024 05 12 11 58 29 307      -8.31       2.02       3.84    -867.11       0.00       0.00       0.71    433388.00
2024 05 12 12 08 15 563      -8.45       0.03       2.68    -875.65       0.00       0.00       0.70    453987.00
2024 05 12 12 13 24 884      -7.99       1.65       2.97    -869.84       0.00       0.00       0.70    427493.00
2024 05 12 12 18 29 893      -7.59       2.25       3.28    -866.75       0.00       0.00       0.74    425702.00
2024 05 12 12 48 12 129      -7.26       2.44       2.29    -877.81       0.00       0.00       0.75    511431.00
2024 05 12 12 53 23 593      -7.69       1.85       0.49    -870.64       0.00       0.00       0.74    584442.00
2024 05 12 12 58 28 592      -7.94       0.73       0.47    -867.55       0.00       0.00       0.70    626837.00
2024 05 12 13 03 14 925      -7.34       1.69       2.28    -876.05       0.00       0.00       0.72    553642.00
2024 05 12 13 08 27 295      -7.51       0.72       1.72    -868.35       0.00       0.00       0.71    567323.00
2024 05 12 13 18 35 921      -7.21       0.46       1.45    -863.06       0.00       0.00       0.72    675728.00
2024 05 12 13 24 02 240      -6.80       1.16       1.80    -847.31       0.00       0.00       0.63    677742.00
2024 05 12 13 33 35 658      -6.83       1.37       0.34    -863.22       0.00       0.00       0.72    759765.00
2024 05 12 13 38 32 761      -6.72       1.55       0.64    -864.99       0.00       0.00       0.71    698929.00
2024 05 12 13 43 30  72      -6.66       1.55       0.49    -866.64       0.00       0.00       0.69    716783.00
2024 05 12 13 53 27 830      -6.33       2.06       0.28    -868.02       0.00       0.00       0.73    722813.00
2024 05 12 13 58 38 452      -6.22       2.21       0.09    -861.52       0.00       0.00       0.72    640867.00
2024 05 12 14 03 42 414      -5.95       2.50       0.76    -859.12       0.00       0.00       0.70    665707.00
2024 05 12 14 09 37 284      -5.61       2.78       0.99    -827.21       0.00       0.00       0.62    645087.00
2024 05 12 14 13 50 674      -5.72       2.37       0.58    -854.16       0.00       0.00       0.74    742804.00
2024 05 12 14 20 02 366      -5.28       3.21      -0.88    -813.40       0.00       0.00       0.51    668922.00
2024 05 12 14 24 23 958      -5.69       2.54      -0.08    -834.74       0.00       0.00       0.59    737663.00
2024 05 12 14 28 46 649      -5.43       2.33      -0.61    -856.57       0.00       0.00       0.68    821150.00
2024 05 12 14 38 31 521      -4.88       2.79      -1.60    -865.75       0.00       0.00       0.73    806147.00
2024 05 12 14 43 38 484      -4.05       3.58      -1.76    -861.50       0.00       0.00       0.67    700918.00
2024 05 12 14 48 12 557      -3.96       4.03      -1.39    -877.54       0.00       0.00       0.71    683534.00
2024 05 12 14 53 19 638      -4.16       3.30      -2.48    -873.10       0.00       0.00       0.70    754842.00
2024 05 12 14 57 17 695      -0.84       3.43      -3.98    -913.53       0.00       0.00       0.65    652571.00
2024 05 12 15 03 07 308      -2.73       2.98      -3.17    -880.86       0.00       0.00       0.62    625608.00
2024 05 12 15 06 45 275       1.11       2.52      -3.62    -936.22       0.00       0.00       0.62    681137.00
2024 05 12 15 11 28 974       2.97       2.45      -1.97    -948.06       0.00       0.00       0.56    770158.00
2024 05 12 15 17 17 666      -0.78       3.13      -3.14    -913.55       0.00       0.00       0.70    630283.00
2024 05 12 15 23 39 325      -3.88       4.03      -0.56    -860.99       0.00       0.00       0.77    686842.00
2024 05 12 15 28 50 724      -3.83       4.11       0.62    -854.13       0.00       0.00       0.72    669668.00
2024 05 12 15 33 47 332      -3.50       4.40       0.71    -856.16       0.00       0.00       0.71    668858.00
2024 05 12 15 38 22 562      -2.05       4.82       1.33    -871.28       0.00       0.00       0.78    586938.00
2024 05 12 15 43 57  67      -2.59       4.40       2.13    -850.36       0.00       0.00       0.66    552540.00
2024 05 12 15 49 06  12      -4.28       3.92       0.55    -845.10       0.00       0.00       0.75    706311.00
2024 05 12 16 04 19  29      -3.48       3.98       0.89    -837.56       0.00       0.00       0.72    628245.00
2024 05 12 16 14 41  80      -4.26       3.92       1.64    -825.09       0.00       0.00       0.77    649510.00
2024 05 12 16 24 04 781      -3.06       1.97       2.79    -845.82       0.00       0.00       0.79    678523.00
2024 05 12 16 29 04 712      -3.00       1.00       3.61    -845.86       0.00       0.00       0.69    655444.00
2024 05 12 16 34 12 664      -2.38       4.42       1.76    -841.23       0.00       0.00       0.85    615356.00
2024 05 12 16 40 03 789      -4.27       3.34       0.23    -812.63       0.00       0.00       0.85    607246.00
2024 05 12 16 43 53 729      -2.11       4.53      -0.41    -852.34       0.00       0.00       0.88    638337.00
2024 05 12 16 50 24 272      -2.52       4.09       0.95    -801.71       0.00       0.00       0.67    630444.00
2024 05 12 16 54 20 319      -3.43       3.00       1.98    -836.82       0.00       0.00       0.89    725466.00
2024 05 12 16 59 29 450      -3.54       3.57       1.05    -831.62       0.00       0.00       0.97    760457.00
2024 05 12 17 13 40 876      -2.88       3.04       0.81    -860.05       0.00       0.00       1.07    782796.00
2024 05 12 17 18 02 725      -1.05       3.97      -1.90    -883.78       0.00       0.00       1.09    792650.00
2024 05 12 17 24 30 405      -3.75       4.30      -0.38    -831.08       0.00       0.00       0.91    629683.00
2024 05 12 17 28 23  77      -3.38       4.61      -0.78    -870.96       0.00       0.00       1.13    799507.00
2024 05 12 17 33 40 777      -2.63       5.32      -0.61    -860.11       0.00       0.00       1.19    772916.00
2024 05 12 17 38 16 472      -1.80       5.26      -0.48    -875.08       0.00       0.00       1.20    783510.00
2024 05 12 17 42 46 979       0.06       5.52      -0.48    -893.96       0.00       0.00       1.14    773809.00
2024 05 12 17 47 42 604       1.03       5.29      -0.97    -896.83       0.00       0.00       1.13    777487.00
2024 05 12 17 52 28 589       3.71       2.87      -2.17    -906.15       0.00       0.00       1.20    864430.00
2024 05 12 17 57 38 167       1.01       5.82      -1.08    -899.76       0.00       0.00       1.06    698389.00
2024 05 12 18 02 49 276       0.06       6.05      -1.80    -892.46       0.00       0.00       1.04    682442.00
2024 05 12 18 07 56 371       1.88       4.56      -0.93    -887.86       0.00       0.00       1.12    758529.00
2024 05 12 18 12 50 121       3.49       4.42      -0.85    -891.91       0.00       0.00       1.13    831288.00
2024 05 12 18 17 53 215       1.72       5.12      -1.91    -889.90       0.00       0.00       1.18    760651.00
2024 05 12 18 22 53 138       1.87       5.50      -1.07    -889.95       0.00       0.00       1.20    753385.00
2024 05 12 18 27 20 748       3.78       3.44       4.73    -911.45       0.00       0.00       1.45    561539.00
2024 05 12 18 32 53  30       1.89       7.21       1.88    -890.02       0.00       0.00       1.54    497853.00
2024 05 12 18 37 43 167       0.52       6.60      -1.88    -896.46       0.00       0.00       1.31    642762.00
2024 05 12 18 42 45  85       1.27       5.93       1.44    -895.20       0.00       0.00       1.44    651018.00
2024 05 12 18 47 56 882      -0.17       5.48      -1.32    -887.53       0.00       0.00       1.38    660400.00
2024 05 12 18 53 15 451      -2.00       5.98      -0.37    -875.72       0.00       0.00       1.39    627752.00
2024 05 12 18 58 34 904      -3.28       5.55      -2.15    -863.68       0.00       0.00       1.40    597970.00
2024 05 12 19 03 36 446      -3.34       5.45      -2.06    -862.74       0.00       0.00       1.49    582949.00
2024 05 12 19 08 46 898      -2.35       5.67      -1.43    -856.42       0.00       0.00       1.55    670973.00
2024 05 12 19 13 45 933      -1.36       6.35      -2.71    -857.00       0.00       0.00       1.31    690588.00
2024 05 12 19 18 52 670      -1.41       5.82      -2.64    -852.97       0.00       0.00       1.34    722067.00
2024 05 12 19 23 57 236      -0.99       6.33      -0.68    -850.26       0.00       0.00       1.34    712398.00
2024 05 12 19 28 55 548      -1.18       6.78      -0.14    -851.26       0.00       0.00       1.33    682218.00
2024 05 12 19 33 54 924      -0.72       6.41       0.27    -851.63       0.00       0.00       1.44    635374.00
2024 05 12 19 38 42 662       0.36       6.39      -0.11    -858.97       0.00       0.00       1.47    656766.00
2024 05 12 19 43 40 727      -0.38       5.79      -1.06    -860.14       0.00       0.00       1.66    568699.00
2024 05 12 19 48 55 211      -1.22       5.89      -1.54    -851.46       0.00       0.00       1.56    623942.00
2024 05 12 19 53 44 138      -0.86       5.68      -2.43    -858.08       0.00       0.00       1.77    524156.00
2024 05 12 19 58 47 165      -0.29       5.53      -1.96    -856.26       0.00       0.00       1.70    577100.00
2024 05 12 20 03 29 242      -1.10       4.70      -4.65    -867.15       0.00       0.00       1.96    374677.00
2024 05 12 20 08 47 398      -0.65       4.51      -4.78    -856.12       0.00       0.00       1.77    397751.00
2024 05 12 20 14 23 941       0.39       4.60      -4.34    -834.75       0.00       0.00       1.66    480333.00
2024 05 12 20 19 08 377       0.53       4.90      -4.26    -843.72       0.00       0.00       1.56    503594.00
2024 05 12 20 24 12 129      -0.79       4.87      -4.39    -841.54       0.00       0.00       1.50    493383.00
2024 05 12 20 29 23 607      -0.04       5.81      -3.96    -834.94       0.00       0.00       1.74    377935.00
2024 05 12 20 34 03 330       0.51       6.34      -3.91    -846.67       0.00       0.00       1.65    288372.00
2024 05 12 20 39 05   3       0.97       6.43      -4.25    -845.69       0.00       0.00       1.62    263132.00
2024 05 12 20 44 12 129       0.56       6.07      -4.58    -841.54       0.00       0.00       1.55    258411.00
2024 05 12 20 49 22 294      -0.32       5.77      -5.06    -835.69       0.00       0.00       1.76    174380.00
2024 05 12 20 54 48 785      -1.52       5.36      -4.54    -820.82       0.00       0.00       2.24    135609.00
2024 05 12 20 59 53 479      -1.73       2.21      -6.90    -818.24       0.00       0.00       1.74    166638.00
2024 05 12 21 04 44  84      -1.03       2.14      -7.11    -823.42       0.00       0.00       1.77    152073.00
2024 05 12 21 09 41 906      -0.38       5.02      -6.05    -824.63       0.00       0.00       2.53     89745.00
2024 05 12 21 14 34 575       0.15       5.29      -5.95    -828.73       0.00       0.00       2.28    114122.00
2024 05 12 21 20 01 941      -1.53       6.00      -6.34    -813.63       0.00       0.00       2.15     80489.00
2024 05 12 21 25 15 201      -2.94       5.68      -6.25    -806.51       0.00       0.00       2.37     90193.00
2024 05 12 21 30 05 624      -2.59       3.57      -7.86    -811.64       0.00       0.00       1.92    105413.00
2024 05 12 21 35 12 912      -2.66       3.51      -8.08    -807.73       0.00       0.00       1.87    105564.00
2024 05 12 21 40 15 877      -2.57       3.16      -8.40    -806.15       0.00       0.00       1.83    136227.00
2024 05 12 21 45 27 569      -2.87       3.69      -8.07    -799.98       0.00       0.00       2.85    109359.00
2024 05 12 21 50 03 789      -1.84       4.62      -8.20    -812.63       0.00       0.00       2.92    103867.00
2024 05 12 21 55 24 158      -1.88       4.29      -8.58    -801.77       0.00       0.00       3.12    101986.00
2024 05 12 22 00 34 513      -2.61       5.15      -7.69    -796.36       0.00       0.00       3.93    105648.00
2024 05 12 22 05 22 165      -1.80       5.40      -7.61    -802.82       0.00       0.00       4.05    102582.00
2024 05 12 22 10 14 431      -3.13       4.92      -7.30    -806.92       0.00       0.00       5.10     84220.00
2024 05 12 22 15 23 360      -4.51      -4.35      -7.07    -802.19       0.00       0.00       3.91     99867.00
2024 05 12 22 20 15 219      -0.10      -8.36       1.11    -806.50       0.00       0.00       4.08     69797.00
2024 05 12 22 25 08 709      -0.16      -6.42       1.50    -809.98       0.00       0.00       4.79    100733.00
2024 05 12 22 29 47  64       0.96       2.80       2.87    -821.77       0.00       0.00       3.59    156731.00
2024 05 12 22 34 06 902       5.01       0.17       8.99    -844.58       0.00       0.00       4.60     99207.00
2024 05 12 22 39 03 927       5.08       4.94       7.54    -846.32       0.00       0.00       3.70    103977.00
2024 05 12 22 44 08 806       5.29       6.31       6.26    -843.47       0.00       0.00       3.88    104964.00
2024 05 12 22 49 07 999       4.56       7.58       2.06    -843.94       0.00       0.00       4.70     96116.00
2024 05 12 22 53 56 881       3.88       6.19       3.52    -850.47       0.00       0.00       4.97     88098.00
2024 05 12 22 58 59 437       4.59       5.87       3.30    -848.96       0.00       0.00       2.78    173935.00
2024 05 12 23 03 26 242       2.73       3.58       3.08    -869.00       0.00       0.00       3.49    144768.00
2024 05 12 23 09 25  81      -1.17       5.98      -1.12    -834.10       0.00       0.00       6.09     44606.00
2024 05 12 23 14 48 295      -4.09       6.64      -0.60    -821.09       0.00       0.00       6.55     46659.00
2024 05 12 23 19 59 821      -4.70       6.38      -0.08    -814.78       0.00       0.00       8.35     50230.00
2024 05 12 23 25 21 104      -3.48       6.55       0.68    -803.38       0.00       0.00      10.54     53822.00
2024 05 12 23 30 23 588      -5.03       5.71      -0.37    -802.07       0.00       0.00      11.02     65070.00
2024 05 12 23 35 31 148      -5.56       4.48      -0.86    -798.11       0.00       0.00      11.87     85361.00
2024 05 12 23 40 44 969      -6.78       1.60       0.51    -790.97       0.00       0.00      12.11    115781.00
2024 05 12 23 45 31  52      -6.88       3.12       2.23    -798.16       0.00       0.00      10.23     96644.00
2024 05 12 23 50 11 901      -5.98       5.32       2.29    -808.27       0.00       0.00       7.44     54008.00
2024 05 12 23 55 05 457      -5.93       5.47       2.17    -811.73       0.00       0.00       6.65     43010.00
2024 05 12 23 59 55 618      -5.43       6.37       1.85    -817.07       0.00       0.00       7.11     35557.00
2024 05 13 00 05 07 555      -5.80       6.02       1.11    -810.60       0.00       0.00       7.23     51502.00
2024 05 13 00 10 02 551      -7.39       3.66       2.02    -813.30       0.00       0.00       7.30     58397.00
2024 05 13 00 14 59 435      -7.69       3.87       1.63    -814.99       0.00       0.00       6.99     54169.00
2024 05 13 00 20 03 161      -7.93       3.62       0.70    -812.97       0.00       0.00       7.61     57193.00
2024 05 13 00 25 03 419      -7.92       3.42       0.45    -812.83       0.00       0.00       8.04     56944.00
