Obtained from CDAWEB. Preliminary 5-min resolution data. 
Units: nT, km/s, amu/cc, K

#SATELLITEXYZ
223.6
0.0
0.0

#COORDINATES
GSE

year  mo  dy  hr  mn  sc msc Bx By Bz Ux Uy Uz rho T
#START
2024 05 10 00 00  0   0    -4.89300     -0.096000      -3.21700     -398.960     0.0    0.0      4.67380   73080.0
2024 05 10 00 05  0   0    -4.42800      0.307000      -3.93400     -402.330     0.0    0.0      4.43990   69595.0
2024 05 10 00 10  0   0    -4.11500      0.580000      -4.14700     -403.620     0.0    0.0      4.18500   65562.0
2024 05 10 00 15  0   0    -3.63400       1.50800      -4.35700     -404.880     0.0    0.0      4.23340   58391.0
2024 05 10 00 20  0   0    -3.55900       1.77400      -4.03600     -404.410     0.0    0.0      4.79920   62745.0
2024 05 10 00 25  0   0    -3.79800      0.839000      -4.05500     -400.680     0.0    0.0      4.75110   63003.0
2024 05 10 00 30  0   0    -4.28800     -0.178000      -3.63200     -394.710     0.0    0.0      4.87980   64238.0
2024 05 10 00 35  0   0    -4.00300      -2.10500      -3.21900     -395.260     0.0    0.0      4.36010   66892.0
2024 05 10 00 40  0   0    -4.17300      -1.64700      -3.10700     -393.110     0.0    0.0      4.48220   69577.0
2024 05 10 00 45  0   0    -3.23600      -2.92800      -2.77200     -396.040     0.0    0.0      4.21020   67651.0
2024 05 10 00 50  0   0    -3.00500      0.848000      -4.03600     -394.790     0.0    0.0      4.64680   64389.0
2024 05 10 00 55  0   0    -3.53000     -0.756000      -3.64700     -389.350     0.0    0.0      4.32490   73702.0
2024 05 10 01 00  0   0    -1.00500      -3.26700     -0.209000     -404.520     0.0    0.0      4.51040   78467.0
2024 05 10 01 05  0   0    0.808000      -4.33700      0.693000     -421.550     0.0    0.0      4.61560   67312.0
2024 05 10 01 10  0   0    -2.70500     -0.285000      0.706000     -405.040     0.0    0.0      4.06160   77911.0
2024 05 10 01 15  0   0    -3.87600       1.46500     -0.527000     -393.680     0.0    0.0      3.85200   92388.0
2024 05 10 01 20  0   0    -3.48100       2.00300      -2.11100     -398.150     0.0    0.0      4.48170   87890.0
2024 05 10 01 25  0   0    -2.81200       3.42800      -2.05400     -412.820     0.0    0.0      3.45870   78538.0
2024 05 10 01 30  0   0    -2.60500       6.01200     -0.110000     -425.850     0.0    0.0      3.32010   54406.0
2024 05 10 01 35  0   0    -2.23500       5.98200     -0.506000     -430.040     0.0    0.0      4.00610   55615.0
2024 05 10 01 40  0   0    -2.37800       6.09500    -0.0820000     -431.480     0.0    0.0      4.10180   48449.0
2024 05 10 01 45  0   0    -2.52300       5.94600      0.677000     -428.730     0.0    0.0      3.85520   46240.0
2024 05 10 01 50  0   0    -2.04500       6.03700      0.775000     -431.610     0.0    0.0      4.40840   43656.0
2024 05 10 01 55  0   0    -1.60200       6.30500       1.13700     -427.470     0.0    0.0      4.37870   37237.0
2024 05 10 02 00  0   0    -1.48500       6.28200       1.42000     -425.710     0.0    0.0      4.82350   35387.0
2024 05 10 02 05  0   0    -1.56300       6.10500       1.56300     -427.840     0.0    0.0      4.46380   40918.0
2024 05 10 02 10  0   0    -1.95000       4.96700       1.51300     -431.050     0.0    0.0      6.75530   43701.0
2024 05 10 02 15  0   0    -1.43800       4.28800       1.74700     -435.000     0.0    0.0      8.67970   49761.0
2024 05 10 02 20  0   0    -2.70300       4.71100       1.54600     -431.420     0.0    0.0      5.90440   59766.0
2024 05 10 02 25  0   0    -2.89300       3.95800      0.725000     -429.900     0.0    0.0      6.83700   64987.0
2024 05 10 02 30  0   0    -1.70200      -1.53500      -1.65100     -431.990     0.0    0.0      12.7817   42330.0
2024 05 10 02 35  0   0    -1.99700      -3.13500      -2.92700     -431.240     0.0    0.0      12.9167   33978.0
2024 05 10 02 40  0   0    -2.17300      -3.72300      -3.71300     -429.320     0.0    0.0      11.1208   27563.0
2024 05 10 02 45  0   0    -2.93400      -3.07500      -4.24200     -431.050     0.0    0.0      10.0992   27635.0
2024 05 10 02 50  0   0    -1.74500      -4.68700      -4.14500     -430.040     0.0    0.0      7.97690   23161.0
2024 05 10 02 55  0   0   -0.806000      -5.19600      -3.72500     -428.050     0.0    0.0      8.10450   20751.0
2024 05 10 03 00  0   0    -1.11500      -4.97500      -3.74100     -427.640     0.0    0.0      7.65820   21710.0
2024 05 10 03 05  0   0   -0.967000      -4.85100      -3.49400     -427.240     0.0    0.0      8.15420   24515.0
2024 05 10 03 10  0   0   -0.731000      -4.27200      -3.25900     -426.690     0.0    0.0      8.23420   29905.0
2024 05 10 03 15  0   0    -1.24900      -2.61000      -2.98400     -427.670     0.0    0.0      8.01330   43125.0
2024 05 10 03 20  0   0   -0.576000      -2.50300      -2.08200     -429.100     0.0    0.0      8.86780   47288.0
2024 05 10 03 25  0   0    -1.05700     -0.810000      -1.78100     -430.960     0.0    0.0      8.01760   50325.0
2024 05 10 03 30  0   0   -0.698000     -0.900000      -1.44900     -431.050     0.0    0.0      8.99960   48919.0
2024 05 10 03 35  0   0   0.0140000      -1.29300      -1.47800     -431.250     0.0    0.0      9.82970   47857.0
2024 05 10 03 40  0   0   0.0750000      -1.02400      -1.94200     -431.010     0.0    0.0      9.42770   48722.0
2024 05 10 03 45  0   0    0.100000     -0.656000      -1.55500     -430.550     0.0    0.0      9.66740   47422.0
2024 05 10 03 50  0   0  -0.0810000     -0.638000      -1.60900     -429.470     0.0    0.0      9.99460   46586.0
2024 05 10 03 55  0   0   -0.143000     -0.846000      -2.12100     -428.100     0.0    0.0      9.89530   44395.0
2024 05 10 04 00  0   0   -0.189000      -1.02000      -2.24100     -427.790     0.0    0.0      9.85370   45726.0
2024 05 10 04 05  0   0    0.111000      -1.39000      -1.98800     -427.710     0.0    0.0      9.04120   45816.0
2024 05 10 04 10  0   0    0.686000      -1.29400     -0.692000     -426.000     0.0    0.0      8.00040   50744.0
2024 05 10 04 15  0   0     1.11600     -0.772000     -0.429000     -422.520     0.0    0.0      7.63110   50798.0
2024 05 10 04 20  0   0    0.618000     -0.495000     0.0400000     -422.100     0.0    0.0      6.97180   53901.0
2024 05 10 04 25  0   0     1.70400     -0.964000      0.561000     -421.190     0.0    0.0      6.24250   54734.0
2024 05 10 04 30  0   0     1.23100     -0.697000     -0.227000     -422.700     0.0    0.0      6.43890   57208.0
2024 05 10 04 35  0   0    0.442000     -0.664000     -0.778000     -422.080     0.0    0.0      6.27580   57561.0
2024 05 10 04 40  0   0    0.784000     -0.719000     -0.753000     -422.030     0.0    0.0      6.15410   57997.0
2024 05 10 04 45  0   0    0.436000     -0.549000     -0.631000     -419.860     0.0    0.0      6.54280   53278.0
2024 05 10 04 50  0   0    0.362000     -0.417000     -0.527000     -418.740     0.0    0.0      6.49690   52833.0
2024 05 10 04 55  0   0    0.667000     -0.474000     -0.482000     -419.720     0.0    0.0      6.35740   53568.0
2024 05 10 05 00  0   0    0.551000     -0.145000     -0.361000     -421.160     0.0    0.0      6.35060   52805.0
2024 05 10 05 05  0   0    0.532000     -0.142000     -0.807000     -420.370     0.0    0.0      6.40750   54519.0
2024 05 10 05 10  0   0    0.389000    -0.0530000     -0.801000     -420.600     0.0    0.0      6.25970   54135.0
2024 05 10 05 15  0   0    0.109000     -0.679000     -0.639000     -419.380     0.0    0.0      6.35660   50259.0
2024 05 10 05 20  0   0   -0.254000     -0.376000    -0.0970000     -418.030     0.0    0.0      6.22660   54437.0
2024 05 10 05 25  0   0    0.485000     -0.190000      -1.04000     -416.780     0.0    0.0      6.07560   54097.0
2024 05 10 05 30  0   0    0.487000     0.0670000      -1.83400     -416.850     0.0    0.0      5.60590   50232.0
2024 05 10 05 35  0   0    0.609000    -0.0100000      -1.59300     -416.610     0.0    0.0      5.65340   53610.0
2024 05 10 05 40  0   0     1.05400     0.0570000     -0.680000     -415.150     0.0    0.0      6.40000   52473.0
2024 05 10 05 45  0   0     1.42700   -0.00900000     -0.628000     -414.860     0.0    0.0      6.69820   52943.0
2024 05 10 05 50  0   0    0.142000     -0.983000      -1.09200     -410.610     0.0    0.0      7.62200   46368.0
2024 05 10 05 55  0   0    0.144000      -1.19700      -1.00100     -409.430     0.0    0.0      7.50370   47229.0
2024 05 10 06 00  0   0   -0.571000      -2.02100      -1.45800     -409.550     0.0    0.0      7.14160   44053.0
2024 05 10 06 05  0   0   -0.728000      -2.47600      -1.90400     -409.120     0.0    0.0      7.68020   38247.0
2024 05 10 06 10  0   0   -0.606000      -2.12000      -2.41500     -407.360     0.0    0.0      7.78070   37352.0
2024 05 10 06 15  0   0   -0.687000      -2.57800      -3.53200     -413.660     0.0    0.0      6.92150   25982.0
2024 05 10 06 20  0   0   -0.354000      -1.96600      -3.45000     -416.800     0.0    0.0      7.07000   24292.0
2024 05 10 06 25  0   0    0.466000      -1.78000      -1.87700     -419.180     0.0    0.0      7.56930   32955.0
2024 05 10 06 30  0   0   -0.141000      -1.79500      -1.99100     -415.490     0.0    0.0      7.51490   36391.0
2024 05 10 06 35  0   0    0.659000      -1.65800      -1.49100     -415.630     0.0    0.0      7.38860   38383.0
2024 05 10 06 40  0   0    0.164000      -2.03400      -2.19800     -411.750     0.0    0.0      7.16410   37234.0
2024 05 10 06 45  0   0    0.664000      -1.44500      -1.40600     -411.850     0.0    0.0      7.18660   41019.0
2024 05 10 06 50  0   0    0.244000      -1.57500      -1.56200     -410.550     0.0    0.0      7.52250   41007.0
2024 05 10 06 55  0   0   0.0230000      -1.58900      -2.11300     -409.690     0.0    0.0      6.91870   38662.0
2024 05 10 07 00  0   0    0.633000     -0.974000      -1.21900     -407.580     0.0    0.0      7.92380   38572.0
2024 05 10 07 05  0   0     1.25100     -0.861000      -1.24200     -409.330     0.0    0.0      6.87140   45479.0
2024 05 10 07 10  0   0     1.58400     -0.918000      -1.17200     -409.810     0.0    0.0      8.16440   35874.0
2024 05 10 07 15  0   0     1.88800      -1.00500     -0.251000     -410.760     0.0    0.0      9.01310   34083.0
2024 05 10 07 20  0   0     1.35200      -1.49800      0.132000     -412.030     0.0    0.0      8.78230   32758.0
2024 05 10 07 25  0   0     1.45800      -1.39600   -0.00400000     -412.220     0.0    0.0      8.70470   34482.0
2024 05 10 07 30  0   0     2.12900     -0.518000       1.13900     -408.920     0.0    0.0      8.82990   34954.0
2024 05 10 07 35  0   0     2.02200     -0.910000      0.503000     -408.620     0.0    0.0      9.03250   33083.0
2024 05 10 07 40  0   0     2.19200     -0.693000      0.523000     -408.360     0.0    0.0      9.00590   34264.0
2024 05 10 07 45  0   0     2.30500     -0.879000      0.697000     -405.290     0.0    0.0      8.40550   33269.0
2024 05 10 07 50  0   0     2.16200     -0.736000      0.675000     -407.270     0.0    0.0      8.25060   35500.0
2024 05 10 07 55  0   0     1.83000      -1.04100      0.767000     -410.660     0.0    0.0      7.55120   39593.0
2024 05 10 08 00  0   0     2.22400     -0.751000       1.28900     -408.060     0.0    0.0      6.98730   43573.0
2024 05 10 08 05  0   0     2.10900      0.734000       1.27700     -406.290     0.0    0.0      6.93090   44831.0
2024 05 10 08 10  0   0     1.66800     -0.730000      0.853000     -408.130     0.0    0.0      6.94040   50035.0
2024 05 10 08 15  0   0     1.93600      0.446000       1.15100     -405.220     0.0    0.0      7.65040   48463.0
2024 05 10 08 20  0   0     1.68200     -0.494000       1.80200     -407.590     0.0    0.0      6.09330   53945.0
2024 05 10 08 25  0   0     1.83200      0.477000       1.86800     -406.670     0.0    0.0      6.83170   55964.0
2024 05 10 08 30  0   0     3.14500     -0.842000       1.27600     -414.870     0.0    0.0      6.15020   67239.0
2024 05 10 08 35  0   0     3.08100      -2.10100      0.287000     -429.790     0.0    0.0      4.85670   71779.0
2024 05 10 08 40  0   0     2.61500      -1.77500      0.355000     -428.210     0.0    0.0      5.07630   75602.0
2024 05 10 08 45  0   0     1.72100      -1.74200     -0.329000     -429.290     0.0    0.0      5.08220   67291.0
2024 05 10 08 50  0   0   0.0600000     -0.623000      -1.21300     -423.720     0.0    0.0      5.68080   65503.0
2024 05 10 08 55  0   0   -0.667000      -1.31700      -1.99300     -420.660     0.0    0.0      5.27600   66621.0
2024 05 10 09 00  0   0   -0.544000      -1.24200      -1.99200     -420.810     0.0    0.0      5.86070   59830.0
2024 05 10 09 05  0   0    -1.64500      -1.06500      -2.10300     -416.560     0.0    0.0      4.53410   70189.0
2024 05 10 09 10  0   0    -2.01500     -0.559000      -2.34600     -414.000     0.0    0.0      3.74050   77155.0
2024 05 10 09 15  0   0    -1.67000     -0.882000      -3.00400     -416.240     0.0    0.0      3.62820   70481.0
2024 05 10 09 20  0   0    -1.16900      -1.76900      -2.54500     -421.720     0.0    0.0      3.72140   73356.0
2024 05 10 09 25  0   0    -1.11400      -2.15500      -2.85900     -420.390     0.0    0.0      3.88010   67907.0
2024 05 10 09 30  0   0   -0.783000      -2.22600      -2.71800     -418.540     0.0    0.0      3.85210   66356.0
2024 05 10 09 35  0   0    -1.10100      -2.19700      -2.83100     -416.190     0.0    0.0      3.41150   64846.0
2024 05 10 09 40  0   0   -0.624000      -1.34600      -2.57200     -416.820     0.0    0.0      4.20800   73273.0
2024 05 10 09 45  0   0   -0.664000      -1.15700      -2.54400     -417.070     0.0    0.0      4.00600   69680.0
2024 05 10 09 50  0   0   -0.821000      -1.38700      -2.46300     -413.300     0.0    0.0      4.01740   68604.0
2024 05 10 09 55  0   0    -1.24100      -1.68600      -2.81400     -411.820     0.0    0.0      3.46640   61174.0
2024 05 10 10 00  0   0    -1.74600      -2.19100      -2.77000     -409.390     0.0    0.0      2.88000   62126.0
2024 05 10 10 05  0   0    -1.94100      -2.48500      -3.18300     -407.030     0.0    0.0      2.14300   53187.0
2024 05 10 10 10  0   0    -1.68000      -1.69800      -3.04800     -409.430     0.0    0.0      2.45670   66803.0
2024 05 10 10 15  0   0    -1.70800      -2.15100      -3.38400     -410.370     0.0    0.0      2.38930   54059.0
2024 05 10 10 20  0   0    -1.96600      -2.20500      -3.13700     -406.010     0.0    0.0      2.27090   55421.0
2024 05 10 10 25  0   0    -2.16700      -2.03000      -2.95800     -401.670     0.0    0.0      2.31530   63215.0
2024 05 10 10 30  0   0    -2.09700      -1.97600      -3.19000     -406.120     0.0    0.0      2.29830   63616.0
2024 05 10 10 35  0   0    -2.39300      -2.22500      -2.73200     -403.930     0.0    0.0      2.16660   68161.0
2024 05 10 10 40  0   0    -1.89100      -2.36300      -2.98500     -406.640     0.0    0.0      1.96430   50059.0
2024 05 10 10 45  0   0    -1.78200      -2.45000      -3.00300     -405.900     0.0    0.0      2.11490   46260.0
2024 05 10 10 50  0   0    -1.48300      -2.96200      -2.70600     -408.890     0.0    0.0      2.02280   40881.0
2024 05 10 10 55  0   0    -1.87200      -2.08000      -2.87700     -410.920     0.0    0.0      2.34800   51129.0
2024 05 10 11 00  0   0    -2.42400     -0.918000      -3.04600     -404.400     0.0    0.0      2.53020   61264.0
2024 05 10 11 05  0   0    -2.14200      -1.62000      -3.06900     -403.300     0.0    0.0      2.49640   53507.0
2024 05 10 11 10  0   0    -2.19700      -2.20700      -2.27600     -403.640     0.0    0.0      2.32770   61533.0
2024 05 10 11 15  0   0    -2.53000      -1.68300      -3.02800     -398.610     0.0    0.0      2.26500   47395.0
2024 05 10 11 20  0   0    -2.67700      -1.34400      -3.26100     -394.520     0.0    0.0      2.27980   45758.0
2024 05 10 11 25  0   0    -2.44500      -1.89200      -3.17200     -398.800     0.0    0.0      2.17590   42836.0
2024 05 10 11 30  0   0    -2.04000      -2.11100      -3.06100     -404.450     0.0    0.0      2.12320   46609.0
2024 05 10 11 35  0   0    -2.21400      -1.87000      -2.99700     -404.610     0.0    0.0      2.07770   47990.0
2024 05 10 11 40  0   0    -2.78300     -0.682000      -2.40800     -401.410     0.0    0.0      2.40130   71891.0
2024 05 10 11 45  0   0    -2.95000     -0.724000      -2.41200     -402.130     0.0    0.0      2.37340   75017.0
2024 05 10 11 50  0   0    -3.12700     -0.646000      -2.37200     -399.540     0.0    0.0      2.15940   73181.0
2024 05 10 11 55  0   0    -3.21200     -0.640000      -2.47500     -400.960     0.0    0.0      2.39200   63771.0
2024 05 10 12 00  0   0    -3.22800     -0.455000      -2.38900     -404.250     0.0    0.0      2.55200   74862.0
2024 05 10 12 05  0   0    -3.03500     -0.806000      -2.61100     -407.910     0.0    0.0      2.52440   75130.0
2024 05 10 12 10  0   0    -3.25600     0.0440000      -2.13700     -408.320     0.0    0.0      2.54700   87537.0
2024 05 10 12 15  0   0    -1.79700     -0.580000      -1.50200     -415.150     0.0    0.0      3.35120   73354.0
2024 05 10 12 20  0   0    -2.59300      -1.12700      -2.59600     -404.970     0.0    0.0      2.30980   78435.0
2024 05 10 12 25  0   0    -3.17300     -0.284000      -2.10400     -409.360     0.0    0.0      2.26010   98760.0
2024 05 10 12 30  0   0    -3.51100     -0.200000      -1.77900     -405.430     0.0    0.0      2.27070   100447.
2024 05 10 12 35  0   0    -3.19400      0.203000      -1.86900     -409.740     0.0    0.0      2.23990   97932.0
2024 05 10 12 40  0   0    -3.13400     -0.469000      -1.86400     -410.330     0.0    0.0      2.20560   94140.0
2024 05 10 12 45  0   0    -3.22600     -0.923000      -1.91100     -409.240     0.0    0.0      2.48060   90529.0
2024 05 10 12 50  0   0    -3.21700     -0.886000      -1.84500     -411.220     0.0    0.0      2.28350   89055.0
2024 05 10 12 55  0   0    -2.80200     -0.616000      -2.73400     -414.300     0.0    0.0      2.46930   93928.0
2024 05 10 13 00  0   0    -2.92200     -0.620000      -3.04700     -424.480     0.0    0.0      2.78410   93206.0
2024 05 10 13 05  0   0    -3.00200     -0.944000      -3.77000     -435.700     0.0    0.0      3.39800   104451.
2024 05 10 13 10  0   0    -3.21800      -1.58400      -3.36200     -439.280     0.0    0.0      3.12420   106313.
2024 05 10 13 15  0   0    -3.30500     -0.418000      -3.32600     -439.210     0.0    0.0      3.22510   107057.
2024 05 10 13 20  0   0    -2.82100     -0.498000      -3.18200     -444.000     0.0    0.0      3.39900   126823.
2024 05 10 13 25  0   0    -3.15700      0.391000      -1.41300     -446.470     0.0    0.0      3.53260   147053.
2024 05 10 13 30  0   0    -1.27900       2.69600       3.67300     -449.440     0.0    0.0      2.86490   93371.0
2024 05 10 13 35  0   0    -1.05800       3.00800       2.77700     -454.800     0.0    0.0      3.24460   100984.
2024 05 10 13 40  0   0    -1.78900       1.72100      0.249000     -450.780     0.0    0.0      5.20210   117297.
2024 05 10 13 45  0   0    -1.87800       1.50400      -1.94200     -452.210     0.0    0.0      6.94400   77411.0
2024 05 10 13 50  0   0    -1.90200      0.502000     -0.689000     -454.000     0.0    0.0      8.77880   71995.0
2024 05 10 13 55  0   0   -0.890000      0.794000      0.362000     -456.460     0.0    0.0      11.7964   47287.0
2024 05 10 14 00  0   0   -0.955000      0.400000     -0.419000     -458.200     0.0    0.0      11.8512   46136.0
2024 05 10 14 05  0   0    -1.25100      -1.02000      0.246000     -459.780     0.0    0.0      13.7806   44469.0
2024 05 10 14 10  0   0    -1.25900     -0.759000      0.608000     -461.060     0.0    0.0      13.5222   44325.0
2024 05 10 14 15  0   0    -1.31900      0.468000      0.663000     -460.560     0.0    0.0      12.3255   42500.0
2024 05 10 14 20  0   0    -1.42900       1.09200      0.785000     -457.300     0.0    0.0      10.7700   47789.0
2024 05 10 14 25  0   0    -2.18000       1.53400      0.755000     -455.680     0.0    0.0      9.72460   56390.0
2024 05 10 14 30  0   0    -3.03200       1.70200      0.595000     -452.810     0.0    0.0      8.98840   61051.0
2024 05 10 14 35  0   0    -1.64300       1.68500      0.862000     -452.100     0.0    0.0      11.7342   46854.0
2024 05 10 14 40  0   0    -1.38300       1.29300      0.120000     -454.630     0.0    0.0      12.6838   43551.0
2024 05 10 14 45  0   0    -2.03800      0.160000     -0.134000     -457.080     0.0    0.0      12.9560   42490.0
2024 05 10 14 50  0   0    -1.38400       1.03100      0.793000     -455.230     0.0    0.0      13.2263   43541.0
2024 05 10 14 55  0   0    -1.40100       1.10900      0.600000     -453.480     0.0    0.0      13.5312   45032.0
2024 05 10 15 00  0   0   -0.780000       1.61400       1.06400     -452.000     0.0    0.0      13.5678   43193.0
2024 05 10 15 05  0   0   -0.423000       1.50900      0.981000     -448.020     0.0    0.0      13.2295   43554.0
2024 05 10 15 10  0   0   -0.812000       1.41200       1.21400     -449.270     0.0    0.0      13.5162   44309.0
2024 05 10 15 15  0   0    -1.45000      0.587000      0.739000     -447.510     0.0    0.0      12.8019   45477.0
2024 05 10 15 20  0   0    -1.15200       1.02100      0.759000     -445.900     0.0    0.0      11.6393   42296.0
2024 05 10 15 25  0   0    -1.25000       3.14100       1.49200     -445.330     0.0    0.0      10.3718   51183.0
2024 05 10 15 30  0   0    -2.12800       5.03800       2.15000     -441.110     0.0    0.0      6.68260   60221.0
2024 05 10 15 35  0   0    -1.17300       3.35700       1.31000     -449.030     0.0    0.0      10.8602   54402.0
2024 05 10 15 40  0   0    -1.34100       2.44000       2.21100     -450.710     0.0    0.0      14.0926   58591.0
2024 05 10 15 45  0   0    -1.66100       2.09500       1.56200     -447.310     0.0    0.0      13.5543   51426.0
2024 05 10 15 50  0   0    -1.82800       2.64000       2.62200     -448.770     0.0    0.0      15.1923   49879.0
2024 05 10 15 55  0   0    -1.73300       2.98800       2.11300     -452.300     0.0    0.0      14.8510   46003.0
2024 05 10 16 00  0   0    -1.69400       1.64100       2.13300     -452.310     0.0    0.0      12.0457   43828.0
2024 05 10 16 05  0   0    -1.22200       2.25200       2.31500     -461.130     0.0    0.0      10.6249   39453.0
2024 05 10 16 10  0   0    -1.02600       1.33200       1.61700     -457.570     0.0    0.0      7.03600   25484.0
2024 05 10 16 15  0   0   -0.740000       1.14600       1.83200     -456.840     0.0    0.0      6.94120   25526.0
2024 05 10 16 20  0   0    -1.90600       2.90400       1.96600     -461.340     0.0    0.0      9.05510   30941.0
2024 05 10 16 25  0   0    -2.33500       1.94900       1.42300     -459.460     0.0    0.0      6.88960   26900.0
2024 05 10 16 30  0   0    -2.37600       2.02500       1.33300     -459.930     0.0    0.0      7.26260   27133.0
2024 05 10 16 35  0   0    -1.52200       9.65000       1.04400     -558.030     0.0    0.0      21.5354   280071.
2024 05 10 16 40  0   0    -14.5570       21.2450      -7.90700     -652.360     0.0    0.0      32.3559   357772.
2024 05 10 16 45  0   0    -11.8420       6.31700      -20.5600     -677.730     0.0    0.0      32.1970   463260.
2024 05 10 16 50  0   0    -1.75900      -15.1630      -22.0340     -705.630     0.0    0.0      29.3411   579714.
2024 05 10 16 55  0   0    -2.19000      -13.7020      -14.8530     -688.910     0.0    0.0      41.6769   517662.
2024 05 10 17 00  0   0     8.83400      -11.5400      -21.3200     -685.460     0.0    0.0      38.0019   516685.
2024 05 10 17 05  0   0     7.59900      -16.8980      -9.04900     -669.100     0.0    0.0      40.4309   468067.
2024 05 10 17 10  0   0    -1.37000      -23.2330      -11.8850     -673.630     0.0    0.0      31.0440   457589.
2024 05 10 17 15  0   0    -6.39900      -13.1590      -14.2640     -684.110     0.0    0.0      23.7114   677479.
2024 05 10 17 20  0   0    -3.24800      -15.1370      -2.55100     -695.120     0.0    0.0      22.5038   617702.
2024 05 10 17 25  0   0    -18.4140      -32.8520      -18.9460     -708.300     0.0    0.0      18.3016   322789.
2024 05 10 17 30  0   0    -17.6140      -29.1170      -29.0800     -699.000     0.0    0.0      22.8054   331595.
2024 05 10 17 35  0   0    -16.9020      -9.92900      -43.4580     -692.470     0.0    0.0      18.3407   329894.
2024 05 10 17 40  0   0    -15.5840      -35.1160      -25.0500     -696.760     0.0    0.0      17.2156   420495.
2024 05 10 17 45  0   0    -12.0880      -47.6280      -14.1900     -690.760     0.0    0.0      12.2424   570372.
2024 05 10 17 50  0   0    -15.1740      -40.5090      -8.25300     -700.030     0.0    0.0      18.2076   631767.
2024 05 10 17 55  0   0     3.71900       6.54000      -1.41300     -688.660     0.0    0.0      37.1476   742970.
2024 05 10 18 00  0   0    -9.56900      -1.80900      -29.4750     -702.070     0.0    0.0      29.0109   564125.
2024 05 10 18 05  0   0    -22.9940      -14.2400      -39.8030     -713.590     0.0    0.0      26.9621   341204.
2024 05 10 18 10  0   0    -23.0320      -10.7000      -40.0250     -705.190     0.0    0.0      30.1776   315001.
2024 05 10 18 15  0   0    -25.8120      -13.8600      -38.5870     -697.960     0.0    0.0      33.4633   226671.
2024 05 10 18 20  0   0    -23.0410      -11.2400      -36.1930     -703.390     0.0    0.0      38.2572   250605.
2024 05 10 18 25  0   0     3.29500      -26.3690       4.33500     -639.480     0.0    0.0      24.8850   620009.
2024 05 10 18 30  0   0     2.65300      -33.3500       11.3490     -648.300     0.0    0.0      22.5736   656096.
2024 05 10 18 35  0   0    -3.34100      -28.8940       16.4200     -656.630     0.0    0.0      24.6552   604933.
2024 05 10 18 40  0   0    0.758000      -32.6130       15.1230     -651.060     0.0    0.0      19.4618   571309.
2024 05 10 18 45  0   0     6.53200      -33.6110       16.7890     -661.360     0.0    0.0      18.2877   566762.
2024 05 10 18 50  0   0     1.69200      -37.8520       8.02200     -654.880     0.0    0.0      17.0446   575338.
2024 05 10 18 55  0   0    -3.40000      -39.8850       2.09200     -650.570     0.0    0.0      15.8558   596442.
2024 05 10 19 00  0   0     2.60400      -34.9090       13.9510     -672.200     0.0    0.0      16.9386   613589.
2024 05 10 19 05  0   0    0.314000      -18.5440       7.41200     -698.370     0.0    0.0      31.3591   486493.
2024 05 10 19 10  0   0    -10.9340      -25.3600      -6.28000     -705.240     0.0    0.0      40.4857   387034.
2024 05 10 19 15  0   0    -16.5580      -35.6780      -8.72200     -710.950     0.0    0.0      50.3524   173880.
2024 05 10 19 20  0   0    -18.5740      -33.8980      -15.9960     -712.990     0.0    0.0      46.1061   159437.
2024 05 10 19 25  0   0    -22.4240      -27.7820      -22.0160     -701.720     0.0    0.0      36.9257   134743.
2024 05 10 19 30  0   0    -22.7130      -17.1350      -32.7760     -677.020     0.0    0.0      25.2399   249362.
2024 05 10 19 35  0   0    -23.5830      -1.48000      -36.8860     -680.510     0.0    0.0      22.1038   216281.
2024 05 10 19 40  0   0    -23.8860       10.6150      -29.2740     -671.780     0.0    0.0      35.1127   182986.
2024 05 10 19 45  0   0    -16.3320       3.15800      -30.5030     -671.920     0.0    0.0      40.0256   215934.
2024 05 10 19 50  0   0    -12.2480      -1.48100      -28.2340     -675.330     0.0    0.0      43.8067   242537.
2024 05 10 19 55  0   0    -13.7510       12.8030      -25.1810     -674.270     0.0    0.0      36.8765   252774.
2024 05 10 20 00  0   0    -14.8500      -1.19300      -19.2780     -686.310     0.0    0.0      45.5788   297446.
2024 05 10 20 05  0   0    -14.7220      -7.68200      -24.2000     -690.460     0.0    0.0      46.5967   223018.
2024 05 10 20 10  0   0    -14.6630      -7.97500      -27.8560     -690.480     0.0    0.0      43.1517   226990.
2024 05 10 20 15  0   0    -14.1200      -9.46700      -24.5200     -694.620     0.0    0.0      48.7160   217199.
2024 05 10 20 20  0   0    -15.1480      -8.81200      -25.3440     -694.820     0.0    0.0      44.1129   226184.
2024 05 10 20 25  0   0    -19.4070      -17.1620      -29.2700     -699.600     0.0    0.0      31.5654   202832.
2024 05 10 20 30  0   0    -16.8360      -24.8210      -26.2050     -694.320     0.0    0.0      30.6389   168106.
2024 05 10 20 35  0   0    -20.9540      -10.5230      -36.3340     -689.550     0.0    0.0      25.9821   138571.
2024 05 10 20 40  0   0    -18.7990       7.58500      -40.2560     -677.330     0.0    0.0      17.8226   149348.
2024 05 10 20 45  0   0    -17.1130      -16.4720      -32.7360     -678.630     0.0    0.0      26.7575   135591.
2024 05 10 20 50  0   0    -21.2080      -22.0300      -31.9430     -686.340     0.0    0.0      33.5541   126518.
2024 05 10 20 55  0   0    -21.7040      -20.1020      -32.8160     -686.420     0.0    0.0      33.3601   125945.
2024 05 10 21 00  0   0    -21.3470      -19.4220      -33.5230     -686.950     0.0    0.0      33.7769   126699.
2024 05 10 21 05  0   0    -20.4390      -17.2230      -35.1840     -686.980     0.0    0.0      33.2141   132439.
2024 05 10 21 10  0   0    -21.3620      -3.21900      -42.6720     -684.700     0.0    0.0      16.2408   136990.
2024 05 10 21 15  0   0    -25.7430      -10.7410      -41.1210     -692.590     0.0    0.0      13.2603   114437.
2024 05 10 21 20  0   0    -26.6350      -19.0660      -36.4930     -693.350     0.0    0.0      13.5793   127796.
2024 05 10 21 25  0   0    -22.6740      -27.9360      -31.8510     -673.190     0.0    0.0      11.3864   113631.
2024 05 10 21 30  0   0    -9.51600      -48.5810      -10.9370     -656.480     0.0    0.0      13.9442   162709.
2024 05 10 21 35  0   0    -8.56600      -48.8570      -13.2850     -662.080     0.0    0.0      20.0522   165729.
2024 05 10 21 40  0   0    -11.9320      -66.3940      -14.8420     -711.890     0.0    0.0      18.6085   214654.
2024 05 10 21 45  0   0    -11.2090      -68.0000      -16.9570     -727.800     0.0    0.0      16.4375   225152.
2024 05 10 21 50  0   0    -12.3220      -67.0420      -21.7430     -724.300     0.0    0.0      11.8271   228540.
2024 05 10 21 55  0   0    -9.60000      -69.6780       10.5650     -740.110     0.0    0.0      12.4318   219601.
2024 05 10 22 00  0   0    -6.30300      -49.0370       22.5950     -758.710     0.0    0.0      30.4543   300775.
2024 05 10 22 05  0   0     1.77900       57.1860       35.7070     -760.670     0.0    0.0      24.4990   107953.
2024 05 10 22 10  0   0     10.7990       66.8110       10.6380     -751.570     0.0    0.0      27.5235   111942.
2024 05 10 22 15  0   0     6.80700       66.5060      -6.79800     -745.870     0.0    0.0      27.9029   93613.0
2024 05 10 22 20  0   0     2.44600       67.2950      -21.8050     -747.750     0.0    0.0      24.2003   100836.
2024 05 10 22 25  0   0    -1.79300       67.5340      -22.1960     -734.800     0.0    0.0      19.6848   113996.
2024 05 10 22 30  0   0    0.738000       67.6290      -16.3640     -720.150     0.0    0.0      15.8327   117706.
2024 05 10 22 35  0   0   -0.705000       66.9970      -19.0670     -742.330     0.0    0.0      18.3733   70441.0
2024 05 10 22 40  0   0    -3.88100       63.4670      -32.2050     -746.380     0.0    0.0      14.8346   62963.0
2024 05 10 22 45  0   0    -3.99000       68.2720      -24.4010     -734.700     0.0    0.0      13.2210   58130.0
2024 05 10 22 50  0   0    -7.23800       64.7290      -31.2870     -724.000     0.0    0.0      17.8020   65247.0
2024 05 10 22 55  0   0    -9.12300       63.9890      -32.5790     -719.590     0.0    0.0      22.0646   69394.0
2024 05 10 23 00  0   0    -7.29200       65.5070      -32.3980     -715.300     0.0    0.0      18.7574   82176.0
2024 05 10 23 05  0   0    -8.56400       63.1950      -33.6760     -714.770     0.0    0.0      21.6958   67753.0
2024 05 10 23 10  0   0    -7.32700       58.3630      -34.0260     -718.000     0.0    0.0      25.6003   133577.
2024 05 10 23 15  0   0    -12.0550       54.5620      -43.8010     -721.180     0.0    0.0      9.22090   161326.
2024 05 10 23 20  0   0    -12.1620       50.1730      -47.3540     -745.170     0.0    0.0      7.52760   264108.
2024 05 10 23 25  0   0    -16.3860       44.1470      -52.2070     -731.380     0.0    0.0      8.80570   214392.
2024 05 10 23 30  0   0    -17.5780       41.4690      -52.6540     -745.210     0.0    0.0      7.23910   178559.
2024 05 10 23 35  0   0    -19.8770       37.7160      -53.3520     -753.860     0.0    0.0      6.35370   150657.
2024 05 10 23 40  0   0    -7.24800       40.1360      -49.5260     -728.200     0.0    0.0      10.2943   304478.
2024 05 10 23 45  0   0    -15.5740       25.0970      -48.2590     -724.720     0.0    0.0      11.6551   450935.
2024 05 10 23 50  0   0    -13.2170       13.2490      -46.2880     -743.820     0.0    0.0      12.6966   432390.
2024 05 10 23 55  0   0   -0.532000       26.7630      -25.8820     -761.560     0.0    0.0      12.8286   442156.
2024 05 11 00 00  0   0    -8.38100       11.7890      -36.2830     -736.980     0.0    0.0      19.3796   374326.
2024 05 11 00 05  0   0    -13.3030       2.77100      -48.3660     -722.240     0.0    0.0      20.2649   307286.
2024 05 11 00 10  0   0    -17.1200      -2.69800      -43.0850     -744.790     0.0    0.0      20.9301   374127.
2024 05 11 00 15  0   0    -15.4800      -5.36700      -40.9190     -744.860     0.0    0.0      25.8164   297635.
2024 05 11 00 20  0   0    -16.2980     -0.278000      -44.9830     -733.020     0.0    0.0      25.9581   218026.
2024 05 11 00 25  0   0    -17.0810     -0.923000      -47.6790     -730.360     0.0    0.0      22.5345   267785.
2024 05 11 00 30  0   0    -18.5630      -5.89000      -45.6770     -741.630     0.0    0.0      22.9068   251042.
2024 05 11 00 35  0   0    -4.19300       4.90900      -48.5010     -703.980     0.0    0.0      28.0414   211189.
2024 05 11 00 40  0   0    -15.0710      -7.25900      -45.7080     -717.560     0.0    0.0      28.8376   218414.
2024 05 11 00 45  0   0    -18.9570      -23.7650      -42.1210     -719.780     0.0    0.0      28.1433   208911.
2024 05 11 00 50  0   0    -11.0760      -42.9600      -20.2620     -723.870     0.0    0.0      28.7851   213478.
2024 05 11 00 55  0   0    -10.1330      -50.5140      -7.60100     -681.730     0.0    0.0      18.5639   205922.
2024 05 11 01 00  0   0    -27.7030      -29.3720      -13.7980     -736.800     0.0    0.0      26.0894   324616.
2024 05 11 01 05  0   0    -19.9570      -39.1120      -8.45100     -717.170     0.0    0.0      26.0079   312813.
2024 05 11 01 10  0   0    -19.6960      -40.6820     -0.417000     -717.650     0.0    0.0      24.2220   358241.
2024 05 11 01 15  0   0    -20.0880      -37.7210       3.42400     -698.780     0.0    0.0      23.6776   552940.
2024 05 11 01 20  0   0    -16.4000      -12.4680      -10.8160     -737.370     0.0    0.0      29.7604   409612.
2024 05 11 01 25  0   0    -15.8480      -12.4760      -4.46800     -733.420     0.0    0.0      34.5205   456036.
2024 05 11 01 30  0   0    -3.71500      -6.79200      -16.4670     -730.100     0.0    0.0      31.4914   434171.
2024 05 11 01 35  0   0    -7.13300       2.44100      -29.7950     -741.460     0.0    0.0      29.3189   286818.
2024 05 11 01 40  0   0    -4.79600     -0.897000      -32.2980     -736.960     0.0    0.0      31.9561   237083.
2024 05 11 01 45  0   0    -1.02100       3.42900      -30.1260     -722.240     0.0    0.0      30.7163   277474.
2024 05 11 01 50  0   0     1.67200       5.89300      -31.6150     -710.240     0.0    0.0      30.2022   188671.
2024 05 11 01 55  0   0     5.51500       5.15900      -30.5870     -711.570     0.0    0.0      34.4601   115675.
2024 05 11 02 00  0   0     6.19600      -2.27300      -27.4140     -725.280     0.0    0.0      22.2087   129139.
2024 05 11 02 05  0   0     3.24200      -5.75300      -25.1240     -743.130     0.0    0.0      25.6940   97118.0
2024 05 11 02 10  0   0     1.88400      -13.1600      -20.5340     -738.390     0.0    0.0      25.2048   94549.0
2024 05 11 02 15  0   0    -2.81000      -7.85600      -15.5150     -743.570     0.0    0.0      25.0231   155073.
2024 05 11 02 20  0   0    -9.12700      -15.0340      -13.7380     -756.670     0.0    0.0      21.6374   108825.
2024 05 11 02 25  0   0    -10.7170      -27.4190      -3.10900     -751.650     0.0    0.0      19.6031   125578.
2024 05 11 02 30  0   0    -8.43800      -27.0820      -13.1450     -726.760     0.0    0.0      16.3182   131740.
2024 05 11 02 35  0   0    -4.72600      -23.9960      -20.4540     -726.600     0.0    0.0      14.5328   123342.
2024 05 11 02 40  0   0    -10.0850      -22.6290      -21.7050     -727.000     0.0    0.0      7.24210   198272.
2024 05 11 02 45  0   0    -10.8510      -24.5880      -23.2110     -730.500     0.0    0.0      5.86150   175190.
2024 05 11 02 50  0   0    -10.9330      -26.5190      -23.3700     -731.500     0.0    0.0      4.45900   170380.
2024 05 11 02 55  0   0    -11.0920      -27.3550      -23.7710     -720.790     0.0    0.0      3.78840   179236.
2024 05 11 03 00  0   0    -13.8590      -28.4580      -21.3210     -719.010     0.0    0.0      3.51860   164870.
2024 05 11 03 05  0   0    -11.9590      -28.6150      -22.5010     -708.270     0.0    0.0      3.56730   183655.
2024 05 11 03 10  0   0    -11.2650      -28.6260      -23.4670     -701.480     0.0    0.0      3.68130   165750.
2024 05 11 03 15  0   0    -9.70200      -28.4350      -24.7120     -700.580     0.0    0.0      4.56180   160411.
2024 05 11 03 20  0   0    -8.51600      -29.3900      -24.6880     -688.790     0.0    0.0      4.73120   165038.
2024 05 11 03 25  0   0    -9.74300      -28.3480      -25.8270     -686.200     0.0    0.0      5.05760   180585.
2024 05 11 03 30  0   0    -11.1890      -31.6320      -21.4710     -682.600     0.0    0.0      5.26230   185600.
2024 05 11 03 35  0   0    -12.4230      -32.0900      -19.7860     -704.110     0.0    0.0      5.53690   197870.
2024 05 11 03 40  0   0    -13.1410      -33.0560      -16.2000     -695.440     0.0    0.0      8.16720   146534.
2024 05 11 03 45  0   0    -14.0090      -34.6050      -11.0370     -695.520     0.0    0.0      9.41890   150044.
2024 05 11 03 50  0   0    -14.9410      -36.4240      -5.92300     -695.370     0.0    0.0      6.45700   179333.
2024 05 11 03 55  0   0    -12.8810      -35.4220       7.28700     -696.560     0.0    0.0      14.3051   179619.
2024 05 11 04 00  0   0    -14.6830      -35.7720       6.58000     -700.300     0.0    0.0      9.02800   179728.
2024 05 11 04 05  0   0    -14.0000      -32.8460       10.7510     -701.760     0.0    0.0      13.1306   172552.
2024 05 11 04 10  0   0    -11.7280      -26.3430       21.1550     -694.940     0.0    0.0      17.0129   188330.
2024 05 11 04 15  0   0    -14.0880      -28.2110       16.5910     -692.820     0.0    0.0      16.9863   159154.
2024 05 11 04 20  0   0    -13.8200      -30.8610       17.0950     -706.420     0.0    0.0      10.8250   218546.
2024 05 11 04 25  0   0    -11.5180      -30.8750       19.4410     -711.580     0.0    0.0      10.8357   214774.
2024 05 11 04 30  0   0    -10.6470      -31.7820       17.9760     -707.220     0.0    0.0      11.6618   186841.
2024 05 11 04 35  0   0    -14.4570      -32.5250       12.3550     -694.230     0.0    0.0      13.5155   167857.
2024 05 11 04 40  0   0    -11.9520      -31.8960       14.9490     -701.210     0.0    0.0      20.2986   163843.
2024 05 11 04 45  0   0    -9.42900      -31.4850       18.3720     -703.610     0.0    0.0      22.6929   163828.
2024 05 11 04 50  0   0    -12.4770      -33.9150       11.2510     -698.740     0.0    0.0      19.8536   193073.
2024 05 11 04 55  0   0    -11.0360      -36.3830       8.02000     -693.370     0.0    0.0      22.2147   185614.
2024 05 11 05 00  0   0    -10.2340      -38.4820       3.45300     -692.930     0.0    0.0      14.4033   207061.
2024 05 11 05 05  0   0    -7.23000      -39.3510      -2.85000     -688.970     0.0    0.0      17.0131   180333.
2024 05 11 05 10  0   0    -14.8400      -32.3820       5.44300     -683.370     0.0    0.0      19.5458   221315.
2024 05 11 05 15  0   0    -16.3980      -27.1510       10.5510     -685.900     0.0    0.0      28.3972   283559.
2024 05 11 05 20  0   0    -24.4200      -21.1640       18.4270     -703.590     0.0    0.0      23.7846   249927.
2024 05 11 05 25  0   0    -21.4790      -30.1930       11.4120     -709.550     0.0    0.0      24.1024   203117.
2024 05 11 05 30  0   0    -22.4700      -27.4720       3.61600     -695.100     0.0    0.0      25.5424   256267.
2024 05 11 05 35  0   0    -13.4190      -18.5770       5.18000     -671.110     0.0    0.0      28.9446   355490.
2024 05 11 05 40  0   0    -11.2690      -13.6700      -22.8380     -671.110     0.0    0.0      29.6827   347691.
2024 05 11 05 45  0   0    -14.1420      -11.6980      -25.8150     -666.080     0.0    0.0      26.6132   359358.
2024 05 11 05 50  0   0    -13.5350      -8.82600      -27.2150     -667.730     0.0    0.0      26.4912   369412.
2024 05 11 06 00  0   0    -21.5330      -9.09200      -22.9430     -654.800     0.0    0.0      17.5881   479317.
2024 05 11 06 05  0   0    -22.0230      -13.0600      -18.4010     -673.980     0.0    0.0      19.4328   504003.
2024 05 11 06 10  0   0    -9.86700       3.37200      -34.8710     -693.270     0.0    0.0      26.3366   303724.
2024 05 11 06 15  0   0    -10.0200       1.55800      -37.2880     -692.930     0.0    0.0      29.0703   225673.
2024 05 11 06 20  0   0    -4.71500       5.81800      -38.5220     -701.620     0.0    0.0      28.1084   231075.
2024 05 11 06 25  0   0    -8.01100       8.88400      -38.5050     -699.940     0.0    0.0      28.4189   218971.
2024 05 11 06 30  0   0    -7.54500       16.3190      -39.3600     -699.380     0.0    0.0      26.9527   182603.
2024 05 11 06 35  0   0    -17.4420       12.5810      -37.6800     -680.830     0.0    0.0      24.0112   193363.
2024 05 11 06 40  0   0    -21.0320       19.9560      -32.6300     -680.090     0.0    0.0      24.2826   228919.
2024 05 11 06 45  0   0    -17.2080       25.1570      -31.0410     -689.160     0.0    0.0      24.7353   204188.
2024 05 11 06 50  0   0    -6.67100       28.2410      -29.3590     -693.910     0.0    0.0      26.6131   177735.
2024 05 11 06 55  0   0    -1.76700       34.6880      -23.8840     -698.280     0.0    0.0      27.6534   174572.
2024 05 11 07 00  0   0    -1.51500       36.0280      -16.7100     -698.060     0.0    0.0      21.5534   201686.
2024 05 11 07 05  0   0     1.80900       39.5920      0.813000     -700.930     0.0    0.0      17.5748   215131.
2024 05 11 07 10  0   0     1.42400       34.8840       2.54800     -699.990     0.0    0.0      21.9703   205575.
2024 05 11 07 15  0   0     1.65700       33.7430       4.64200     -691.340     0.0    0.0      22.3225   147530.
2024 05 11 07 20  0   0     2.13800       32.5440       6.35100     -692.590     0.0    0.0      17.5887   247827.
2024 05 11 07 25  0   0    -2.92500       22.1370      -9.14000     -689.840     0.0    0.0      12.0626   412733.
2024 05 11 07 30  0   0   -0.639000      -2.57800      -25.9180     -697.630     0.0    0.0      14.5268   422204.
2024 05 11 07 35  0   0     1.06300       9.10900      -17.9650     -681.630     0.0    0.0      16.7150   472326.
2024 05 11 07 40  0   0     5.14200       19.3320      -10.9900     -682.880     0.0    0.0      15.2040   504922.
2024 05 11 07 45  0   0     4.56100       21.7690      -17.6570     -714.160     0.0    0.0      16.4139   323145.
2024 05 11 07 50  0   0     7.55100       28.8130      -9.77700     -718.520     0.0    0.0      14.6948   248738.
2024 05 11 07 55  0   0    -5.12500       20.1860      -26.8800     -707.030     0.0    0.0      18.8803   153231.
2024 05 11 08 00  0   0    -10.0870       13.3240      -31.9180     -711.240     0.0    0.0      12.7968   133548.
2024 05 11 08 05  0   0    -10.2120       19.5470      -34.1560     -719.060     0.0    0.0      6.81890   99942.0
2024 05 11 08 10  0   0    -9.82100       23.5120      -30.7330     -700.020     0.0    0.0      10.9433   106009.
2024 05 11 08 15  0   0    -11.4090       22.2870      -32.8950     -702.160     0.0    0.0      9.20940   117579.
2024 05 11 08 20  0   0    -13.0750       15.9600      -36.6270     -714.180     0.0    0.0      8.17300   119186.
2024 05 11 08 25  0   0    -14.2270       15.4250      -36.3640     -728.010     0.0    0.0      5.61670   102365.
2024 05 11 08 30  0   0    -12.5010       16.2820      -36.1990     -729.230     0.0    0.0      5.89420   116147.
2024 05 11 08 35  0   0    -9.01800       15.0040      -36.1970     -726.650     0.0    0.0      5.61140   177496.
2024 05 11 08 40  0   0    -7.05600       14.4090      -36.0470     -721.050     0.0    0.0      7.05530   199188.
2024 05 11 08 45  0   0    -2.86300       5.44100      -39.1860     -684.340     0.0    0.0      5.72970   171730.
2024 05 11 08 50  0   0    -7.69400       3.31200      -38.6720     -705.280     0.0    0.0      4.28280   186828.
2024 05 11 08 55  0   0    -10.6320      -2.54300      -37.9330     -704.680     0.0    0.0      2.62560   238037.
2024 05 11 09 00  0   0    -10.3260      -4.49000      -35.8630     -698.120     0.0    0.0      9.27560   160521.
2024 05 11 09 05  0   0    -6.34200       9.62700      -29.0030     -697.600     0.0    0.0      24.4979   121407.
2024 05 11 09 10  0   0    -11.8940       7.10400      -22.1740     -703.940     0.0    0.0      27.0162   151856.
2024 05 11 09 15  0   0    -5.97300       10.1800      -22.1900     -707.160     0.0    0.0      25.2795   117134.
2024 05 11 09 20  0   0    -9.79500      -1.45800      -23.6350     -705.780     0.0    0.0      28.1490   126024.
2024 05 11 09 25  0   0    -9.25700       1.70000      -19.0920     -703.400     0.0    0.0      25.9205   161408.
2024 05 11 09 30  0   0     1.08900       8.78000      -12.5410     -680.840     0.0    0.0      26.6502   199378.
2024 05 11 09 35  0   0    -1.81100       10.8680      -8.43500     -687.330     0.0    0.0      16.6983   271453.
2024 05 11 09 40  0   0     5.28900     -0.235000      -19.2090     -677.950     0.0    0.0      18.2184   107943.
2024 05 11 09 45  0   0     3.48000       4.50100      -18.1310     -681.750     0.0    0.0      22.3715   136655.
2024 05 11 09 50  0   0     4.51600       4.53300      -8.39000     -681.610     0.0    0.0      25.1860   229704.
2024 05 11 09 55  0   0     11.5460      -12.1020       5.62800     -676.400     0.0    0.0      19.8677   327685.
2024 05 11 10 00  0   0     8.84900      -12.1390       1.64800     -689.110     0.0    0.0      17.4791   365491.
2024 05 11 10 05  0   0     2.75300      -10.0010      -4.15300     -686.340     0.0    0.0      18.1147   339208.
2024 05 11 10 10  0   0    0.114000      -4.21100      -17.6320     -701.440     0.0    0.0      14.9254   263032.
2024 05 11 10 15  0   0    0.244000       7.26100      -18.8610     -699.620     0.0    0.0      14.4293   246188.
2024 05 11 10 20  0   0    -3.30100       13.3200      -16.1230     -690.890     0.0    0.0      10.8111   301961.
2024 05 11 10 25  0   0    -1.31400       13.0410      0.141000     -704.950     0.0    0.0      12.3721   320465.
2024 05 11 10 30  0   0    -4.81400       7.60500       8.69100     -715.440     0.0    0.0      8.38720   508629.
2024 05 11 10 35  0   0    -3.09600       8.76200      -3.99300     -731.120     0.0    0.0      11.3483   581860.
2024 05 11 10 40  0   0    -7.52400       9.17400      -7.17700     -719.010     0.0    0.0      10.9296   592206.
2024 05 11 10 45  0   0    -19.3230       3.89200      -15.1070     -725.090     0.0    0.0      9.54420   618981.
2024 05 11 10 50  0   0    -13.3860      -10.1400      -8.85200     -713.340     0.0    0.0      9.91840   617370.
2024 05 11 10 55  0   0     1.62300       5.26200      0.612000     -746.670     0.0    0.0      6.36920   426250.
2024 05 11 11 00  0   0     12.2910       11.1910       15.3570     -724.160     0.0    0.0      3.06760   604331.
2024 05 11 11 05  0   0    -14.4650      -14.1730      -7.27100     -765.750     0.0    0.0      2.36400   434461.
2024 05 11 11 10  0   0    -18.3460      -9.83400      -14.7380     -758.680     0.0    0.0      2.73490   587310.
2024 05 11 11 15  0   0    -16.8340      -2.93200      -16.9020     -791.360     0.0    0.0      2.27900   236930.
2024 05 11 11 20  0   0    -18.1150      -2.29400      -14.6860     -789.960     0.0    0.0      2.18110   275743.
2024 05 11 11 25  0   0    -13.5180       5.52300      -17.7340     -809.020     0.0    0.0      4.33480   157002.
2024 05 11 11 30  0   0    -4.56800       17.8680      -16.3470     -791.390     0.0    0.0      4.59960   114667.
2024 05 11 11 35  0   0    -1.68700       16.8430      -17.5700     -798.430     0.0    0.0      1.77990   175693.
2024 05 11 11 40  0   0   -0.656000       17.7490      -18.1810     -792.550     0.0    0.0      2.48480   142333.
2024 05 11 11 45  0   0     5.44500       18.4460      -15.1770     -796.040     0.0    0.0      2.98840   171265.
2024 05 11 11 50  0   0    -2.87800       13.7490      -19.2080     -800.650     0.0    0.0      1.54620   180733.
2024 05 11 11 55  0   0    -7.88600       12.2640      -19.9960     -797.640     0.0    0.0      2.04760   148675.
2024 05 11 12 00  0   0    -11.3440       9.70900      -20.9730     -808.370     0.0    0.0      1.71740   140439.
2024 05 11 12 05  0   0    -11.3840       9.60700      -21.5400     -809.580     0.0    0.0      1.25060   152861.
2024 05 11 12 10  0   0    -11.6710       8.78400      -21.6800     -800.130     0.0    0.0      1.39620   143825.
2024 05 11 12 15  0   0    -12.5730       7.80500      -21.9830     -805.470     0.0    0.0      1.41560   152486.
2024 05 11 12 20  0   0    -15.4930       3.67700      -22.0020     -808.340     0.0    0.0      1.12420   165952.
2024 05 11 12 25  0   0    -11.5880       7.24800      -24.2990     -809.190     0.0    0.0     0.978200   169017.
2024 05 11 12 30  0   0    -13.1440       5.93400      -23.7330     -795.540     0.0    0.0     0.993700   148679.
2024 05 11 12 35  0   0    -13.9070       5.35900      -23.3230     -797.180     0.0    0.0      1.02980   171968.
2024 05 11 12 40  0   0    -13.9620       2.67400      -22.9280     -803.750     0.0    0.0      1.12310   182656.
2024 05 11 12 45  0   0    -13.1590       3.30200      -23.2550     -796.250     0.0    0.0     0.913200   190996.
2024 05 11 12 50  0   0    -12.3330       4.37800      -23.5480     -794.090     0.0    0.0      1.80020   105745.
2024 05 11 12 55  0   0    -10.0570       6.80600      -24.2490     -790.700     0.0    0.0     0.917000   147310.
2024 05 11 13 00  0   0    -8.30200       10.0030      -23.5370     -786.090     0.0    0.0      1.06420   158056.
2024 05 11 13 05  0   0    -8.42600       7.50900      -23.7400     -788.830     0.0    0.0      1.26540   144247.
2024 05 11 13 10  0   0    -8.05200       8.15800      -22.2050     -785.830     0.0    0.0      2.39960   157621.
2024 05 11 13 15  0   0    -6.33300       10.6840      -21.4840     -784.790     0.0    0.0     0.847100   230618.
2024 05 11 13 20  0   0    -5.49900       13.3780      -20.2070     -778.720     0.0    0.0      1.35390   176083.
2024 05 11 13 25  0   0    -6.60600       11.6650      -21.4440     -777.500     0.0    0.0      2.25450   119509.
2024 05 11 13 30  0   0    -5.16900       12.4500      -21.1990     -765.180     0.0    0.0      2.20010   118240.
2024 05 11 13 35  0   0    -9.16700       8.65500      -20.5260     -761.480     0.0    0.0      4.62960   104348.
2024 05 11 13 40  0   0    -8.24400       9.98800      -20.6430     -764.160     0.0    0.0      5.21990   103535.
2024 05 11 13 45  0   0    -7.44800       11.3390      -20.1320     -764.520     0.0    0.0      4.03800   118567.
2024 05 11 13 50  0   0    -9.15800       7.65100      -20.8530     -757.210     0.0    0.0      4.09360   107641.
2024 05 11 13 55  0   0    -10.3010       10.7040      -18.7990     -763.590     0.0    0.0      4.04570   110103.
2024 05 11 14 00  0   0    -10.4840       10.3900      -18.6930     -764.420     0.0    0.0      2.54150   141552.
2024 05 11 14 05  0   0    -11.2710       7.31500      -19.7420     -759.180     0.0    0.0      1.99560   167299.
2024 05 11 14 10  0   0    -11.4630       5.93300      -20.5060     -760.000     0.0    0.0      1.59530   204195.
2024 05 11 14 15  0   0    -12.4670      -3.71300      -18.9140     -763.530     0.0    0.0      4.01110   88986.0
2024 05 11 14 20  0   0    -13.5240       1.33900      -17.3950     -776.130     0.0    0.0      2.26760   108836.
2024 05 11 14 25  0   0    -15.3580       3.68700      -14.7260     -758.540     0.0    0.0      1.35000   225031.
2024 05 11 14 30  0   0    -10.0330     -0.657000      -11.1700     -792.690     0.0    0.0      8.09050   103039.
2024 05 11 14 35  0   0    -10.2000       1.18400      -10.1860     -791.610     0.0    0.0      6.71000   31160.0
2024 05 11 14 40  0   0    -11.6470     -0.230000      -8.51600     -790.600     0.0    0.0      6.25780   30404.0
2024 05 11 14 45  0   0    -11.3430      -2.32000      -8.21700     -793.440     0.0    0.0      8.09660   34490.0
2024 05 11 14 50  0   0    -10.9100      -4.45300      -7.84200     -788.320     0.0    0.0      7.17280   41537.0
2024 05 11 14 55  0   0    -7.70800     -0.115000      -11.1280     -797.210     0.0    0.0      6.51640   75922.0
2024 05 11 15 00  0   0    -8.01700      0.774000      -12.3630     -783.990     0.0    0.0      6.91550   87416.0
2024 05 11 15 05  0   0    -7.42700     -0.580000      -13.5980     -799.980     0.0    0.0      6.42960   69566.0
2024 05 11 15 10  0   0    -8.09300      -1.82200      -12.8100     -792.360     0.0    0.0      7.74660   48282.0
2024 05 11 15 15  0   0    -7.88500      -3.87200      -12.2250     -786.130     0.0    0.0      7.81680   44891.0
2024 05 11 15 20  0   0    -8.96200      -3.90700      -11.0440     -785.460     0.0    0.0      6.75920   52626.0
2024 05 11 15 25  0   0    -9.55100      -6.25100      -7.57100     -767.720     0.0    0.0      7.69030   47894.0
2024 05 11 15 30  0   0    -8.92300      -6.56000      -7.80000     -762.170     0.0    0.0      7.69520   42350.0
2024 05 11 15 35  0   0    -8.36000      -7.88700      -7.19000     -761.420     0.0    0.0      7.49500   44754.0
2024 05 11 15 40  0   0    -8.52900      -7.81200      -6.57600     -777.100     0.0    0.0      7.71750   56468.0
2024 05 11 15 45  0   0    -7.71700      -8.90500      -5.69300     -778.530     0.0    0.0      8.27810   50386.0
2024 05 11 15 50  0   0    -8.11500      -8.20700      -4.83900     -785.550     0.0    0.0      8.99300   46245.0
2024 05 11 15 55  0   0    -7.93600      -8.24200      -4.13200     -775.680     0.0    0.0      8.61950   46906.0
2024 05 11 16 00  0   0    -7.64700      -8.31500      -3.21400     -772.620     0.0    0.0      7.57640   47060.0
2024 05 11 16 05  0   0    -7.78600      -8.78500      -3.14700     -775.760     0.0    0.0      5.24840   46186.0
2024 05 11 16 10  0   0    -7.14300      -9.18100      -3.91600     -776.650     0.0    0.0      4.20160   52417.0
2024 05 11 16 15  0   0    -6.47000      -9.21500      -4.98400     -773.320     0.0    0.0      5.20100   44023.0
2024 05 11 16 20  0   0    -6.61900      -9.19900      -5.29600     -771.320     0.0    0.0      3.94740   53689.0
2024 05 11 16 25  0   0    -7.68400      -8.76200      -4.73700     -778.560     0.0    0.0      4.09350   47696.0
2024 05 11 16 30  0   0    -7.19400      -9.66600      -3.99800     -772.000     0.0    0.0      3.84550   43309.0
2024 05 11 16 35  0   0    -6.93200      -9.61400      -3.64300     -777.890     0.0    0.0      4.13120   38391.0
2024 05 11 16 40  0   0    -6.24400      -10.0430      -2.81100     -773.970     0.0    0.0      3.76790   38824.0
2024 05 11 16 45  0   0    -5.86500      -9.26000      -2.61500     -760.480     0.0    0.0      6.07610   32716.0
2024 05 11 16 50  0   0    -5.89500      -8.75800      -2.34000     -760.490     0.0    0.0      5.69950   39501.0
2024 05 11 16 55  0   0    -4.84400      -7.42400     -0.987000     -773.750     0.0    0.0      5.39730   48859.0
2024 05 11 17 00  0   0    -5.79900      -1.50700      -4.99200     -781.710     0.0    0.0      6.23840   92959.0
2024 05 11 17 05  0   0    -4.46200      -1.10900     -0.863000     -802.600     0.0    0.0      5.10970   111648.
2024 05 11 17 10  0   0    -3.75300      -7.23100       1.84900     -789.170     0.0    0.0      4.37600   84481.0
2024 05 11 17 15  0   0    -3.69300      -7.14100       1.15600     -795.920     0.0    0.0      4.38100   89940.0
2024 05 11 17 20  0   0    -2.77900      0.584000      0.280000     -811.750     0.0    0.0      3.49470   101149.
2024 05 11 17 25  0   0   -0.693000       9.32600      0.415000     -837.300     0.0    0.0      3.78010   79801.0
2024 05 11 17 30  0   0   -0.208000       9.07400      0.657000     -835.100     0.0    0.0      3.99700   73851.0
2024 05 11 17 35  0   0     1.54200       8.95300      0.141000     -824.750     0.0    0.0      4.40460   80209.0
2024 05 11 17 40  0   0     1.21000       9.39800      0.710000     -825.320     0.0    0.0      4.33720   77113.0
2024 05 11 17 45  0   0   -0.346000       8.17100       1.67600     -815.430     0.0    0.0      4.04300   79888.0
2024 05 11 17 50  0   0   -0.770000       9.50200      -1.16500     -828.920     0.0    0.0      4.10020   156815.
2024 05 11 17 55  0   0     3.66600       11.7290      0.501000     -888.320     0.0    0.0      6.23400   209727.
2024 05 11 18 00  0   0     9.47600       14.2840       2.74900     -886.470     0.0    0.0      7.68620   106429.
2024 05 11 18 05  0   0     8.69100       16.9580      0.342000     -885.940     0.0    0.0      3.09940   217613.
2024 05 11 18 10  0   0     7.39100       16.4130      0.448000     -879.260     0.0    0.0      3.04610   248537.
2024 05 11 18 15  0   0     4.49100       12.6940       3.58200     -877.520     0.0    0.0      8.70850   155815.
2024 05 11 18 20  0   0     4.84400       15.1660       3.18300     -878.100     0.0    0.0      2.58130   292231.
2024 05 11 18 25  0   0    -4.20500      -4.95900       3.92200     -877.470     0.0    0.0      5.48240   445784.
2024 05 11 18 30  0   0    -3.69300     -0.733000       2.20600     -857.660     0.0    0.0      5.19790   516608.
2024 05 11 18 35  0   0    -5.96000      -4.61900      -3.49700     -853.340     0.0    0.0      4.83480   520696.
2024 05 11 18 40  0   0    -4.62100      -4.29900      -8.33100     -861.490     0.0    0.0      4.23000   461207.
2024 05 11 18 45  0   0    -5.60700      -10.0280      -3.55400     -854.710     0.0    0.0      4.34790   445168.
2024 05 11 18 50  0   0   -0.663000     -0.389000      -8.83200     -863.430     0.0    0.0      5.04030   415877.
2024 05 11 18 55  0   0     5.82000       12.6320       2.62800     -883.090     0.0    0.0      3.94440   210774.
2024 05 11 19 00  0   0     2.20300       2.52800       5.01100     -894.930     0.0    0.0      3.32860   350146.
2024 05 11 19 05  0   0     3.16700       12.2170       9.21200     -865.700     0.0    0.0      1.49010   299352.
2024 05 11 19 10  0   0     2.61300       7.82100       10.3390     -865.880     0.0    0.0      3.36570   243049.
2024 05 11 19 15  0   0     4.43600       10.0690       6.69200     -862.840     0.0    0.0      3.34340   185419.
2024 05 11 19 20  0   0     3.48100       10.7780       8.95000     -857.140     0.0    0.0      1.69900   255657.
2024 05 11 19 25  0   0     1.79600       11.2650       8.34600     -864.290     0.0    0.0      2.53360   244594.
2024 05 11 19 30  0   0    -1.05600       9.46200       11.2080     -886.810     0.0    0.0      1.77820   236459.
2024 05 11 19 35  0   0    0.244000       9.70300       11.6710     -851.440     0.0    0.0      1.64410   274492.
2024 05 11 19 40  0   0     1.05200       9.56300       10.9620     -859.090     0.0    0.0      1.12520   331350.
2024 05 11 19 45  0   0     2.22600      -3.31600      -2.14100     -875.680     0.0    0.0      3.79380   356758.
2024 05 11 19 50  0   0     2.74400      -4.50100      -5.55100     -872.680     0.0    0.0      4.70890   421068.
2024 05 11 19 55  0   0     6.06100      -3.41500      -7.35200     -913.870     0.0    0.0      4.34250   368712.
2024 05 11 20 00  0   0     4.34900       1.99700      -5.43500     -898.180     0.0    0.0      5.36660   262605.
2024 05 11 20 05  0   0     4.73600       3.64500      -6.41500     -894.700     0.0    0.0      4.91680   246468.
2024 05 11 20 10  0   0     6.14900       3.43200      -5.52400     -890.820     0.0    0.0      5.76970   168587.
2024 05 11 20 15  0   0     5.51200       2.20400      -4.97300     -891.770     0.0    0.0      7.42830   150798.
2024 05 11 20 20  0   0     5.54600      0.104000      -6.45400     -891.080     0.0    0.0      8.43330   127561.
2024 05 11 20 25  0   0     6.62600       1.95100      -4.93200     -895.200     0.0    0.0      7.58250   124174.
2024 05 11 20 30  0   0     7.04800      -1.54100      -7.29500     -890.670     0.0    0.0      5.84820   165461.
2024 05 11 20 35  0   0     6.73100      -1.31700      -7.12900     -887.800     0.0    0.0      5.18200   227769.
2024 05 11 20 40  0   0     6.02300       1.07800      -4.99500     -892.330     0.0    0.0      7.60300   129244.
2024 05 11 20 45  0   0    -1.69000       4.46700       6.57800     -879.870     0.0    0.0      3.56650   180474.
2024 05 11 20 50  0   0    -9.73800       3.30700       8.04000     -891.560     0.0    0.0      3.78050   68135.0
2024 05 11 20 55  0   0    -10.5700       1.93900       9.50800     -883.400     0.0    0.0      2.84090   81183.0
2024 05 11 21 00  0   0    -10.4700       2.13200       9.82100     -882.060     0.0    0.0      2.57140   103435.
2024 05 11 21 05  0   0    -9.68100      0.592000       9.94700     -878.030     0.0    0.0      3.08560   88136.0
2024 05 11 21 10  0   0    -10.0030     -0.669000       11.1260     -880.810     0.0    0.0      2.62240   85146.0
2024 05 11 21 15  0   0    -9.49400     -0.204000       11.7910     -882.580     0.0    0.0      2.53960   119794.
2024 05 11 21 20  0   0    -9.40600     -0.121000       11.4390     -878.110     0.0    0.0      2.27990   166298.
2024 05 11 21 25  0   0    -9.54900      0.781000       11.2750     -882.460     0.0    0.0      2.27090   163090.
2024 05 11 21 30  0   0    -9.49500       1.32600       10.8200     -884.850     0.0    0.0      1.93880   197173.
2024 05 11 21 35  0   0    -8.39700       1.27400       11.3800     -882.220     0.0    0.0      1.60920   178736.
2024 05 11 21 40  0   0    -8.38300      0.980000       11.0170     -877.360     0.0    0.0      1.51120   121488.
2024 05 11 21 45  0   0    -7.26800       2.67200       10.3260     -869.960     0.0    0.0      3.06400   106703.
2024 05 11 21 50  0   0    -1.92900       7.83600       8.89100     -865.880     0.0    0.0      4.89040   145096.
2024 05 11 21 55  0   0     3.65000       7.31500      -3.40800     -868.230     0.0    0.0      6.23820   189166.
2024 05 11 22 00  0   0    0.558000       9.90900       1.09300     -869.490     0.0    0.0      6.47570   141147.
2024 05 11 22 05  0   0    -7.71500      0.838000       7.71800     -877.260     0.0    0.0      7.00310   142359.
2024 05 11 22 10  0   0    -5.18400       5.00500       7.69300     -857.860     0.0    0.0      7.78260   115139.
2024 05 11 22 15  0   0    -4.83900       5.77100       6.78300     -853.850     0.0    0.0      5.45130   153613.
2024 05 11 22 20  0   0    -4.40300       3.91000       7.47900     -854.580     0.0    0.0      2.52060   192394.
2024 05 11 22 25  0   0    0.229000       9.16900       3.75000     -832.110     0.0    0.0      1.37740   369241.
2024 05 11 22 30  0   0     5.58600       9.98100     -0.727000     -805.060     0.0    0.0     0.614800   520912.
2024 05 11 22 35  0   0     6.79400       9.17000       2.04100     -802.790     0.0    0.0     0.465600   685290.
2024 05 11 22 40  0   0     6.28300       9.74100      -2.93100     -828.540     0.0    0.0     0.484100   753440.
2024 05 11 22 45  0   0     7.39400       7.25700      -5.41700     -851.290     0.0    0.0     0.473000   649010.
2024 05 11 22 50  0   0     6.14300       6.11000      -2.95400     -887.450     0.0    0.0     0.784400   580520.
2024 05 11 22 55  0   0     6.45000       4.88400     -0.856000     -885.470     0.0    0.0      1.02610   637881.
2024 05 11 23 00  0   0     6.15800       5.30100     -0.237000     -889.810     0.0    0.0      1.16530   557449.
2024 05 11 23 05  0   0     5.65600       6.30300      -1.69600     -894.690     0.0    0.0     0.841900   665092.
2024 05 11 23 10  0   0     6.50900       4.32200      -1.21400     -914.330     0.0    0.0      1.22380   518507.
2024 05 11 23 15  0   0     5.03400       5.44400     -0.546000     -910.860     0.0    0.0      1.20320   567111.
2024 05 11 23 20  0   0     5.03000       5.38200     -0.445000     -920.320     0.0    0.0      1.18240   500431.
2024 05 11 23 25  0   0     4.98400       5.07000     -0.383000     -930.030     0.0    0.0      1.38220   487275.
2024 05 11 23 30  0   0     4.74900       5.02900      -1.32400     -928.050     0.0    0.0      1.32450   481467.
2024 05 11 23 35  0   0     5.61600       5.38800      -1.50500     -937.660     0.0    0.0      1.37870   444552.
2024 05 11 23 40  0   0     2.71000       7.25100     -0.654000     -915.240     0.0    0.0      1.48200   483408.
2024 05 11 23 45  0   0    0.198000       7.85400       2.40400     -897.930     0.0    0.0      1.23150   516833.
2024 05 11 23 50  0   0     5.31000       3.89300      -3.36100     -912.030     0.0    0.0      1.55050   504637.
2024 05 11 23 55  0   0     4.63900       2.71900      -3.55400     -918.450     0.0    0.0      1.44860   512624.
2024 05 12 00 00  0   0     3.78300       5.87500      -1.48300     -905.170     0.0    0.0      1.48130   437388.
2024 05 12 00 05  0   0     4.63400       6.10400      -1.60500     -912.650     0.0    0.0      1.38750   426718.
2024 05 12 00 10  0   0     5.51500       5.20200      -3.51700     -919.080     0.0    0.0      1.44060   391349.
2024 05 12 00 15  0   0     5.59700       4.74500      -2.53900     -933.920     0.0    0.0      1.64430   412685.
2024 05 12 00 20  0   0     5.85800       1.24200      -2.57100     -939.380     0.0    0.0      1.78370   404808.
2024 05 12 00 25  0   0     5.60400      -2.08900      -3.29800     -972.670     0.0    0.0      1.73640   353259.
2024 05 12 00 30  0   0     3.75700      -6.85100      -2.72400     -980.820     0.0    0.0      1.47660   201759.
2024 05 12 00 35  0   0     5.23100      -4.76700      -3.91300     -982.550     0.0    0.0      1.51830   158408.
2024 05 12 00 40  0   0     5.65800      -5.27600      -3.97800     -983.840     0.0    0.0      1.87940   107005.
2024 05 12 00 45  0   0     5.00200      -5.32200      -4.43600     -983.780     0.0    0.0      1.97760   105757.
2024 05 12 00 50  0   0     4.70000      -3.62200      -4.95000     -985.560     0.0    0.0      2.04680   163622.
2024 05 12 00 55  0   0     4.72200      -4.14300      -4.57400     -997.180     0.0    0.0      1.92390   130357.
2024 05 12 01 00  0   0     2.57100      -3.49000      -3.51300     -973.980     0.0    0.0      3.47230   130278.
2024 05 12 01 05  0   0     5.25400      -1.82200      -4.79500     -977.920     0.0    0.0      4.18860   103641.
2024 05 12 01 10  0   0     6.83900      0.358000      -3.34100     -972.860     0.0    0.0      3.24310   152015.
2024 05 12 01 15  0   0     6.50400     -0.821000      -2.88000     -970.030     0.0    0.0      4.38830   165631.
2024 05 12 01 20  0   0     6.30800      -1.72500      -2.26300     -973.860     0.0    0.0      4.34740   152253.
2024 05 12 01 25  0   0     5.80300       1.58200      -1.86600     -967.710     0.0    0.0      3.53720   159534.
2024 05 12 01 30  0   0     1.72000      0.890000      0.346000     -959.810     0.0    0.0      5.06570   129481.
2024 05 12 01 35  0   0    -3.74100      -4.68500      -2.24700     -957.450     0.0    0.0      6.47250   71118.0
2024 05 12 01 40  0   0    -2.39700      -4.66600      -2.63100     -957.010     0.0    0.0      6.71660   66971.0
2024 05 12 01 45  0   0   -0.336000      -5.14700      -3.34300     -943.610     0.0    0.0      6.75820   53584.0
2024 05 12 01 50  0   0    -2.08400      -7.09100      -2.13700     -938.110     0.0    0.0      3.47240   40129.0
2024 05 12 01 55  0   0    -2.37300      -7.25500      -2.11200     -936.300     0.0    0.0      3.37060   33774.0
2024 05 12 02 00  0   0    -2.02500      -7.55200      -1.73500     -934.050     0.0    0.0      4.01850   26377.0
2024 05 12 02 05  0   0    -1.70400      -7.13600      -2.49900     -931.020     0.0    0.0      4.86130   25490.0
2024 05 12 02 10  0   0    0.651000      -5.99100      -3.34300     -923.860     0.0    0.0      5.70130   34237.0
2024 05 12 02 15  0   0     2.47700      -4.97600      -3.85600     -915.780     0.0    0.0      6.96600   40634.0
2024 05 12 02 20  0   0     3.92700      -3.69300      -3.50000     -917.790     0.0    0.0      8.64040   42712.0
2024 05 12 02 25  0   0    0.303000      -2.37700     -0.317000     -914.650     0.0    0.0      9.67640   47662.0
2024 05 12 02 30  0   0    -5.52700       2.34900       4.04200     -932.530     0.0    0.0      4.28420   39519.0
2024 05 12 02 35  0   0    -5.37100       2.25400       3.73600     -930.740     0.0    0.0      4.94880   33701.0
2024 05 12 02 40  0   0    -5.28500       1.46400       3.86900     -932.200     0.0    0.0      4.84780   45974.0
2024 05 12 02 45  0   0    -5.14800       1.99600       4.16900     -932.650     0.0    0.0      4.13010   22040.0
2024 05 12 02 50  0   0    -5.56100       1.22600       3.45600     -927.190     0.0    0.0      4.43220   29249.0
2024 05 12 02 55  0   0    -5.34500       1.28400       3.34100     -929.860     0.0    0.0      5.25610   39047.0
2024 05 12 03 00  0   0    -5.18900       1.60300       2.82700     -937.560     0.0    0.0      5.66720   46927.0
2024 05 12 03 05  0   0    -5.30500     -0.612000      0.734000     -925.060     0.0    0.0      6.20950   65057.0
2024 05 12 03 10  0   0    -3.92000      -3.42300      -2.85700     -914.420     0.0    0.0      7.74370   48288.0
2024 05 12 03 15  0   0    -6.05000      -2.36900     -0.614000     -924.970     0.0    0.0      5.41060   56137.0
2024 05 12 03 20  0   0    -5.73700      -1.91900     -0.188000     -923.610     0.0    0.0      8.98440   55164.0
2024 05 12 03 25  0   0    -5.51700      0.108000       2.99000     -921.630     0.0    0.0      9.11160   41736.0
2024 05 12 03 30  0   0    -5.71400     -0.929000       1.49400     -924.830     0.0    0.0      9.71450   42215.0
2024 05 12 03 35  0   0    -5.71700   -0.00900000       1.79600     -920.950     0.0    0.0      9.76030   47776.0
2024 05 12 03 40  0   0    -6.44200    -0.0530000       1.75200     -919.980     0.0    0.0      8.05500   42126.0
2024 05 12 03 45  0   0    -6.59200     -0.113000       1.69400     -913.990     0.0    0.0      7.26310   42369.0
2024 05 12 03 50  0   0    -6.82200      0.157000       1.76200     -914.070     0.0    0.0      8.25500   36380.0
2024 05 12 03 55  0   0    -7.22400      -1.35600       2.07000     -912.790     0.0    0.0      6.18230   36732.0
2024 05 12 04 00  0   0    -6.90600      -1.70100       2.32900     -918.020     0.0    0.0      5.72740   27620.0
2024 05 12 04 05  0   0    -6.50100      -1.58300       2.86800     -915.600     0.0    0.0      6.30150   29685.0
2024 05 12 04 10  0   0    -6.47900      -1.52700       3.07600     -912.610     0.0    0.0      6.10090   26818.0
2024 05 12 04 15  0   0    -6.57800      -1.19300       2.93100     -913.920     0.0    0.0      5.71700   24765.0
2024 05 12 04 20  0   0    -6.36400     -0.188000       3.13100     -913.050     0.0    0.0      5.17090   40872.0
2024 05 12 04 25  0   0    -6.27900      0.331000       3.57600     -906.300     0.0    0.0      4.17340   35921.0
2024 05 12 04 30  0   0    -5.51200       1.39200       4.14400     -901.380     0.0    0.0      4.07720   29720.0
2024 05 12 04 35  0   0    -5.31800       1.06100       3.96400     -903.160     0.0    0.0      4.62430   32614.0
2024 05 12 04 40  0   0    -5.06100      0.988000       3.95300     -903.030     0.0    0.0      3.97800   28744.0
2024 05 12 04 45  0   0    -4.94800       1.03100       3.76400     -894.620     0.0    0.0      3.91640   23405.0
2024 05 12 04 50  0   0    -5.26400      0.653000       3.42300     -893.790     0.0    0.0      3.57720   18354.0
2024 05 12 04 55  0   0    -5.21500      0.632000       3.37500     -889.950     0.0    0.0      3.26270   20264.0
2024 05 12 05 00  0   0    -5.05600      0.703000       3.18000     -888.870     0.0    0.0      3.05340   17375.0
2024 05 12 05 05  0   0    -4.91300      0.223000       3.09900     -888.420     0.0    0.0      2.76540   21075.0
2024 05 12 05 10  0   0    -4.85600      0.176000       3.05900     -887.920     0.0    0.0      3.08660   20704.0
2024 05 12 05 15  0   0    -4.65300      0.863000       2.77900     -886.830     0.0    0.0      3.32390   31165.0
2024 05 12 05 20  0   0    -4.80400     0.0100000       2.79200     -881.170     0.0    0.0      3.11720   16093.0
2024 05 12 05 25  0   0    -4.77600      0.513000       2.80000     -879.090     0.0    0.0      3.09260   11365.0
2024 05 12 05 30  0   0    -4.72900       1.04300       2.50400     -877.490     0.0    0.0      3.26570   14647.0
2024 05 12 05 35  0   0    -4.69900       1.06400       2.49500     -872.630     0.0    0.0      3.00230   12918.0
2024 05 12 05 40  0   0    -4.64000       1.22600       2.39400     -873.980     0.0    0.0      3.47000   16669.0
2024 05 12 05 45  0   0    -4.71800       1.29000       2.31400     -872.740     0.0    0.0      3.59930   14219.0
2024 05 12 05 50  0   0    -4.75700      0.775000       2.29400     -873.310     0.0    0.0      3.07230   14353.0
2024 05 12 05 55  0   0    -4.81600    0.00200000       2.45800     -870.730     0.0    0.0      3.36120   12513.0
2024 05 12 06 00  0   0    -4.94400      0.736000       2.01800     -870.140     0.0    0.0      3.15140   14295.0
2024 05 12 06 05  0   0    -4.69300     -0.253000       2.49700     -868.710     0.0    0.0      3.92160   10786.0
2024 05 12 06 10  0   0    -4.09200     -0.747000       2.67200     -870.760     0.0    0.0      3.39500   10497.0
2024 05 12 06 15  0   0    -3.67700     -0.956000       2.80700     -873.810     0.0    0.0      2.66430   10437.0
2024 05 12 06 20  0   0    -3.79000     -0.972000       2.63400     -871.310     0.0    0.0      3.35010   10740.0
2024 05 12 06 25  0   0    -3.86000      -1.00100       2.39100     -868.770     0.0    0.0      3.21980   9050.00
2024 05 12 06 30  0   0    -3.90000      -1.12600       2.23000     -868.720     0.0    0.0      2.97610   9262.00
2024 05 12 06 35  0   0    -3.90100      -1.17200       2.05200     -869.800     0.0    0.0      3.09990   10741.0
2024 05 12 06 40  0   0    -4.15900      -1.03600      0.855000     -867.130     0.0    0.0      2.79920   20329.0
2024 05 12 06 45  0   0    -4.09000      -1.17100      0.898000     -866.180     0.0    0.0      2.80810   15829.0
2024 05 12 06 50  0   0    -4.09600      -1.36600      0.900000     -864.360     0.0    0.0      2.81570   23404.0
2024 05 12 06 55  0   0    -4.28600      -1.42700       1.00400     -862.070     0.0    0.0      2.86630   8656.00
2024 05 12 07 00  0   0    -4.32300     -0.412000       1.42100     -858.520     0.0    0.0      2.59810   12970.0
2024 05 12 07 05  0   0    -4.24000      0.226000       1.58700     -854.570     0.0    0.0      2.18410   12251.0
2024 05 12 07 10  0   0    -4.15000      0.473000       2.12100     -856.760     0.0    0.0      1.85020   11370.0
2024 05 12 07 15  0   0    -4.14300     -0.442000       1.46700     -849.650     0.0    0.0      2.32190   9200.00
2024 05 12 07 20  0   0    -4.21700      -1.41000      0.957000     -850.560     0.0    0.0      2.22730   10235.0
2024 05 12 07 25  0   0    -3.97900      -1.81800      0.897000     -850.930     0.0    0.0      1.78030   10414.0
2024 05 12 07 30  0   0    -4.03600      -1.39100      0.990000     -851.220     0.0    0.0      2.20780   10997.0
2024 05 12 07 35  0   0    -4.05800    -0.0450000       1.74100     -848.000     0.0    0.0      2.03220   9403.00
2024 05 12 07 40  0   0    -4.18400    -0.0110000       1.62600     -844.770     0.0    0.0      1.86880   7968.00
2024 05 12 07 45  0   0    -4.36000     -0.112000       1.40800     -843.450     0.0    0.0      2.23080   7840.00
2024 05 12 07 50  0   0    -4.33300     -0.407000       1.21000     -841.960     0.0    0.0      1.96970   8419.00
2024 05 12 07 55  0   0    -4.31000     -0.548000       1.16300     -841.420     0.0    0.0      2.09530   9096.00
2024 05 12 08 00  0   0    -4.26900     -0.451000       1.13400     -840.490     0.0    0.0      2.09060   7126.00
2024 05 12 08 05  0   0    -4.38800    -0.0870000       1.23400     -839.130     0.0    0.0      2.06780   7777.00
2024 05 12 08 10  0   0    -4.34500      0.101000       1.09300     -837.080     0.0    0.0      2.48350   7838.00
2024 05 12 08 15  0   0    -4.12100     0.0200000       1.85700     -834.510     0.0    0.0      2.25440   8094.00
2024 05 12 08 20  0   0    -4.54500     0.0330000       1.84200     -833.900     0.0    0.0      2.62200   7946.00
2024 05 12 08 25  0   0    -4.20600      0.450000       1.79200     -834.080     0.0    0.0      2.25440   9542.00
2024 05 12 08 30  0   0    -4.29100      0.551000       1.56200     -832.940     0.0    0.0      2.23670   10663.0
2024 05 12 08 35  0   0    -4.23400      0.276000       1.31800     -830.580     0.0    0.0      2.21300   9966.00
2024 05 12 08 40  0   0    -3.80700      0.958000       1.98400     -832.360     0.0    0.0      1.99580   8022.00
2024 05 12 08 45  0   0    -3.87900       1.04000       1.99700     -829.530     0.0    0.0      2.40910   8738.00
2024 05 12 08 50  0   0    -4.31100      0.734000       1.73600     -831.480     0.0    0.0      2.25480   12947.0
2024 05 12 08 55  0   0    -8.76500     -0.933000       4.60800     -861.950     0.0    0.0      2.98310   38726.0
2024 05 12 09 00  0   0    -9.85400      -1.99800       4.74900     -891.870     0.0    0.0      2.92090   80968.0
2024 05 12 09 05  0   0    -9.47900      -1.55400       4.84100     -899.560     0.0    0.0      2.03780   125683.
2024 05 12 09 10  0   0    -8.89200    -0.0860000       5.60500     -895.640     0.0    0.0      1.73750   129324.
2024 05 12 09 15  0   0    -7.70000       1.56300       7.63000     -908.850     0.0    0.0     0.929600   162104.
2024 05 12 09 20  0   0    -8.25500      0.825000       7.32000     -906.450     0.0    0.0      1.10760   129345.
2024 05 12 09 25  0   0    -7.82000       1.15500       7.11300     -906.760     0.0    0.0      1.06400   170148.
2024 05 12 09 30  0   0    -7.48400       2.30900       6.46400     -887.370     0.0    0.0      1.09640   160796.
2024 05 12 09 35  0   0    -8.48200       1.77100       6.44300     -885.160     0.0    0.0     0.657100   178236.
2024 05 12 09 40  0   0    -9.43100       1.06200       4.87800     -891.450     0.0    0.0     0.578800   190054.
2024 05 12 09 45  0   0    -7.56000       3.09700       7.46100     -897.800     0.0    0.0     0.460200   298694.
2024 05 12 09 50  0   0    -8.57600       2.76900       6.91000     -887.530     0.0    0.0     0.483900   249638.
2024 05 12 09 55  0   0    -6.33700       4.66900       7.23100     -891.930     0.0    0.0     0.513500   292697.
2024 05 12 10 00  0   0    -7.04700       4.33200       6.52200     -897.740     0.0    0.0     0.283800   498051.
2024 05 12 10 05  0   0    -8.11900       3.58200       5.92700     -895.620     0.0    0.0     0.415700   335601.
2024 05 12 10 10  0   0    -8.69100       2.11000       6.00500     -887.360     0.0    0.0     0.470600   301289.
2024 05 12 10 15  0   0    -8.73200       1.74400       5.57700     -885.680     0.0    0.0     0.483300   287293.
2024 05 12 10 20  0   0    -8.26800       3.04400       5.90500     -878.080     0.0    0.0     0.719700   259985.
2024 05 12 10 30  0   0    -9.36100       1.42700       4.29000     -862.140     0.0    0.0     0.692900   465137.
2024 05 12 10 35  0   0    -8.92000     -0.154000       5.09900     -879.800     0.0    0.0     0.677000   440233.
2024 05 12 10 40  0   0    -8.71500      -1.26700       5.23300     -875.240     0.0    0.0     0.677100   430902.
2024 05 12 10 45  0   0    -8.44700     -0.685000       5.71300     -870.120     0.0    0.0     0.706300   415377.
2024 05 12 10 50  0   0    -8.99600     -0.859000       4.31300     -856.980     0.0    0.0     0.737800   418123.
2024 05 12 10 55  0   0    -9.07500      -1.92000       3.08500     -859.850     0.0    0.0     0.637000   399399.
2024 05 12 11 00  0   0    -8.48800       1.12800       4.22700     -852.640     0.0    0.0     0.761900   299104.
2024 05 12 11 05  0   0    -7.45100       3.57800       4.90700     -860.970     0.0    0.0     0.681700   327027.
2024 05 12 11 10  0   0    -8.08300       2.63500       4.21600     -855.990     0.0    0.0     0.795800   326937.
2024 05 12 11 15  0   0    -8.40100      -1.42000       3.58600     -858.950     0.0    0.0     0.862200   351012.
2024 05 12 11 25  0   0    -8.41400      0.323000       4.10700     -868.180     0.0    0.0     0.723500   450528.
2024 05 12 11 35  0   0    -8.31500       2.02400       3.84400     -867.110     0.0    0.0     0.710800   433388.
2024 05 12 11 45  0   0    -8.44700     0.0290000       2.67700     -875.650     0.0    0.0     0.700800   453987.
2024 05 12 11 50  0   0    -7.98700       1.65000       2.97400     -869.840     0.0    0.0     0.702600   427493.
2024 05 12 11 55  0   0    -7.58800       2.25200       3.28200     -866.750     0.0    0.0     0.742700   425702.
2024 05 12 12 25  0   0    -7.26400       2.43600       2.28800     -877.810     0.0    0.0     0.746800   511431.
2024 05 12 12 30  0   0    -7.68700       1.84900      0.488000     -870.640     0.0    0.0     0.742000   584442.
2024 05 12 12 35  0   0    -7.93800      0.735000      0.465000     -867.550     0.0    0.0     0.699700   626837.
2024 05 12 12 40  0   0    -7.33700       1.68800       2.27600     -876.050     0.0    0.0     0.720800   553642.
2024 05 12 12 45  0   0    -7.51300      0.720000       1.71900     -868.350     0.0    0.0     0.712000   567323.
2024 05 12 12 55  0   0    -7.21300      0.464000       1.45200     -863.060     0.0    0.0     0.715700   675728.
2024 05 12 13 00  0   0    -6.80300       1.15700       1.79900     -847.310     0.0    0.0     0.626400   677742.
2024 05 12 13 10  0   0    -6.82500       1.37000      0.344000     -863.220     0.0    0.0     0.724800   759765.
2024 05 12 13 15  0   0    -6.72500       1.55000      0.644000     -864.990     0.0    0.0     0.706900   698929.
2024 05 12 13 20  0   0    -6.65600       1.55500      0.489000     -866.640     0.0    0.0     0.690700   716783.
2024 05 12 13 30  0   0    -6.32800       2.06400      0.275000     -868.020     0.0    0.0     0.733100   722813.
2024 05 12 13 35  0   0    -6.21700       2.20600     0.0890000     -861.520     0.0    0.0     0.721600   640867.
2024 05 12 13 40  0   0    -5.94700       2.49500      0.758000     -859.120     0.0    0.0     0.699400   665707.
2024 05 12 13 45  0   0    -5.61400       2.77900      0.987000     -827.210     0.0    0.0     0.616800   645087.
2024 05 12 13 50  0   0    -5.72400       2.36900      0.582000     -854.160     0.0    0.0     0.740500   742804.
2024 05 12 13 55  0   0    -5.28300       3.21200     -0.883000     -813.400     0.0    0.0     0.507100   668922.
2024 05 12 14 00  0   0    -5.69100       2.54400    -0.0810000     -834.740     0.0    0.0     0.594600   737663.
2024 05 12 14 05  0   0    -5.43200       2.32900     -0.611000     -856.570     0.0    0.0     0.684000   821150.
2024 05 12 14 15  0   0    -4.87800       2.78700      -1.60200     -865.750     0.0    0.0     0.730900   806147.
2024 05 12 14 20  0   0    -4.05100       3.58500      -1.76300     -861.500     0.0    0.0     0.666700   700918.
2024 05 12 14 25  0   0    -3.96400       4.03400      -1.39400     -877.540     0.0    0.0     0.711000   683534.
2024 05 12 14 30  0   0    -4.15600       3.29900      -2.48100     -873.100     0.0    0.0     0.700300   754842.
2024 05 12 14 35  0   0   -0.838000       3.43200      -3.97800     -913.530     0.0    0.0     0.651400   652571.
2024 05 12 14 40  0   0    -2.73200       2.97900      -3.17400     -880.860     0.0    0.0     0.618700   625608.
2024 05 12 14 45  0   0     1.11100       2.51600      -3.62100     -936.220     0.0    0.0     0.624700   681137.
2024 05 12 14 50  0   0     2.97400       2.45000      -1.96900     -948.060     0.0    0.0     0.559300   770158.
2024 05 12 14 55  0   0   -0.775000       3.13400      -3.14200     -913.550     0.0    0.0     0.702400   630283.
2024 05 12 15 00  0   0    -3.87700       4.03000     -0.560000     -860.990     0.0    0.0     0.765300   686842.
2024 05 12 15 05  0   0    -3.83100       4.10700      0.621000     -854.130     0.0    0.0     0.715600   669668.
2024 05 12 15 10  0   0    -3.50200       4.40000      0.709000     -856.160     0.0    0.0     0.712000   668858.
2024 05 12 15 15  0   0    -2.04800       4.82000       1.33300     -871.280     0.0    0.0     0.784800   586938.
2024 05 12 15 20  0   0    -2.59200       4.40000       2.12900     -850.360     0.0    0.0     0.660500   552540.
2024 05 12 15 25  0   0    -4.27500       3.92400      0.547000     -845.100     0.0    0.0     0.753000   706311.
2024 05 12 15 40  0   0    -3.48200       3.98200      0.885000     -837.560     0.0    0.0     0.715600   628245.
2024 05 12 15 50  0   0    -4.25800       3.92100       1.64000     -825.090     0.0    0.0     0.770000   649510.
2024 05 12 16 00  0   0    -3.06200       1.96800       2.79100     -845.820     0.0    0.0     0.789900   678523.
2024 05 12 16 05  0   0    -2.99500       1.00000       3.61400     -845.860     0.0    0.0     0.686400   655444.
2024 05 12 16 10  0   0    -2.38000       4.41600       1.76100     -841.230     0.0    0.0     0.855000   615356.
2024 05 12 16 15  0   0    -4.27200       3.33700      0.228000     -812.630     0.0    0.0     0.848100   607246.
2024 05 12 16 20  0   0    -2.11200       4.52500     -0.412000     -852.340     0.0    0.0     0.881700   638337.
2024 05 12 16 25  0   0    -2.52300       4.09400      0.952000     -801.710     0.0    0.0     0.672300   630444.
2024 05 12 16 30  0   0    -3.42800       2.99800       1.97600     -836.820     0.0    0.0     0.894000   725466.
2024 05 12 16 35  0   0    -3.54200       3.57400       1.05400     -831.620     0.0    0.0     0.969200   760457.
2024 05 12 16 50  0   0    -2.87600       3.04400      0.811000     -860.050     0.0    0.0      1.07390   782796.
2024 05 12 16 55  0   0    -1.04800       3.96800      -1.89500     -883.780     0.0    0.0      1.08710   792650.
2024 05 12 17 00  0   0    -3.75300       4.29600     -0.375000     -831.080     0.0    0.0     0.914400   629683.
2024 05 12 17 05  0   0    -3.38400       4.61200     -0.782000     -870.960     0.0    0.0      1.13300   799507.
2024 05 12 17 10  0   0    -2.62800       5.31800     -0.611000     -860.110     0.0    0.0      1.18660   772916.
2024 05 12 17 15  0   0    -1.80500       5.25900     -0.478000     -875.080     0.0    0.0      1.19810   783510.
2024 05 12 17 20  0   0   0.0550000       5.52100     -0.485000     -893.960     0.0    0.0      1.14100   773809.
2024 05 12 17 25  0   0     1.02700       5.28500     -0.975000     -896.830     0.0    0.0      1.13430   777487.
2024 05 12 17 30  0   0     3.71500       2.86500      -2.17300     -906.150     0.0    0.0      1.20300   864430.
2024 05 12 17 35  0   0     1.01400       5.82300      -1.08300     -899.760     0.0    0.0      1.06070   698389.
2024 05 12 17 40  0   0   0.0580000       6.04900      -1.80000     -892.460     0.0    0.0      1.03610   682442.
2024 05 12 17 45  0   0     1.87700       4.55600     -0.931000     -887.860     0.0    0.0      1.12400   758529.
2024 05 12 17 50  0   0     3.49200       4.42200     -0.854000     -891.910     0.0    0.0      1.13050   831288.
2024 05 12 17 55  0   0     1.72300       5.11700      -1.90500     -889.900     0.0    0.0      1.17810   760651.
2024 05 12 18 00  0   0     1.87000       5.49600      -1.06900     -889.950     0.0    0.0      1.20040   753385.
2024 05 12 18 05  0   0     3.77800       3.43800       4.73400     -911.450     0.0    0.0      1.44900   561539.
2024 05 12 18 10  0   0     1.89200       7.21200       1.87500     -890.020     0.0    0.0      1.54270   497853.
2024 05 12 18 15  0   0    0.517000       6.59600      -1.88200     -896.460     0.0    0.0      1.30580   642762.
2024 05 12 18 20  0   0     1.26900       5.92800       1.44300     -895.200     0.0    0.0      1.44320   651018.
2024 05 12 18 25  0   0   -0.173000       5.48000      -1.31900     -887.530     0.0    0.0      1.38160   660400.
2024 05 12 18 30  0   0    -2.00400       5.98300     -0.373000     -875.720     0.0    0.0      1.38940   627752.
2024 05 12 18 35  0   0    -3.28200       5.55400      -2.14500     -863.680     0.0    0.0      1.40180   597970.
2024 05 12 18 40  0   0    -3.34200       5.44700      -2.05800     -862.740     0.0    0.0      1.48770   582949.
2024 05 12 18 45  0   0    -2.35300       5.67500      -1.43400     -856.420     0.0    0.0      1.55050   670973.
2024 05 12 18 50  0   0    -1.36000       6.34800      -2.70800     -857.000     0.0    0.0      1.31230   690588.
2024 05 12 18 55  0   0    -1.40600       5.81800      -2.63800     -852.970     0.0    0.0      1.33680   722067.
2024 05 12 19 00  0   0   -0.995000       6.33300     -0.679000     -850.260     0.0    0.0      1.34020   712398.
2024 05 12 19 05  0   0    -1.18000       6.78000     -0.138000     -851.260     0.0    0.0      1.32710   682218.
2024 05 12 19 10  0   0   -0.718000       6.40500      0.272000     -851.630     0.0    0.0      1.43530   635374.
2024 05 12 19 15  0   0    0.363000       6.39500     -0.113000     -858.970     0.0    0.0      1.46640   656766.
2024 05 12 19 20  0   0   -0.377000       5.78500      -1.05700     -860.140     0.0    0.0      1.66050   568699.
2024 05 12 19 25  0   0    -1.22100       5.88600      -1.54500     -851.460     0.0    0.0      1.56120   623942.
2024 05 12 19 30  0   0   -0.863000       5.68100      -2.43200     -858.080     0.0    0.0      1.77030   524156.
2024 05 12 19 35  0   0   -0.295000       5.53200      -1.95800     -856.260     0.0    0.0      1.69620   577100.
2024 05 12 19 40  0   0    -1.09800       4.69900      -4.64600     -867.150     0.0    0.0      1.95630   374677.
2024 05 12 19 45  0   0   -0.652000       4.51300      -4.78300     -856.120     0.0    0.0      1.76720   397751.
2024 05 12 19 50  0   0    0.394000       4.60000      -4.33800     -834.750     0.0    0.0      1.66370   480333.
2024 05 12 19 55  0   0    0.534000       4.90000      -4.25700     -843.720     0.0    0.0      1.56150   503594.
2024 05 12 20 00  0   0   -0.787000       4.87200      -4.39000     -841.540     0.0    0.0      1.50410   493383.
2024 05 12 20 05  0   0  -0.0350000       5.81300      -3.96300     -834.940     0.0    0.0      1.73740   377935.
2024 05 12 20 10  0   0    0.513000       6.34200      -3.90900     -846.670     0.0    0.0      1.64700   288372.
2024 05 12 20 15  0   0    0.974000       6.43000      -4.25200     -845.690     0.0    0.0      1.62370   263132.
2024 05 12 20 20  0   0    0.561000       6.07000      -4.57700     -841.540     0.0    0.0      1.54820   258411.
2024 05 12 20 25  0   0   -0.323000       5.77000      -5.06200     -835.690     0.0    0.0      1.76360   174380.
2024 05 12 20 30  0   0    -1.51800       5.36000      -4.53800     -820.820     0.0    0.0      2.23780   135609.
2024 05 12 20 35  0   0    -1.72500       2.21400      -6.89900     -818.240     0.0    0.0      1.73830   166638.
2024 05 12 20 40  0   0    -1.03100       2.14000      -7.11300     -823.420     0.0    0.0      1.77270   152073.
2024 05 12 20 45  0   0   -0.376000       5.01700      -6.05300     -824.630     0.0    0.0      2.53060   89745.0
2024 05 12 20 50  0   0    0.151000       5.29100      -5.95000     -828.730     0.0    0.0      2.28190   114122.
2024 05 12 20 55  0   0    -1.52600       5.99900      -6.33600     -813.630     0.0    0.0      2.15280   80489.0
2024 05 12 21 00  0   0    -2.93800       5.67800      -6.24700     -806.510     0.0    0.0      2.37450   90193.0
2024 05 12 21 05  0   0    -2.59100       3.57200      -7.85600     -811.640     0.0    0.0      1.92420   105413.
2024 05 12 21 10  0   0    -2.66300       3.51100      -8.08400     -807.730     0.0    0.0      1.86690   105564.
2024 05 12 21 15  0   0    -2.56600       3.15800      -8.40000     -806.150     0.0    0.0      1.82780   136227.
2024 05 12 21 20  0   0    -2.86600       3.69300      -8.07400     -799.980     0.0    0.0      2.84540   109359.
2024 05 12 21 25  0   0    -1.84100       4.62100      -8.19700     -812.630     0.0    0.0      2.92330   103867.
2024 05 12 21 30  0   0    -1.88300       4.29300      -8.58100     -801.770     0.0    0.0      3.12180   101986.
2024 05 12 21 35  0   0    -2.60600       5.15400      -7.69000     -796.360     0.0    0.0      3.93440   105648.
2024 05 12 21 40  0   0    -1.79600       5.39900      -7.60500     -802.820     0.0    0.0      4.04650   102582.
2024 05 12 21 45  0   0    -3.13000       4.91600      -7.30400     -806.920     0.0    0.0      5.10360   84220.0
2024 05 12 21 50  0   0    -4.51200      -4.35100      -7.06900     -802.190     0.0    0.0      3.91110   99867.0
2024 05 12 21 55  0   0  -0.0970000      -8.35700       1.10700     -806.500     0.0    0.0      4.08330   69797.0
2024 05 12 22 00  0   0   -0.159000      -6.41600       1.50400     -809.980     0.0    0.0      4.78500   100733.
2024 05 12 22 05  0   0    0.964000       2.79800       2.87100     -821.770     0.0    0.0      3.58740   156731.
2024 05 12 22 10  0   0     5.01500      0.175000       8.98900     -844.580     0.0    0.0      4.59920   99207.0
2024 05 12 22 15  0   0     5.07600       4.94100       7.54500     -846.320     0.0    0.0      3.69730   103977.
2024 05 12 22 20  0   0     5.29300       6.30600       6.26500     -843.470     0.0    0.0      3.88260   104964.
2024 05 12 22 25  0   0     4.56300       7.57500       2.05900     -843.940     0.0    0.0      4.69990   96116.0
2024 05 12 22 30  0   0     3.87700       6.19100       3.52400     -850.470     0.0    0.0      4.97480   88098.0
2024 05 12 22 35  0   0     4.59000       5.87200       3.29800     -848.960     0.0    0.0      2.78290   173935.
2024 05 12 22 40  0   0     2.73400       3.57500       3.07500     -869.000     0.0    0.0      3.49120   144768.
2024 05 12 22 45  0   0    -1.17200       5.97700      -1.12400     -834.100     0.0    0.0      6.08740   44606.0
2024 05 12 22 50  0   0    -4.09200       6.64500     -0.596000     -821.090     0.0    0.0      6.54620   46659.0
2024 05 12 22 55  0   0    -4.69900       6.37800    -0.0820000     -814.780     0.0    0.0      8.34890   50230.0
2024 05 12 23 00  0   0    -3.48200       6.54600      0.680000     -803.380     0.0    0.0      10.5373   53822.0
2024 05 12 23 05  0   0    -5.02500       5.71100     -0.372000     -802.070     0.0    0.0      11.0188   65070.0
2024 05 12 23 10  0   0    -5.55900       4.47900     -0.865000     -798.110     0.0    0.0      11.8738   85361.0
2024 05 12 23 15  0   0    -6.78300       1.59800      0.506000     -790.970     0.0    0.0      12.1083   115781.
2024 05 12 23 20  0   0    -6.87600       3.11500       2.23200     -798.160     0.0    0.0      10.2292   96644.0
2024 05 12 23 25  0   0    -5.98300       5.32000       2.28600     -808.270     0.0    0.0      7.44000   54008.0
2024 05 12 23 30  0   0    -5.92700       5.46700       2.17100     -811.730     0.0    0.0      6.65070   43010.0
2024 05 12 23 35  0   0    -5.43500       6.37400       1.84800     -817.070     0.0    0.0      7.10630   35557.0
2024 05 12 23 40  0   0    -5.79700       6.01600       1.11400     -810.600     0.0    0.0      7.23290   51502.0
2024 05 12 23 45  0   0    -7.38600       3.66300       2.01900     -813.300     0.0    0.0      7.30400   58397.0
2024 05 12 23 50  0   0    -7.69100       3.86600       1.63000     -814.990     0.0    0.0      6.98950   54169.0
2024 05 12 23 55  0   0    -7.92800       3.61600      0.705000     -812.970     0.0    0.0      7.61010   57193.0
2024 05 13 00 00  0   0    -7.91700       3.42500      0.446000     -812.830     0.0    0.0      8.03820   56944.0
