Hourly Dst obtained from minute resolution SYMH
year mo dy hr dst
2006 12 14 07   -13.00
2006 12 14 08   -11.70
2006 12 14 09   -13.93
2006 12 14 10   -12.35
2006 12 14 11   -13.68
2006 12 14 12    -9.27
2006 12 14 13    -9.97
2006 12 14 14   -11.15
2006 12 14 15     1.62
2006 12 14 16     1.67
2006 12 14 17   -13.75
2006 12 14 18   -12.72
2006 12 14 19   -20.02
2006 12 14 20    -9.20
2006 12 14 21    -1.15
2006 12 14 22     4.92
2006 12 14 23   -17.15
2006 12 15 00   -84.73
2006 12 15 01  -191.77
2006 12 15 02  -173.97
2006 12 15 03  -169.70
2006 12 15 04  -182.78
2006 12 15 05  -165.20
2006 12 15 06  -153.47
2006 12 15 07  -148.28
2006 12 15 08  -140.53
2006 12 15 09  -126.43
2006 12 15 10   -90.15
2006 12 15 11   -89.03
2006 12 15 12   -80.60
2006 12 15 13   -51.58
2006 12 15 14   -66.62
2006 12 15 15   -69.10
2006 12 15 16   -68.40
2006 12 15 17   -68.80
2006 12 15 18   -73.55
2006 12 15 19   -73.17
2006 12 15 20   -67.80
2006 12 15 21   -66.12
2006 12 15 22   -57.22
2006 12 15 23   -58.47
